0000000000000
0000000001110
0000000010011
0000000011101
0000000100101
0000000101011
0000000110110
0000000111000
0001111000111
0001111001001
0001111010100
0001111011010
0001111100010
0001111101100
0001111110001
0001111111111
0010011000111
0010011001001
0010011010100
0010011011010
0010011100010
0010011101100
0010011110001
0010011111111
0011100000000
0011100001110
0011100010011
0011100011101
0011100100101
0011100101011
0011100110110
0011100111000
0100110000000
0100110001110
0100110010011
0100110011101
0100110100101
0100110101011
0100110110110
0100110111000
0101001000111
0101001001001
0101001010100
0101001011010
0101001100010
0101001101100
0101001110001
0101001111111
0110101000111
0110101001001
0110101010100
0110101011010
0110101100010
0110101101100
0110101110001
0110101111111
0111010000000
0111010001110
0111010010011
0111010011101
0111010100101
0111010101011
0111010110110
0111010111000
1000101000111
1000101001001
1000101010100
1000101011010
1000101100010
1000101101100
1000101110001
1000101111111
1001010000000
1001010001110
1001010010011
1001010011101
1001010100101
1001010101011
1001010110110
1001010111000
1010110000000
1010110001110
1010110010011
1010110011101
1010110100101
1010110101011
1010110110110
1010110111000
1011001000111
1011001001001
1011001010100
1011001011010
1011001100010
1011001101100
1011001110001
1011001111111
1100011000111
1100011001001
1100011010100
1100011011010
1100011100010
1100011101100
1100011110001
1100011111111
1101100000000
1101100001110
1101100010011
1101100011101
1101100100101
1101100101011
1101100110110
1101100111000
1110000000000
1110000001110
1110000010011
1110000011101
1110000100101
1110000101011
1110000110110
1110000111000
1111111000111
1111111001001
1111111010100
1111111011010
1111111100010
1111111101100
1111111110001
1111111111111