000001011111
000001110011
000010111100
000011000000
000011011001
000100010000
000101101100
000110001111
000110100011
000111010011
001000001001
001000100101
001010011110
001011000110
001011101010
001100010110
001100111010
001101001110
001111010001
001111111101
010000000110
010000101010
010010010001
010011101101
010100111101
010101000001
010111011110
010111110010
011000000100
011001011000
011001110100
011010010111
011010111011
011011001111
011100011001
011101000111
011101101011
011110001000
011110100100
100001010101
100001111001
100010011010
100010110110
100011101000
100100111110
100101001010
100101100110
100110000101
100110101001
100111110101
101000000011
101000101111
101010110000
101011001100
101100011100
101101100000
101111011011
101111110111
110000001100
110000100000
110010111111
110011001011
110011100111
110100011011
110100110111
110101101111
110111010100
110111111000
111000100010
111001010010
111001111110
111010011101
111011100001
111100101000
111100110001
111101001101
111110000010
111110101110