00000000000
00001011110
00001110111
00010001011
00010100010
00011111100
00100111110
00101001001
00101100000
00110010101
00111101011
01000001101
01000100100
01001010011
01010101111
01011011000
01011110001
01100011010
01100110011
01101101101
01110111000
01111000110
10000111001
10001000111
10010010010
10011001100
10011100101
10100001110
10100100111
10101010000
10110101100
10111011011
10111110010
11000010100
11001101010
11010011111
11010110110
11011000001
11100000011
11101011101
11101110100
11110001000
11110100001
11111111111