0000000000001
0000000000110
0000011111001
0000011111110
0000022222001
0000022222110
0000102201011
0000102201100
0000110012011
0000110012100
0000121120011
0000121120100
0000201102000
0000201102010
0000201102101
0000201102111
0000212210000
0000212210010
0000212210101
0000212210111
0000220021000
0000220021010
0000220021101
0000220021111
0001001022011
0001001022100
0001012100011
0001012100100
0001020211011
0001020211100
0001100220000
0001100220010
0001100220101
0001100220111
0001111001000
0001111001010
0001111001101
0001111001111
0001122112000
0001122112010
0001122112101
0001122112111
0001202121001
0001202121110
0001210202001
0001210202110
0001221010001
0001221010110
0002002011000
0002002011010
0002002011101
0002002011111
0002010122000
0002010122010
0002010122101
0002010122111
0002021200000
0002021200010
0002021200101
0002021200111
0002101212001
0002101212110
0002112020001
0002112020110
0002120101001
0002120101110
0002200110011
0002200110100
0002211221011
0002211221100
0002222002011
0002222002100
0010000121011
0010000121100
0010011202011
0010011202100
0010022010011
0010022010100
0010102022000
0010102022010
0010102022101
0010102022111
0010110100000
0010110100010
0010110100101
0010110100111
0010121211000
0010121211010
0010121211101
0010121211111
0010201220001
0010201220110
0010212001001
0010212001110
0010220112001
0010220112110
0011001110000
0011001110010
0011001110101
0011001110111
0011012221000
0011012221010
0011012221101
0011012221111
0011020002000
0011020002010
0011020002101
0011020002111
0011100011001
0011100011110
0011111122001
0011111122110
0011122200001
0011122200110
0011202212011
0011202212100
0011210020011
0011210020100
0011221101011
0011221101100
0012002102001
0012002102110
0012010210001
0012010210110
0012021021001
0012021021110
0012101000011
0012101000100
0012112111011
0012112111100
0012120222011
0012120222100
0012200201000
0012200201010
0012200201101
0012200201111
0012211012000
0012211012010
0012211012101
0012211012111
0012222120000
0012222120010
0012222120101
0012222120111
0020000212000
0020000212010
0020000212101
0020000212111
0020011020000
0020011020010
0020011020101
0020011020111
0020022101000
0020022101010
0020022101101
0020022101111
0020102110001
0020102110110
0020110221001
0020110221110
0020121002001
0020121002110
0020201011011
0020201011100
0020212122011
0020212122100
0020220200011
0020220200100
0021001201001
0021001201110
0021012012001
0021012012110
0021020120001
0021020120110
0021100102011
0021100102100
0021111210011
0021111210100
0021122021011
0021122021100
0021202000000
0021202000010
0021202000101
0021202000111
0021210111000
0021210111010
0021210111101
0021210111111
0021221222000
0021221222010
0021221222101
0021221222111
0022002220011
0022002220100
0022010001011
0022010001100
0022021112011
0022021112100
0022101121000
0022101121010
0022101121101
0022101121111
0022112202000
0022112202010
0022112202101
0022112202111
0022120010000
0022120010010
0022120010101
0022120010111
0022200022001
0022200022110
0022211100001
0022211100110
0022222211001
0022222211110
0100001210011
0100001210100
0100012021011
0100012021100
0100020102011
0100020102100
0100100111000
0100100111010
0100100111101
0100100111111
0100111222000
0100111222010
0100111222101
0100111222111
0100122000000
0100122000010
0100122000101
0100122000111
0100202012001
0100202012110
0100210120001
0100210120110
0100221201001
0100221201110
0101002202000
0101002202010
0101002202101
0101002202111
0101010010000
0101010010010
0101010010101
0101010010111
0101021121000
0101021121010
0101021121101
0101021121111
0101101100001
0101101100110
0101112211001
0101112211110
0101120022001
0101120022110
0101200001011
0101200001100
0101211112011
0101211112100
0101222220011
0101222220100
0102000221001
0102000221110
0102011002001
0102011002110
0102022110001
0102022110110
0102102122011
0102102122100
0102110200011
0102110200100
0102121011011
0102121011100
0102201020000
0102201020010
0102201020101
0102201020111
0102212101000
0102212101010
0102212101101
0102212101111
0102220212000
0102220212010
0102220212101
0102220212111
0110001001000
0110001001010
0110001001101
0110001001111
0110012112000
0110012112010
0110012112101
0110012112111
0110020220000
0110020220010
0110020220101
0110020220111
0110100202001
0110100202110
0110111010001
0110111010110
0110122121001
0110122121110
0110202100011
0110202100100
0110210211011
0110210211100
0110221022011
0110221022100
0111002020001
0111002020110
0111010101001
0111010101110
0111021212001
0111021212110
0111101221011
0111101221100
0111112002011
0111112002100
0111120110011
0111120110100
0111200122000
0111200122010
0111200122101
0111200122111
0111211200000
0111211200010
0111211200101
0111211200111
0111222011000
0111222011010
0111222011101
0111222011111
0112000012011
0112000012100
0112011120011
0112011120100
0112022201011
0112022201100
0112102210000
0112102210010
0112102210101
0112102210111
0112110021000
0112110021010
0112110021101
0112110021111
0112121102000
0112121102010
0112121102101
0112121102111
0112201111001
0112201111110
0112212222001
0112212222110
0112220000001
0112220000110
0120001122001
0120001122110
0120012200001
0120012200110
0120020011001
0120020011110
0120100020011
0120100020100
0120111101011
0120111101100
0120122212011
0120122212100
0120202221000
0120202221010
0120202221101
0120202221111
0120210002000
0120210002010
0120210002101
0120210002111
0120221110000
0120221110010
0120221110101
0120221110111
0121002111011
0121002111100
0121010222011
0121010222100
0121021000011
0121021000100
0121101012000
0121101012010
0121101012101
0121101012111
0121112120000
0121112120010
0121112120101
0121112120111
0121120201000
0121120201010
0121120201101
0121120201111
0121200210001
0121200210110
0121211021001
0121211021110
0121222102001
0121222102110
0122000100000
0122000100010
0122000100101
0122000100111
0122011211000
0122011211010
0122011211101
0122011211111
0122022022000
0122022022010
0122022022101
0122022022111
0122102001001
0122102001110
0122110112001
0122110112110
0122121220001
0122121220110
0122201202011
0122201202100
0122212010011
0122212010100
0122220121011
0122220121100
0200002120000
0200002120010
0200002120101
0200002120111
0200010201000
0200010201010
0200010201101
0200010201111
0200021012000
0200021012010
0200021012101
0200021012111
0200101021001
0200101021110
0200112102001
0200112102110
0200120210001
0200120210110
0200200222011
0200200222100
0200211000011
0200211000100
0200222111011
0200222111100
0201000112001
0201000112110
0201011220001
0201011220110
0201022001001
0201022001110
0201102010011
0201102010100
0201110121011
0201110121100
0201121202011
0201121202100
0201201211000
0201201211010
0201201211101
0201201211111
0201212022000
0201212022010
0201212022101
0201212022111
0201220100000
0201220100010
0201220100101
0201220100111
0202001101011
0202001101100
0202012212011
0202012212100
0202020020011
0202020020100
0202100002000
0202100002010
0202100002101
0202100002111
0202111110000
0202111110010
0202111110101
0202111110111
0202122221000
0202122221010
0202122221101
0202122221111
0202202200001
0202202200110
0202210011001
0202210011110
0202221122001
0202221122110
0210002211001
0210002211110
0210010022001
0210010022110
0210021100001
0210021100110
0210101112011
0210101112100
0210112220011
0210112220100
0210120001011
0210120001100
0210200010000
0210200010010
0210200010101
0210200010111
0210211121000
0210211121010
0210211121101
0210211121111
0210222202000
0210222202010
0210222202101
0210222202111
0211000200011
0211000200100
0211011011011
0211011011100
0211022122011
0211022122100
0211102101000
0211102101010
0211102101101
0211102101111
0211110212000
0211110212010
0211110212101
0211110212111
0211121020000
0211121020010
0211121020101
0211121020111
0211201002001
0211201002110
0211212110001
0211212110110
0211220221001
0211220221110
0212001222000
0212001222010
0212001222101
0212001222111
0212012000000
0212012000010
0212012000101
0212012000111
0212020111000
0212020111010
0212020111101
0212020111111
0212100120001
0212100120110
0212111201001
0212111201110
0212122012001
0212122012110
0212202021011
0212202021100
0212210102011
0212210102100
0212221210011
0212221210100
0220002002011
0220002002100
0220010110011
0220010110100
0220021221011
0220021221100
0220101200000
0220101200010
0220101200101
0220101200111
0220112011000
0220112011010
0220112011101
0220112011111
0220120122000
0220120122010
0220120122101
0220120122111
0220200101001
0220200101110
0220211212001
0220211212110
0220222020001
0220222020110
0221000021000
0221000021010
0221000021101
0221000021111
0221011102000
0221011102010
0221011102101
0221011102111
0221022210000
0221022210010
0221022210101
0221022210111
0221102222001
0221102222110
0221110000001
0221110000110
0221121111001
0221121111110
0221201120011
0221201120100
0221212201011
0221212201100
0221220012011
0221220012100
0222001010001
0222001010110
0222012121001
0222012121110
0222020202001
0222020202110
0222100211011
0222100211100
0222111022011
0222111022100
0222122100011
0222122100100
0222202112000
0222202112010
0222202112101
0222202112111
0222210220000
0222210220010
0222210220101
0222210220111
0222221001000
0222221001010
0222221001101
0222221001111
1000002112011
1000002112100
1000010220011
1000010220100
1000021001011
1000021001100
1000101010000
1000101010010
1000101010101
1000101010111
1000112121000
1000112121010
1000112121101
1000112121111
1000120202000
1000120202010
1000120202101
1000120202111
1000200211001
1000200211110
1000211022001
1000211022110
1000222100001
1000222100110
1001000101000
1001000101010
1001000101101
1001000101111
1001011212000
1001011212010
1001011212101
1001011212111
1001022020000
1001022020010
1001022020101
1001022020111
1001102002001
1001102002110
1001110110001
1001110110110
1001121221001
1001121221110
1001201200011
1001201200100
1001212011011
1001212011100
1001220122011
1001220122100
1002001120001
1002001120110
1002012201001
1002012201110
1002020012001
1002020012110
1002100021011
1002100021100
1002111102011
1002111102100
1002122210011
1002122210100
1002202222000
1002202222010
1002202222101
1002202222111
1002210000000
1002210000010
1002210000101
1002210000111
1002221111000
1002221111010
1002221111101
1002221111111
1010002200000
1010002200010
1010002200101
1010002200111
1010010011000
1010010011010
1010010011101
1010010011111
1010021122000
1010021122010
1010021122101
1010021122111
1010101101001
1010101101110
1010112212001
1010112212110
1010120020001
1010120020110
1010200002011
1010200002100
1010211110011
1010211110100
1010222221011
1010222221100
1011000222001
1011000222110
1011011000001
1011011000110
1011022111001
1011022111110
1011102120011
1011102120100
1011110201011
1011110201100
1011121012011
1011121012100
1011201021000
1011201021010
1011201021101
1011201021111
1011212102000
1011212102010
1011212102101
1011212102111
1011220210000
1011220210010
1011220210101
1011220210111
1012001211011
1012001211100
1012012022011
1012012022100
1012020100011
1012020100100
1012100112000
1012100112010
1012100112101
1012100112111
1012111220000
1012111220010
1012111220101
1012111220111
1012122001000
1012122001010
1012122001101
1012122001111
1012202010001
1012202010110
1012210121001
1012210121110
1012221202001
1012221202110
1020002021001
1020002021110
1020010102001
1020010102110
1020021210001
1020021210110
1020101222011
1020101222100
1020112000011
1020112000100
1020120111011
1020120111100
1020200120000
1020200120010
1020200120101
1020200120111
1020211201000
1020211201010
1020211201101
1020211201111
1020222012000
1020222012010
1020222012101
1020222012111
1021000010011
1021000010100
1021011121011
1021011121100
1021022202011
1021022202100
1021102211000
1021102211010
1021102211101
1021102211111
1021110022000
1021110022010
1021110022101
1021110022111
1021121100000
1021121100010
1021121100101
1021121100111
1021201112001
1021201112110
1021212220001
1021212220110
1021220001001
1021220001110
1022001002000
1022001002010
1022001002101
1022001002111
1022012110000
1022012110010
1022012110101
1022012110111
1022020221000
1022020221010
1022020221101
1022020221111
1022100200001
1022100200110
1022111011001
1022111011110
1022122122001
1022122122110
1022202101011
1022202101100
1022210212011
1022210212100
1022221020011
1022221020100
1100000022000
1100000022010
1100000022101
1100000022111
1100011100000
1100011100010
1100011100101
1100011100111
1100022211000
1100022211010
1100022211101
1100022211111
1100102220001
1100102220110
1100110001001
1100110001110
1100121112001
1100121112110
1100201121011
1100201121100
1100212202011
1100212202100
1100220010011
1100220010100
1101001011001
1101001011110
1101012122001
1101012122110
1101020200001
1101020200110
1101100212011
1101100212100
1101111020011
1101111020100
1101122101011
1101122101100
1101202110000
1101202110010
1101202110101
1101202110111
1101210221000
1101210221010
1101210221101
1101210221111
1101221002000
1101221002010
1101221002101
1101221002111
1102002000011
1102002000100
1102010111011
1102010111100
1102021222011
1102021222100
1102101201000
1102101201010
1102101201101
1102101201111
1102112012000
1102112012010
1102112012101
1102112012111
1102120120000
1102120120010
1102120120101
1102120120111
1102200102001
1102200102110
1102211210001
1102211210110
1102222021001
1102222021110
1110000110001
1110000110110
1110011221001
1110011221110
1110022002001
1110022002110
1110102011011
1110102011100
1110110122011
1110110122100
1110121200011
1110121200100
1110201212000
1110201212010
1110201212101
1110201212111
1110212020000
1110212020010
1110212020101
1110212020111
1110220101000
1110220101010
1110220101101
1110220101111
1111001102011
1111001102100
1111012210011
1111012210100
1111020021011
1111020021100
1111100000000
1111100000010
1111100000101
1111100000111
1111111111000
1111111111010
1111111111101
1111111111111
1111122222000
1111122222010
1111122222101
1111122222111
1111202201001
1111202201110
1111210012001
1111210012110
1111221120001
1111221120110
1112002121000
1112002121010
1112002121101
1112002121111
1112010202000
1112010202010
1112010202101
1112010202111
1112021010000
1112021010010
1112021010101
1112021010111
1112101022001
1112101022110
1112112100001
1112112100110
1112120211001
1112120211110
1112200220011
1112200220100
1112211001011
1112211001100
1112222112011
1112222112100
1120000201011
1120000201100
1120011012011
1120011012100
1120022120011
1120022120100
1120102102000
1120102102010
1120102102101
1120102102111
1120110210000
1120110210010
1120110210101
1120110210111
1120121021000
1120121021010
1120121021101
1120121021111
1120201000001
1120201000110
1120212111001
1120212111110
1120220222001
1120220222110
1121001220000
1121001220010
1121001220101
1121001220111
1121012001000
1121012001010
1121012001101
1121012001111
1121020112000
1121020112010
1121020112101
1121020112111
1121100121001
1121100121110
1121111202001
1121111202110
1121122010001
1121122010110
1121202022011
1121202022100
1121210100011
1121210100100
1121221211011
1121221211100
1122002212001
1122002212110
1122010020001
1122010020110
1122021101001
1122021101110
1122101110011
1122101110100
1122112221011
1122112221100
1122120002011
1122120002100
1122200011000
1122200011010
1122200011101
1122200011111
1122211122000
1122211122010
1122211122101
1122211122111
1122222200000
1122222200010
1122222200101
1122222200111
1200001202001
1200001202110
1200012010001
1200012010110
1200020121001
1200020121110
1200100100011
1200100100100
1200111211011
1200111211100
1200122022011
1200122022100
1200202001000
1200202001010
1200202001101
1200202001111
1200210112000
1200210112010
1200210112101
1200210112111
1200221220000
1200221220010
1200221220101
1200221220111
1201002221011
1201002221100
1201010002011
1201010002100
1201021110011
1201021110100
1201101122000
1201101122010
1201101122101
1201101122111
1201112200000
1201112200010
1201112200101
1201112200111
1201120011000
1201120011010
1201120011101
1201120011111
1201200020001
1201200020110
1201211101001
1201211101110
1201222212001
1201222212110
1202000210000
1202000210010
1202000210101
1202000210111
1202011021000
1202011021010
1202011021101
1202011021111
1202022102000
1202022102010
1202022102101
1202022102111
1202102111001
1202102111110
1202110222001
1202110222110
1202121000001
1202121000110
1202201012011
1202201012100
1202212120011
1202212120100
1202220201011
1202220201100
1210001020011
1210001020100
1210012101011
1210012101100
1210020212011
1210020212100
1210100221000
1210100221010
1210100221101
1210100221111
1210111002000
1210111002010
1210111002101
1210111002111
1210122110000
1210122110010
1210122110101
1210122110111
1210202122001
1210202122110
1210210200001
1210210200110
1210221011001
1210221011110
1211002012000
1211002012010
1211002012101
1211002012111
1211010120000
1211010120010
1211010120101
1211010120111
1211021201000
1211021201010
1211021201101
1211021201111
1211101210001
1211101210110
1211112021001
1211112021110
1211120102001
1211120102110
1211200111011
1211200111100
1211211222011
1211211222100
1211222000011
1211222000100
1212000001001
1212000001110
1212011112001
1212011112110
1212022220001
1212022220110
1212102202011
1212102202100
1212110010011
1212110010100
1212121121011
1212121121100
1212201100000
1212201100010
1212201100101
1212201100111
1212212211000
1212212211010
1212212211101
1212212211111
1212220022000
1212220022010
1212220022101
1212220022111
1220001111000
1220001111010
1220001111101
1220001111111
1220012222000
1220012222010
1220012222101
1220012222111
1220020000000
1220020000010
1220020000101
1220020000111
1220100012001
1220100012110
1220111120001
1220111120110
1220122201001
1220122201110
1220202210011
1220202210100
1220210021011
1220210021100
1220221102011
1220221102100
1221002100001
1221002100110
1221010211001
1221010211110
1221021022001
1221021022110
1221101001011
1221101001100
1221112112011
1221112112100
1221120220011
1221120220100
1221200202000
1221200202010
1221200202101
1221200202111
1221211010000
1221211010010
1221211010101
1221211010111
1221222121000
1221222121010
1221222121101
1221222121111
1222000122011
1222000122100
1222011200011
1222011200100
1222022011011
1222022011100
1222102020000
1222102020010
1222102020101
1222102020111
1222110101000
1222110101010
1222110101101
1222110101111
1222121212000
1222121212010
1222121212101
1222121212111
1222201221001
1222201221110
1222212002001
1222212002110
1222220110001
1222220110110
2000001221000
2000001221010
2000001221101
2000001221111
2000012002000
2000012002010
2000012002101
2000012002111
2000020110000
2000020110010
2000020110101
2000020110111
2000100122001
2000100122110
2000111200001
2000111200110
2000122011001
2000122011110
2000202020011
2000202020100
2000210101011
2000210101100
2000221212011
2000221212100
2001002210001
2001002210110
2001010021001
2001010021110
2001021102001
2001021102110
2001101111011
2001101111100
2001112222011
2001112222100
2001120000011
2001120000100
2001200012000
2001200012010
2001200012101
2001200012111
2001211120000
2001211120010
2001211120101
2001211120111
2001222201000
2001222201010
2001222201101
2001222201111
2002000202011
2002000202100
2002011010011
2002011010100
2002022121011
2002022121100
2002102100000
2002102100010
2002102100101
2002102100111
2002110211000
2002110211010
2002110211101
2002110211111
2002121022000
2002121022010
2002121022101
2002121022111
2002201001001
2002201001110
2002212112001
2002212112110
2002220220001
2002220220110
2010001012001
2010001012110
2010012120001
2010012120110
2010020201001
2010020201110
2010100210011
2010100210100
2010111021011
2010111021100
2010122102011
2010122102100
2010202111000
2010202111010
2010202111101
2010202111111
2010210222000
2010210222010
2010210222101
2010210222111
2010221000000
2010221000010
2010221000101
2010221000111
2011002001011
2011002001100
2011010112011
2011010112100
2011021220011
2011021220100
2011101202000
2011101202010
2011101202101
2011101202111
2011112010000
2011112010010
2011112010101
2011112010111
2011120121000
2011120121010
2011120121101
2011120121111
2011200100001
2011200100110
2011211211001
2011211211110
2011222022001
2011222022110
2012000020000
2012000020010
2012000020101
2012000020111
2012011101000
2012011101010
2012011101101
2012011101111
2012022212000
2012022212010
2012022212101
2012022212111
2012102221001
2012102221110
2012110002001
2012110002110
2012121110001
2012121110110
2012201122011
2012201122100
2012212200011
2012212200100
2012220011011
2012220011100
2020001100011
2020001100100
2020012211011
2020012211100
2020020022011
2020020022100
2020100001000
2020100001010
2020100001101
2020100001111
2020111112000
2020111112010
2020111112101
2020111112111
2020122220000
2020122220010
2020122220101
2020122220111
2020202202001
2020202202110
2020210010001
2020210010110
2020221121001
2020221121110
2021002122000
2021002122010
2021002122101
2021002122111
2021010200000
2021010200010
2021010200101
2021010200111
2021021011000
2021021011010
2021021011101
2021021011111
2021101020001
2021101020110
2021112101001
2021112101110
2021120212001
2021120212110
2021200221011
2021200221100
2021211002011
2021211002100
2021222110011
2021222110100
2022000111001
2022000111110
2022011222001
2022011222110
2022022000001
2022022000110
2022102012011
2022102012100
2022110120011
2022110120100
2022121201011
2022121201100
2022201210000
2022201210010
2022201210101
2022201210111
2022212021000
2022212021010
2022212021101
2022212021111
2022220102000
2022220102010
2022220102101
2022220102111
2100002101001
2100002101110
2100010212001
2100010212110
2100021020001
2100021020110
2100101002011
2100101002100
2100112110011
2100112110100
2100120221011
2100120221100
2100200200000
2100200200010
2100200200101
2100200200111
2100211011000
2100211011010
2100211011101
2100211011111
2100222122000
2100222122010
2100222122101
2100222122111
2101000120011
2101000120100
2101011201011
2101011201100
2101022012011
2101022012100
2101102021000
2101102021010
2101102021101
2101102021111
2101110102000
2101110102010
2101110102101
2101110102111
2101121210000
2101121210010
2101121210101
2101121210111
2101201222001
2101201222110
2101212000001
2101212000110
2101220111001
2101220111110
2102001112000
2102001112010
2102001112101
2102001112111
2102012220000
2102012220010
2102012220101
2102012220111
2102020001000
2102020001010
2102020001101
2102020001111
2102100010001
2102100010110
2102111121001
2102111121110
2102122202001
2102122202110
2102202211011
2102202211100
2102210022011
2102210022100
2102221100011
2102221100100
2110002222011
2110002222100
2110010000011
2110010000100
2110021111011
2110021111100
2110101120000
2110101120010
2110101120101
2110101120111
2110112201000
2110112201010
2110112201101
2110112201111
2110120012000
2110120012010
2110120012101
2110120012111
2110200021001
2110200021110
2110211102001
2110211102110
2110222210001
2110222210110
2111000211000
2111000211010
2111000211101
2111000211111
2111011022000
2111011022010
2111011022101
2111011022111
2111022100000
2111022100010
2111022100101
2111022100111
2111102112001
2111102112110
2111110220001
2111110220110
2111121001001
2111121001110
2111201010011
2111201010100
2111212121011
2111212121100
2111220202011
2111220202100
2112001200001
2112001200110
2112012011001
2112012011110
2112020122001
2112020122110
2112100101011
2112100101100
2112111212011
2112111212100
2112122020011
2112122020100
2112202002000
2112202002010
2112202002101
2112202002111
2112210110000
2112210110010
2112210110101
2112210110111
2112221221000
2112221221010
2112221221101
2112221221111
2120002010000
2120002010010
2120002010101
2120002010111
2120010121000
2120010121010
2120010121101
2120010121111
2120021202000
2120021202010
2120021202101
2120021202111
2120101211001
2120101211110
2120112022001
2120112022110
2120120100001
2120120100110
2120200112011
2120200112100
2120211220011
2120211220100
2120222001011
2120222001100
2121000002001
2121000002110
2121011110001
2121011110110
2121022221001
2121022221110
2121102200011
2121102200100
2121110011011
2121110011100
2121121122011
2121121122100
2121201101000
2121201101010
2121201101101
2121201101111
2121212212000
2121212212010
2121212212101
2121212212111
2121220020000
2121220020010
2121220020101
2121220020111
2122001021011
2122001021100
2122012102011
2122012102100
2122020210011
2122020210100
2122100222000
2122100222010
2122100222101
2122100222111
2122111000000
2122111000010
2122111000101
2122111000111
2122122111000
2122122111010
2122122111101
2122122111111
2122202120001
2122202120110
2122210201001
2122210201110
2122221012001
2122221012110
2200000011011
2200000011100
2200011122011
2200011122100
2200022200011
2200022200100
2200102212000
2200102212010
2200102212101
2200102212111
2200110020000
2200110020010
2200110020101
2200110020111
2200121101000
2200121101010
2200121101101
2200121101111
2200201110001
2200201110110
2200212221001
2200212221110
2200220002001
2200220002110
2201001000000
2201001000010
2201001000101
2201001000111
2201012111000
2201012111010
2201012111101
2201012111111
2201020222000
2201020222010
2201020222101
2201020222111
2201100201001
2201100201110
2201111012001
2201111012110
2201122120001
2201122120110
2201202102011
2201202102100
2201210210011
2201210210100
2201221021011
2201221021100
2202002022001
2202002022110
2202010100001
2202010100110
2202021211001
2202021211110
2202101220011
2202101220100
2202112001011
2202112001100
2202120112011
2202120112100
2202200121000
2202200121010
2202200121101
2202200121111
2202211202000
2202211202010
2202211202101
2202211202111
2202222010000
2202222010010
2202222010101
2202222010111
2210000102000
2210000102010
2210000102101
2210000102111
2210011210000
2210011210010
2210011210101
2210011210111
2210022021000
2210022021010
2210022021101
2210022021111
2210102000001
2210102000110
2210110111001
2210110111110
2210121222001
2210121222110
2210201201011
2210201201100
2210212012011
2210212012100
2210220120011
2210220120100
2211001121001
2211001121110
2211012202001
2211012202110
2211020010001
2211020010110
2211100022011
2211100022100
2211111100011
2211111100100
2211122211011
2211122211100
2211202220000
2211202220010
2211202220101
2211202220111
2211210001000
2211210001010
2211210001101
2211210001111
2211221112000
2211221112010
2211221112101
2211221112111
2212002110011
2212002110100
2212010221011
2212010221100
2212021002011
2212021002100
2212101011000
2212101011010
2212101011101
2212101011111
2212112122000
2212112122010
2212112122101
2212112122111
2212120200000
2212120200010
2212120200101
2212120200111
2212200212001
2212200212110
2212211020001
2212211020110
2212222101001
2212222101110
2220000220001
2220000220110
2220011001001
2220011001110
2220022112001
2220022112110
2220102121011
2220102121100
2220110202011
2220110202100
2220121010011
2220121010100
2220201022000
2220201022010
2220201022101
2220201022111
2220212100000
2220212100010
2220212100101
2220212100111
2220220211000
2220220211010
2220220211101
2220220211111
2221001212011
2221001212100
2221012020011
2221012020100
2221020101011
2221020101100
2221100110000
2221100110010
2221100110101
2221100110111
2221111221000
2221111221010
2221111221101
2221111221111
2221122002000
2221122002010
2221122002101
2221122002111
2221202011001
2221202011110
2221210122001
2221210122110
2221221200001
2221221200110
2222002201000
2222002201010
2222002201101
2222002201111
2222010012000
2222010012010
2222010012101
2222010012111
2222021120000
2222021120010
2222021120101
2222021120111
2222101102001
2222101102110
2222112210001
2222112210110
2222120021001
2222120021110
2222200000011
2222200000100
2222211111011
2222211111100
2222222222011
2222222222100,