0000000121
0000121012
0000121120
0000121201
0000211021
0000211102
0000211210
0001022012
0001022120
0001022201
0001100000
0001100111
0001100222
0002012012
0002012120
0002012201
0002200000
0002200111
0002200222
0010000202
0010001121
0010120021
0010120102
0010120210
0010210012
0010210120
0010210201
0011011021
0011011102
0011011210
0011202021
0011202102
0011202210
0012021000
0012021111
0012021222
0012102012
0012102120
0012102201
0020002010
0020002202
0020112021
0020112102
0020112210
0020222000
0020222111
0020222222
0021020021
0021020102
0021020210
0021201012
0021201120
0021201201
0022010021
0022010102
0022010210
0022101021
0022101102
0022101210
0100010000
0100010111
0100010222
0100202012
0100202120
0100202201
0101111012
0101111120
0101111201
0101112021
0101112102
0101112210
0101220000
0101220111
0101220222
0102001021
0102001102
0102001210
0102120000
0102120111
0102120222
0110022021
0110022102
0110022210
0110101012
0110101120
0110101201
0111110021
0111110102
0111110210
0111112000
0111112111
0111112222
0111221021
0111221102
0111221210
0112000012
0112000120
0112000201
0112211021
0112211102
0112211210
0120021012
0120021120
0120021201
0120200021
0120200102
0120200210
0121002021
0121002102
0121002210
0121110012
0121110120
0121110201
0121111000
0121111111
0121111222
0122122021
0122122102
0122122210
0122212000
0122212111
0122212222
0200020000
0200020111
0200020222
0200102012
0200102120
0200102201
0201001012
0201001120
0201001201
0201210000
0201210111
0201210222
0202110000
0202110111
0202110222
0202221021
0202221102
0202221210
0202222010
0202222121
0202222202
0210012021
0210012102
0210012210
0210201000
0210201111
0210201222
0211000021
0211000102
0211000210
0211121021
0211121102
0211121210
0212111012
0212111120
0212111201
0212220012
0212220120
0212220201
0212222012
0212222120
0212222201
0220011012
0220011120
0220011201
0220100021
0220100102
0220100210
0221122000
0221122111
0221122222
0221212012
0221212120
0221212201
0222002000
0222002111
0222002222
0222220012
0222220120
0222220201
0222221021
0222221102
0222221210
1000001021
1000001102
1000001210
1000002021
1000002102
1000002210
1000220000
1000220111
1000220222
1001100000
1001100111
1001100222
1001212021
1001212102
1001212210
1002020000
1002020111
1002020222
1002111012
1002111120
1002111201
1010000021
1010000102
1010000210
1010002000
1010002111
1010002222
1010221021
1010221102
1010221210
1011011000
1011011111
1011011222
1011122012
1011122120
1011122201
1012110021
1012110102
1012110210
1012201021
1012201102
1012201210
1020000012
1020000120
1020000201
1020001000
1020001111
1020001222
1020112000
1020112111
1020112222
1021121021
1021121102
1021121210
1021210012
1021210120
1021210201
1022022000
1022022111
1022022222
1022202012
1022202120
1022202201
1100010000
1100010111
1100010222
1100122021
1100122102
1100122210
1101021012
1101021120
1101021201
1101110202
1101112010
1101201012
1101201120
1101201201
1102102021
1102102102
1102102210
1102210000
1102210111
1102210222
1110101021
1110101102
1110101210
1110212012
1110212120
1110212201
1111020012
1111020120
1111020201
1111111121
1111200021
1111200102
1111200210
1112012021
1112012102
1112012210
1112121000
1112121111
1112121222
1120120012
1120120120
1120120201
1120211021
1120211102
1120211210
1121002000
1121002111
1121002222
1121111202
1121112121
1121222000
1121222111
1121222222
1122011021
1122011102
1122011210
1122100012
1122100120
1122100201
1200111021
1200111102
1200111210
1200200000
1200200111
1200200222
1201012021
1201012102
1201012210
1201120000
1201120111
1201120222
1202000000
1202000111
1202000222
1202221012
1202221120
1202221201
1202222001
1202222112
1202222220
1210021012
1210021120
1210021201
1210110012
1210110120
1210110201
1211102012
1211102120
1211102201
1211211000
1211211111
1211211222
1212001012
1212001120
1212001201
1212220021
1212220102
1212220210
1212222000
1212222111
1212222222
1220022021
1220022102
1220022210
1220202021
1220202102
1220202210
1221010012
1221010120
1221010201
1221101021
1221101102
1221101210
1222112012
1222112120
1222112201
1222220021
1222220102
1222220210
1222221000
1222221111
1222221222
2000001021
2000001102
2000001210
2000002012
2000002120
2000002201
2000110000
2000110111
2000110222
2001010000
2001010111
2001010222
2001221021
2001221102
2001221210
2002122021
2002122102
2002122210
2002200000
2002200111
2002200222
2010000012
2010000120
2010000201
2010002021
2010002102
2010002210
2010111000
2010111111
2010111222
2011101000
2011101111
2011101222
2011220012
2011220120
2011220201
2012021012
2012021120
2012021201
2012212021
2012212102
2012212210
2020000012
2020000120
2020000201
2020001012
2020001120
2020001201
2020222012
2020222120
2020222201
2021012000
2021012111
2021012222
2021102012
2021102120
2021102201
2022120012
2022120120
2022120201
2022211021
2022211102
2022211210
2100100000
2100100111
2100100222
2100221021
2100221102
2100221210
2101000021
2101000102
2101000210
2101111012
2101111120
2101111201
2101112000
2101112111
2101112222
2102022012
2102022120
2102022201
2102210012
2102210120
2102210201
2110011000
2110011111
2110011222
2110220021
2110220102
2110220210
2111001000
2111001111
2111001222
2111110021
2111110102
2111110210
2111112012
2111112120
2111112201
2112121000
2112121111
2112121222
2112202021
2112202102
2112202210
2120012021
2120012102
2120012210
2120102000
2120102111
2120102222
2121110000
2121110111
2121110222
2121111021
2121111102
2121111210
2121222000
2121222111
2121222222
2122020021
2122020102
2122020210
2122201012
2122201120
2122201201
2200020000
2200020111
2200020222
2200212012
2200212120
2200212201
2201120012
2201120120
2201120201
2201202021
2201202102
2201202210
2202011021
2202011102
2202011210
2202101021
2202101102
2202101210
2202222022
2202222100
2202222211
2210122021
2210122102
2210122210
2210201012
2210201120
2210201201
2211022021
2211022102
2211022210
2211211000
2211211111
2211211222
2212010012
2212010120
2212010201
2212100021
2212100102
2212100210
2212221022
2212221211
2220121012
2220121120
2220121201
2220210021
2220210102
2220210210
2221021012
2221021120
2221021201
2221200021
2221200102
2221200210
2222002000
2222002111
2222002222
2222112000
2222112111
2222112222