000000000000
000000000001
000001111100
000001111101
000002222200
000002222201
000010211200
000010211201
000011022000
000011022001
000012100100
000012100101
000020122110
000020122111
000021200210
000021200211
000022011010
000022011011
000100012100
000100012101
000101120200
000101120201
000102201000
000102201001
000110220010
000110220011
000111001110
000111001111
000112112210
000112112211
000120101200
000120101201
000121212000
000121212001
000122020100
000122020101
000200021210
000200021211
000201102010
000201102011
000202210110
000202210111
000210202100
000210202101
000211010200
000211010201
000212121000
000212121001
000220110000
000220110001
000221221100
000221221101
000222002200
000222002201
001000220100
001000220101
001001001200
001001001201
001002112000
001002112001
001010101010
001010101011
001011212110
001011212111
001012020210
001012020211
001020012200
001020012201
001021120000
001021120001
001022201100
001022201101
001100202210
001100202211
001101010010
001101010011
001102121110
001102121111
001110110100
001110110101
001111221200
001111221201
001112002000
001112002001
001120021000
001120021001
001121102100
001121102101
001122210200
001122210201
001200211000
001200211001
001201022100
001201022101
001202100200
001202100201
001210122200
001210122201
001211200000
001211200001
001212011100
001212011101
001220000110
001220000111
001221111210
001221111211
001222222010
001222222011
002000110210
002000110211
002001221010
002001221011
002002002110
002002002111
002010021100
002010021101
002011102200
002011102201
002012210000
002012210001
002020202000
002020202001
002021010100
002021010101
002022121200
002022121201
002100122000
002100122001
002101200100
002101200101
002102011200
002102011201
002110000200
002110000201
002111111000
002111111001
002112222100
002112222101
002120211110
002120211111
002121022210
002121022211
002122100010
002122100011
002200101100
002200101101
002201212200
002201212201
002202020000
002202020001
002210012010
002210012011
002211120110
002211120111
002212201210
002212201211
002220220200
002220220201
002221001000
002221001001
002222112100
002222112101
010000102200
010000102201
010001210000
010001210001
010002021100
010002021101
010010010110
010010010111
010011121210
010011121211
010012202010
010012202011
010020221000
010020221001
010021002100
010021002101
010022110200
010022110201
010100111010
010100111011
010101222110
010101222111
010102000210
010102000211
010110022200
010110022201
010111100000
010111100001
010112211100
010112211101
010120200100
010120200101
010121011200
010121011201
010122122000
010122122001
010200120100
010200120101
010201201200
010201201201
010202012000
010202012001
010210001000
010210001001
010211112100
010211112101
010212220200
010212220201
010220212210
010220212211
010221020010
010221020011
010222101110
010222101111
011000022010
011000022011
011001100110
011001100111
011002211210
011002211211
011010200200
011010200201
011011011000
011011011001
011012122100
011012122101
011020111100
011020111101
011021222200
011021222201
011022000000
011022000001
011100001100
011100001101
011101112200
011101112201
011102220000
011102220001
011110212000
011110212001
011111020100
011111020101
011112101200
011112101201
011120120210
011120120211
011121201010
011121201011
011122012110
011122012111
011200010200
011200010201
011201121000
011201121001
011202202100
011202202101
011210221110
011210221111
011211002210
011211002211
011212110010
011212110011
011220102000
011220102001
011221210100
011221210101
011222021200
011222021201
012000212100
012000212101
012001020200
012001020201
012002101000
012002101001
012010120000
012010120001
012011201100
012011201101
012012012200
012012012201
012020001210
012020001211
012021112010
012021112011
012022220110
012022220111
012100221200
012100221201
012101002000
012101002001
012102110100
012102110101
012110102110
012110102111
012111210210
012111210211
012112021010
012112021011
012120010000
012120010001
012121121100
012121121101
012122202200
012122202201
012200200010
012200200011
012201011110
012201011111
012202122210
012202122211
012210111200
012210111201
012211222000
012211222001
012212000100
012212000101
012220022100
012220022101
012221100200
012221100201
012222211000
012222211001
020000201110
020000201111
020001012210
020001012211
020002120010
020002120011
020010112000
020010112001
020011220100
020011220101
020012001200
020012001201
020020020200
020020020201
020021101000
020021101001
020022212100
020022212101
020100210200
020100210201
020101021000
020101021001
020102102100
020102102101
020110121100
020110121101
020111202200
020111202201
020112010000
020112010001
020120002010
020120002011
020121110110
020121110111
020122221210
020122221211
020200222000
020200222001
020201000100
020201000101
020202111200
020202111201
020210100210
020210100211
020211211010
020211211011
020212022110
020212022111
020220011100
020220011101
020221122200
020221122201
020222200000
020222200001
021000121200
021000121201
021001202000
021001202001
021002010100
021002010101
021010002100
021010002101
021011110200
021011110201
021012221000
021012221001
021020210010
021020210011
021021021110
021021021111
021022102210
021022102211
021100100000
021100100001
021101211100
021101211101
021102022200
021102022201
021110011210
021110011211
021111122010
021111122011
021112200110
021112200111
021120222100
021120222101
021121000200
021121000201
021122111000
021122111001
021200112110
021200112111
021201220210
021201220211
021202001010
021202001011
021210020000
021210020001
021211101100
021211101101
021212212200
021212212201
021220201200
021220201201
021221012000
021221012001
021222120100
021222120101
022000011000
022000011001
022001122100
022001122101
022002200200
022002200201
022010222210
022010222211
022011000010
022011000011
022012111110
022012111111
022020100100
022020100101
022021211200
022021211201
022022022000
022022022001
022100020110
022100020111
022101101210
022101101211
022102212010
022102212011
022110201000
022110201001
022111012100
022111012101
022112120200
022112120201
022120112200
022120112201
022121220000
022121220001
022122001100
022122001101
022200002200
022200002201
022201110000
022201110001
022202221100
022202221101
022210210100
022210210101
022211021200
022211021201
022212102000
022212102001
022220121010
022220121011
022221202110
022221202111
022222010210
022222010211
100000121000
100000121001
100001202100
100001202101
100002010200
100002010201
100010002210
100010002211
100011110010
100011110011
100012221110
100012221111
100020210100
100020210101
100021021200
100021021201
100022102000
100022102001
100100100110
100100100111
100101211210
100101211211
100102022010
100102022011
100110011000
100110011001
100111122100
100111122101
100112200200
100112200201
100120222200
100120222201
100121000000
100121000001
100122111100
100122111101
100200112200
100200112201
100201220000
100201220001
100202001100
100202001101
100210020100
100210020101
100211101200
100211101201
100212212000
100212212001
100220201010
100220201011
100221012110
100221012111
100222120210
100222120211
101000011110
101000011111
101001122210
101001122211
101002200010
101002200011
101010222000
101010222001
101011000100
101011000101
101012111200
101012111201
101020100200
101020100201
101021211000
101021211001
101022022100
101022022101
101100020200
101100020201
101101101000
101101101001
101102212100
101102212101
101110201100
101110201101
101111012200
101111012201
101112120000
101112120001
101120112010
101120112011
101121220110
101121220111
101122001210
101122001211
101200002000
101200002001
101201110100
101201110101
101202221200
101202221201
101210210210
101210210211
101211021010
101211021011
101212102110
101212102111
101220121100
101220121101
101221202200
101221202201
101222010000
101222010001
102000201200
102000201201
102001012000
102001012001
102002120100
102002120101
102010112100
102010112101
102011220200
102011220201
102012001000
102012001001
102020020010
102020020011
102021101110
102021101111
102022212210
102022212211
102100210000
102100210001
102101021100
102101021101
102102102200
102102102201
102110121210
102110121211
102111202010
102111202011
102112010110
102112010111
102120002100
102120002101
102121110200
102121110201
102122221000
102122221001
102200222110
102200222111
102201000210
102201000211
102202111010
102202111011
102210100000
102210100001
102211211100
102211211101
102212022200
102212022201
102220011200
102220011201
102221122000
102221122001
102222200100
102222200101
110000220210
110000220211
110001001010
110001001011
110002112110
110002112111
110010101100
110010101101
110011212200
110011212201
110012020000
110012020001
110020012000
110020012001
110021120100
110021120101
110022201200
110022201201
110100202000
110100202001
110101010100
110101010101
110102121200
110102121201
110110110200
110110110201
110111221000
110111221001
110112002100
110112002101
110120021110
110120021111
110121102210
110121102211
110122210010
110122210011
110200211100
110200211101
110201022200
110201022201
110202100000
110202100001
110210122010
110210122011
110211200110
110211200111
110212011210
110212011211
110220000200
110220000201
110221111000
110221111001
110222222100
110222222101
111000110000
111000110001
111001221100
111001221101
111002002200
111002002201
111010021200
111010021201
111011102000
111011102001
111012210100
111012210101
111020202110
111020202111
111021010210
111021010211
111022121010
111022121011
111100122100
111100122101
111101200200
111101200201
111102011000
111102011001
111110000010
111110000011
111111111110
111111111111
111112222210
111112222211
111120211200
111120211201
111121022000
111121022001
111122100100
111122100101
111200101210
111200101211
111201212010
111201212011
111202020110
111202020111
111210012100
111210012101
111211120200
111211120201
111212201000
111212201001
111220220000
111220220001
111221001100
111221001101
111222112200
111222112201
112000000100
112000000101
112001111200
112001111201
112002222000
112002222001
112010211010
112010211011
112011022110
112011022111
112012100210
112012100211
112020122200
112020122201
112021200000
112021200001
112022011100
112022011101
112100012210
112100012211
112101120010
112101120011
112102201110
112102201111
112110220100
112110220101
112111001200
112111001201
112112112000
112112112001
112120101000
112120101001
112121212100
112121212101
112122020200
112122020201
112200021000
112200021001
112201102100
112201102101
112202210200
112202210201
112210202200
112210202201
112211010000
112211010001
112212121100
112212121101
112220110110
112220110111
112221221210
112221221211
112222002010
112222002011
120000022100
120000022101
120001100200
120001100201
120002211000
120002211001
120010200000
120010200001
120011011100
120011011101
120012122200
120012122201
120020111210
120020111211
120021222010
120021222011
120022000110
120022000111
120100001200
120100001201
120101112000
120101112001
120102220100
120102220101
120110212110
120110212111
120111020210
120111020211
120112101010
120112101011
120120120000
120120120001
120121201100
120121201101
120122012200
120122012201
120200010010
120200010011
120201121110
120201121111
120202202210
120202202211
120210221200
120210221201
120211002000
120211002001
120212110100
120212110101
120220102100
120220102101
120221210200
120221210201
120222021000
120222021001
121000212200
121000212201
121001020000
121001020001
121002101100
121002101101
121010120110
121010120111
121011201210
121011201211
121012012010
121012012011
121020001000
121020001001
121021112100
121021112101
121022220200
121022220201
121100221010
121100221011
121101002110
121101002111
121102110210
121102110211
121110102200
121110102201
121111210000
121111210001
121112021100
121112021101
121120010100
121120010101
121121121200
121121121201
121122202000
121122202001
121200200100
121200200101
121201011200
121201011201
121202122000
121202122001
121210111000
121210111001
121211222100
121211222101
121212000200
121212000201
121220022210
121220022211
121221100010
121221100011
121222211110
121222211111
122000102010
122000102011
122001210110
122001210111
122002021210
122002021211
122010010200
122010010201
122011121000
122011121001
122012202100
122012202101
122020221100
122020221101
122021002200
122021002201
122022110000
122022110001
122100111100
122100111101
122101222200
122101222201
122102000000
122102000001
122110022000
122110022001
122111100100
122111100101
122112211200
122112211201
122120200210
122120200211
122121011010
122121011011
122122122110
122122122111
122200120200
122200120201
122201201000
122201201001
122202012100
122202012101
122210001110
122210001111
122211112210
122211112211
122212220010
122212220011
122220212000
122220212001
122221020100
122221020101
122222101200
122222101201
200000212010
200000212011
200001020110
200001020111
200002101210
200002101211
200010120200
200010120201
200011201000
200011201001
200012012100
200012012101
200020001100
200020001101
200021112200
200021112201
200022220000
200022220001
200100221100
200100221101
200101002200
200101002201
200102110000
200102110001
200110102000
200110102001
200111210100
200111210101
200112021200
200112021201
200120010210
200120010211
200121121010
200121121011
200122202110
200122202111
200200200200
200200200201
200201011000
200201011001
200202122100
200202122101
200210111110
200210111111
200211222210
200211222211
200212000010
200212000011
200220022000
200220022001
200221100100
200221100101
200222211200
200222211201
201000102100
201000102101
201001210200
201001210201
201002021000
201002021001
201010010000
201010010001
201011121100
201011121101
201012202200
201012202201
201020221210
201020221211
201021002010
201021002011
201022110110
201022110111
201100111200
201100111201
201101222000
201101222001
201102000100
201102000101
201110022110
201110022111
201111100210
201111100211
201112211010
201112211011
201120200000
201120200001
201121011100
201121011101
201122122200
201122122201
201200120010
201200120011
201201201110
201201201111
201202012210
201202012211
201210001200
201210001201
201211112000
201211112001
201212220100
201212220101
201220212100
201220212101
201221020200
201221020201
201222101000
201222101001
202000022200
202000022201
202001100000
202001100001
202002211100
202002211101
202010200110
202010200111
202011011210
202011011211
202012122010
202012122011
202020111000
202020111001
202021222100
202021222101
202022000200
202022000201
202100001010
202100001011
202101112110
202101112111
202102220210
202102220211
202110212200
202110212201
202111020000
202111020001
202112101100
202112101101
202120120100
202120120101
202121201200
202121201201
202122012000
202122012001
202200010100
202200010101
202201121200
202201121201
202202202000
202202202001
202210221000
202210221001
202211002100
202211002101
202212110200
202212110201
202220102210
202220102211
202221210010
202221210011
202222021110
202222021111
210000011200
210000011201
210001122000
210001122001
210002200100
210002200101
210010222100
210010222101
210011000200
210011000201
210012111000
210012111001
210020100010
210020100011
210021211110
210021211111
210022022210
210022022211
210100020000
210100020001
210101101100
210101101101
210102212200
210102212201
210110201210
210110201211
210111012010
210111012011
210112120110
210112120111
210120112100
210120112101
210121220200
210121220201
210122001000
210122001001
210200002110
210200002111
210201110210
210201110211
210202221010
210202221011
210210210000
210210210001
210211021100
210211021101
210212102200
210212102201
210220121200
210220121201
210221202000
210221202001
210222010100
210222010101
211000201000
211000201001
211001012100
211001012101
211002120200
211002120201
211010112210
211010112211
211011220010
211011220011
211012001110
211012001111
211020020100
211020020101
211021101200
211021101201
211022212000
211022212001
211100210110
211100210111
211101021210
211101021211
211102102010
211102102011
211110121000
211110121001
211111202100
211111202101
211112010200
211112010201
211120002200
211120002201
211121110000
211121110001
211122221100
211122221101
211200222200
211200222201
211201000000
211201000001
211202111100
211202111101
211210100100
211210100101
211211211200
211211211201
211212022000
211212022001
211220011010
211220011011
211221122110
211221122111
211222200210
211222200211
212000121110
212000121111
212001202210
212001202211
212002010010
212002010011
212010002000
212010002001
212011110100
212011110101
212012221200
212012221201
212020210200
212020210201
212021021000
212021021001
212022102100
212022102101
212100100200
212100100201
212101211000
212101211001
212102022100
212102022101
212110011100
212110011101
212111122200
212111122201
212112200000
212112200001
212120222010
212120222011
212121000110
212121000111
212122111210
212122111211
212200112000
212200112001
212201220100
212201220101
212202001200
212202001201
212210020210
212210020211
212211101010
212211101011
212212212110
212212212111
212220201100
212220201101
212221012200
212221012201
212222120000
212222120001
220000110100
220000110101
220001221200
220001221201
220002002000
220002002001
220010021010
220010021011
220011102110
220011102111
220012210210
220012210211
220020202200
220020202201
220021010000
220021010001
220022121100
220022121101
220100122210
220100122211
220101200010
220101200011
220102011110
220102011111
220110000100
220110000101
220111111200
220111111201
220112222000
220112222001
220120211000
220120211001
220121022100
220121022101
220122100200
220122100201
220200101000
220200101001
220201212100
220201212101
220202020200
220202020201
220210012200
220210012201
220211120000
220211120001
220212201100
220212201101
220220220110
220220220111
220221001210
220221001211
220222112010
220222112011
221000000210
221000000211
221001111010
221001111011
221002222110
221002222111
221010211100
221010211101
221011022200
221011022201
221012100000
221012100001
221020122000
221020122001
221021200100
221021200101
221022011200
221022011201
221100012000
221100012001
221101120100
221101120101
221102201200
221102201201
221110220200
221110220201
221111001000
221111001001
221112112100
221112112101
221120101110
221120101111
221121212210
221121212211
221122020010
221122020011
221200021100
221200021101
221201102200
221201102201
221202210000
221202210001
221210202010
221210202011
221211010110
221211010111
221212121210
221212121211
221220110200
221220110201
221221221000
221221221001
221222002100
221222002101
222000220000
222000220001
222001001100
222001001101
222002112200
222002112201
222010101200
222010101201
222011212000
222011212001
222012020100
222012020101
222020012110
222020012111
222021120210
222021120211
222022201010
222022201011
222100202100
222100202101
222101010200
222101010201
222102121000
222102121001
222110110010
222110110011
222111221110
222111221111
222112002210
222112002211
222120021200
222120021201
222121102000
222121102001
222122210100
222122210101
222200211210
222200211211
222201022010
222201022011
222202100110
222202100111
222210122100
222210122101
222211200200
222211200201
222212011000
222212011001
222220000000
222220000001
222221111100
222221111101
222222222200
222222222201