00000000000
00000111110
00000222220
00001021120
00001102200
00001210010
00002012211
00002120021
00002201101
00010001210
00010112020
00010220100
00011022001
00011100111
00011211221
00012010120
00012121200
00012202010
00020002121
00020110201
00020221011
00021020210
00021101020
00021212100
00022011000
00022122110
00022200220
00100022010
00100100120
00100211200
00101010101
00101121211
00101202021
00102001220
00102112000
00102220110
00110020221
00110101001
00110212111
00111011010
00111122120
00111200200
00112002100
00112110210
00112221020
00120021100
00120102210
00120210020
00121012220
00121120000
00121201110
00122000011
00122111121
00122222201
00200011021
00200122101
00200200211
00201002110
00201110220
00201221000
00202020200
00202101010
00202212120
00210012200
00210120010
00210201120
00211000020
00211111100
00211222210
00212021111
00212102221
00212210001
00220010110
00220121220
00220202000
00221001201
00221112011
00221220121
00222022020
00222100100
00222211210
01000010220
01000121000
01000202110
01001001011
01001112121
01001220201
01002022100
01002100210
01002211020
01010011101
01010122211
01010200021
01011002220
01011110000
01011221110
01012020010
01012101120
01012212200
01020012010
01020120120
01020201200
01021000100
01021111210
01021222020
01022021221
01022102001
01022210111
01100002201
01100110011
01100221121
01101020020
01101101100
01101212210
01102011110
01102122220
01102200000
01110000110
01110111220
01110222000
01111021200
01111102010
01111210120
01112012021
01112120101
01112201211
01120001020
01120112100
01120220210
01121022111
01121100221
01121211001
01122010200
01122121010
01122202120
01200021210
01200102020
01200210100
01201012000
01201120110
01201201220
01202000121
01202111201
01202222011
01210022120
01210100200
01210211010
01211010211
01211121021
01211202101
01212001000
01212112110
01212220220
01220020001
01220101111
01220212221
01221011120
01221122200
01221200010
01222002210
01222110020
01222221100
02000020111
02000101221
02000212001
02001011200
02001122010
02001200120
02002002020
02002110100
02002221210
02010021020
02010102100
02010210210
02011012110
02011120220
02011201000
02012000201
02012111011
02012222121
02020022200
02020100010
02020211120
02021010021
02021121101
02021202211
02022001110
02022112220
02022220000
02100012120
02100120200
02100201010
02101000210
02101111020
02101222100
02102021001
02102102111
02102210221
02110010000
02110121110
02110202220
02111001121
02111112201
02111220011
02112022210
02112100020
02112211100
02120011211
02120122021
02120200101
02121002000
02121110110
02121221220
02122020120
02122101200
02122212010
02200001100
02200112210
02200220020
02201022221
02201100001
02201211111
02202010010
02202121120
02202202200
02210002011
02210110121
02210221201
02211020100
02211101210
02211212020
02212011220
02212122000
02212200110
02220000220
02220111000
02220222110
02221021010
02221102120
02221210200
02222012101
02222120211
02222201021
10000012100
10000120210
10000201020
10001000221
10001111001
10001222111
10002021010
10002102120
10002210200
10010010011
10010121121
10010202201
10011001100
10011112210
10011220020
10012022220
10012100000
10012211110
10020011220
10020122000
10020200110
10021002010
10021110120
10021221200
10022020101
10022101211
10022212021
10100001111
10100112221
10100220001
10101022200
10101100010
10101211120
10102010020
10102121100
10102202210
10110002020
10110110100
10110221210
10111020110
10111101220
10111212000
10112011201
10112122011
10112200121
10120000200
10120111010
10120222120
10121021021
10121102101
10121210211
10122012110
10122120220
10122201000
10200020120
10200101200
10200212010
10201011210
10201122020
10201200100
10202002001
10202110111
10202221221
10210021000
10210102110
10210210220
10211012121
10211120201
10211201011
10212000210
10212111020
10212222100
10220022211
10220100021
10220211101
10221010000
10221121110
10221202220
10222001120
10222112200
10222220010
11000022021
11000100101
11000211211
11001010110
11001121220
11001202000
11002001200
11002112010
11002220120
11010020200
11010101010
11010212120
11011011020
11011122100
11011200210
11012002111
11012110221
11012221001
11020021110
11020102220
11020210000
11021012201
11021120011
11021201121
11022000020
11022111100
11022222210
11100011000
11100122110
11100200220
11101002120
11101110200
11101221010
11102020211
11102101021
11102212101
11110012210
11110120020
11110201100
11111000001
11111111111
11111222221
11112021120
11112102200
11112210010
11120010121
11120121201
11120202011
11121001210
11121112020
11121220100
11122022000
11122100110
11122211220
11200000010
11200111120
11200222200
11201021101
11201102211
11201210021
11202012220
11202120000
11202201110
11210001221
11210112001
11210220111
11211022010
11211100120
11211211200
11212010100
11212121210
11212202020
11220002100
11220110210
11220221020
11221020220
11221101000
11221212110
11222011011
11222122121
11222200201
12000002210
12000110020
12000221100
12001020000
12001101110
12001212220
12002011121
12002122201
12002200011
12010000120
12010111200
12010222010
12011021211
12011102021
12011210101
12012012000
12012120110
12012201220
12020001001
12020112111
12020220221
12021022120
12021100200
12021211010
12022010210
12022121020
12022202100
12100021220
12100102000
12100210110
12101012011
12101120121
12101201201
12102000100
12102111210
12102222020
12110022101
12110100211
12110211021
12111010220
12111121000
12111202110
12112001010
12112112120
12112220200
12120020010
12120101120
12120212200
12121011100
12121122210
12121200020
12122002221
12122110001
12122221111
12200010201
12200121011
12200202121
12201001020
12201112100
12201220210
12202022110
12202100220
12202211000
12210011110
12210122220
12210200000
12211002200
12211110010
12211221120
12212020021
12212101101
12212212211
12220012020
12220120100
12220201210
12221000111
12221111221
12221222001
12222021200
12222102010
12222210120
20000021201
20000102011
20000210121
20001012020
20001120100
20001201210
20002000110
20002111220
20002222000
20010022110
20010100220
20010211000
20011010200
20011121010
20011202120
20012001021
20012112101
20012220211
20020020020
20020101100
20020212210
20021011111
20021122221
20021200001
20022002200
20022110010
20022221120
20100010210
20100121020
20100202100
20101001000
20101112110
20101220220
20102022121
20102100201
20102211011
20110011120
20110122200
20110200010
20111002211
20111110021
20111221101
20112020000
20112101110
20112212220
20120012001
20120120111
20120201221
20121000120
20121111200
20121222010
20122021210
20122102020
20122210100
20200002220
20200110000
20200221110
20201020011
20201101121
20201212201
20202011100
20202122210
20202200020
20210000101
20210111211
20210222021
20211021220
20211102000
20211210110
20212012010
20212120120
20212201200
20220001010
20220112120
20220220200
20221022100
20221100210
20221211020
20222010221
20222121001
20222202111
21000001120
21000112200
21000220010
21001022210
21001100020
21001211100
21002010001
21002121111
21002202221
21010002000
21010110110
21010221220
21011020121
21011101201
21011212011
21012011210
21012122020
21012200100
21020000211
21020111021
21020222101
21021021000
21021102110
21021210220
21022012120
21022120200
21022201010
21100020100
21100101210
21100212020
21101011221
21101122001
21101200111
21102002010
21102110120
21102221200
21110021011
21110102121
21110210201
21111012100
21111120210
21111201020
21112000220
21112111000
21112222110
21120022220
21120100000
21120211110
21121010010
21121121120
21121202200
21122001101
21122112211
21122220021
21200012111
21200120221
21200201001
21201000200
21201111010
21201222120
21202021020
21202102100
21202210210
21210010020
21210121100
21210202210
21211001110
21211112220
21211220000
21212022201
21212100011
21212211121
21220011200
21220122010
21220200120
21221002021
21221110101
21221221211
21222020110
21222101220
21222212000
22000011010
22000122120
22000200200
22001002101
22001110211
22001221021
22002020220
22002101000
22002212110
22010012221
22010120001
22010201111
22011000010
22011111120
22011222200
22012021100
22012102210
22012210020
22020010100
22020121210
22020202020
22021001220
22021112000
22021220110
22022022011
22022100121
22022211201
22100000021
22100111101
22100222211
22101021110
22101102220
22101210000
22102012200
22102120010
22102201120
22110001200
22110112010
22110220120
22111022020
22111100100
22111211210
22112010111
22112121221
22112202001
22120002110
22120110220
22120221000
22121020201
22121101011
22121212121
22122011020
22122122100
22122200210
22200022000
22200100110
22200211220
22201010120
22201121200
22201202010
22202001211
22202112021
22202220101
22210020210
22210101020
22210212100
22211011001
22211122111
22211200221
22212002120
22212110200
22212221010
22220021121
22220102201
22220210011
22221012210
22221120020
22221201100
22222000000
22222111110
22222222220