0000000000000
0000000000001
0000000000010
0000000000011
0000011111000
0000011111001
0000011111010
0000011111011
0000022222000
0000022222001
0000022222010
0000022222011
0000102112200
0000102112201
0000102112210
0000102112211
0000110220200
0000110220201
0000110220210
0000110220211
0000121001200
0000121001201
0000121001210
0000121001211
0000201221100
0000201221101
0000201221110
0000201221111
0000212002100
0000212002101
0000212002110
0000212002111
0000220110100
0000220110101
0000220110110
0000220110111
0001000121200
0001000121201
0001000121210
0001000121211
0001011202200
0001011202201
0001011202210
0001011202211
0001022010200
0001022010201
0001022010210
0001022010211
0001102200100
0001102200101
0001102200110
0001102200111
0001110011100
0001110011101
0001110011110
0001110011111
0001121122100
0001121122101
0001121122110
0001121122111
0001201012000
0001201012001
0001201012010
0001201012011
0001212120000
0001212120001
0001212120010
0001212120011
0001220201000
0001220201001
0001220201010
0001220201011
0002000212100
0002000212101
0002000212110
0002000212111
0002011020100
0002011020101
0002011020110
0002011020111
0002022101100
0002022101101
0002022101110
0002022101111
0002102021000
0002102021001
0002102021010
0002102021011
0002110102000
0002110102001
0002110102010
0002110102011
0002121210000
0002121210001
0002121210010
0002121210011
0002201100200
0002201100201
0002201100210
0002201100211
0002212211200
0002212211201
0002212211210
0002212211211
0002220022200
0002220022201
0002220022210
0002220022211
0010002201200
0010002201201
0010002201210
0010002201211
0010010012200
0010010012201
0010010012210
0010010012211
0010021120200
0010021120201
0010021120210
0010021120211
0010101010100
0010101010101
0010101010110
0010101010111
0010112121100
0010112121101
0010112121110
0010112121111
0010120202100
0010120202101
0010120202110
0010120202111
0010200122000
0010200122001
0010200122010
0010200122011
0010211200000
0010211200001
0010211200010
0010211200011
0010222011000
0010222011001
0010222011010
0010222011011
0011002022100
0011002022101
0011002022110
0011002022111
0011010100100
0011010100101
0011010100110
0011010100111
0011021211100
0011021211101
0011021211110
0011021211111
0011101101000
0011101101001
0011101101010
0011101101011
0011112212000
0011112212001
0011112212010
0011112212011
0011120020000
0011120020001
0011120020010
0011120020011
0011200210200
0011200210201
0011200210210
0011200210211
0011211021200
0011211021201
0011211021210
0011211021211
0011222102200
0011222102201
0011222102210
0011222102211
0012002110000
0012002110001
0012002110010
0012002110011
0012010221000
0012010221001
0012010221010
0012010221011
0012021002000
0012021002001
0012021002010
0012021002011
0012101222200
0012101222201
0012101222210
0012101222211
0012112000200
0012112000201
0012112000210
0012112000211
0012120111200
0012120111201
0012120111210
0012120111211
0012200001100
0012200001101
0012200001110
0012200001111
0012211112100
0012211112101
0012211112110
0012211112111
0012222220100
0012222220101
0012222220110
0012222220111
0020001102100
0020001102101
0020001102110
0020001102111
0020012210100
0020012210101
0020012210110
0020012210111
0020020021100
0020020021101
0020020021110
0020020021111
0020100211000
0020100211001
0020100211010
0020100211011
0020111022000
0020111022001
0020111022010
0020111022011
0020122100000
0020122100001
0020122100010
0020122100011
0020202020200
0020202020201
0020202020210
0020202020211
0020210101200
0020210101201
0020210101210
0020210101211
0020221212200
0020221212201
0020221212210
0020221212211
0021001220000
0021001220001
0021001220010
0021001220011
0021012001000
0021012001001
0021012001010
0021012001011
0021020112000
0021020112001
0021020112010
0021020112011
0021100002200
0021100002201
0021100002210
0021100002211
0021111110200
0021111110201
0021111110210
0021111110211
0021122221200
0021122221201
0021122221210
0021122221211
0021202111100
0021202111101
0021202111110
0021202111111
0021210222100
0021210222101
0021210222110
0021210222111
0021221000100
0021221000101
0021221000110
0021221000111
0022001011200
0022001011201
0022001011210
0022001011211
0022012122200
0022012122201
0022012122210
0022012122211
0022020200200
0022020200201
0022020200210
0022020200211
0022100120100
0022100120101
0022100120110
0022100120111
0022111201100
0022111201101
0022111201110
0022111201111
0022122012100
0022122012101
0022122012110
0022122012111
0022202202000
0022202202001
0022202202010
0022202202011
0022210010000
0022210010001
0022210010010
0022210010011
0022221121000
0022221121001
0022221121010
0022221121011
0100001022200
0100001022201
0100001022210
0100001022211
0100012100200
0100012100201
0100012100210
0100012100211
0100020211200
0100020211201
0100020211210
0100020211211
0100100101100
0100100101101
0100100101110
0100100101111
0100111212100
0100111212101
0100111212110
0100111212111
0100122020100
0100122020101
0100122020110
0100122020111
0100202210000
0100202210001
0100202210010
0100202210011
0100210021000
0100210021001
0100210021010
0100210021011
0100221102000
0100221102001
0100221102010
0100221102011
0101001110100
0101001110101
0101001110110
0101001110111
0101012221100
0101012221101
0101012221110
0101012221111
0101020002100
0101020002101
0101020002110
0101020002111
0101100222000
0101100222001
0101100222010
0101100222011
0101111000000
0101111000001
0101111000010
0101111000011
0101122111000
0101122111001
0101122111010
0101122111011
0101202001200
0101202001201
0101202001210
0101202001211
0101210112200
0101210112201
0101210112210
0101210112211
0101221220200
0101221220201
0101221220210
0101221220211
0102001201000
0102001201001
0102001201010
0102001201011
0102012012000
0102012012001
0102012012010
0102012012011
0102020120000
0102020120001
0102020120010
0102020120011
0102100010200
0102100010201
0102100010210
0102100010211
0102111121200
0102111121201
0102111121210
0102111121211
0102122202200
0102122202201
0102122202210
0102122202211
0102202122100
0102202122101
0102202122110
0102202122111
0102210200100
0102210200101
0102210200110
0102210200111
0102221011100
0102221011101
0102221011110
0102221011111
0110000220100
0110000220101
0110000220110
0110000220111
0110011001100
0110011001101
0110011001110
0110011001111
0110022112100
0110022112101
0110022112110
0110022112111
0110102002000
0110102002001
0110102002010
0110102002011
0110110110000
0110110110001
0110110110010
0110110110011
0110121221000
0110121221001
0110121221010
0110121221011
0110201111200
0110201111201
0110201111210
0110201111211
0110212222200
0110212222201
0110212222210
0110212222211
0110220000200
0110220000201
0110220000210
0110220000211
0111000011000
0111000011001
0111000011010
0111000011011
0111011122000
0111011122001
0111011122010
0111011122011
0111022200000
0111022200001
0111022200010
0111022200011
0111102120200
0111102120201
0111102120210
0111102120211
0111110201200
0111110201201
0111110201210
0111110201211
0111121012200
0111121012201
0111121012210
0111121012211
0111201202100
0111201202101
0111201202110
0111201202111
0111212010100
0111212010101
0111212010110
0111212010111
0111220121100
0111220121101
0111220121110
0111220121111
0112000102200
0112000102201
0112000102210
0112000102211
0112011210200
0112011210201
0112011210210
0112011210211
0112022021200
0112022021201
0112022021210
0112022021211
0112102211100
0112102211101
0112102211110
0112102211111
0112110022100
0112110022101
0112110022110
0112110022111
0112121100100
0112121100101
0112121100110
0112121100111
0112201020000
0112201020001
0112201020010
0112201020011
0112212101000
0112212101001
0112212101010
0112212101011
0112220212000
0112220212001
0112220212010
0112220212011
0120002121000
0120002121001
0120002121010
0120002121011
0120010202000
0120010202001
0120010202010
0120010202011
0120021010000
0120021010001
0120021010010
0120021010011
0120101200200
0120101200201
0120101200210
0120101200211
0120112011200
0120112011201
0120112011210
0120112011211
0120120122200
0120120122201
0120120122210
0120120122211
0120200012100
0120200012101
0120200012110
0120200012111
0120211120100
0120211120101
0120211120110
0120211120111
0120222201100
0120222201101
0120222201110
0120222201111
0121002212200
0121002212201
0121002212210
0121002212211
0121010020200
0121010020201
0121010020210
0121010020211
0121021101200
0121021101201
0121021101210
0121021101211
0121101021100
0121101021101
0121101021110
0121101021111
0121112102100
0121112102101
0121112102110
0121112102111
0121120210100
0121120210101
0121120210110
0121120210111
0121200100000
0121200100001
0121200100010
0121200100011
0121211211000
0121211211001
0121211211010
0121211211011
0121222022000
0121222022001
0121222022010
0121222022011
0122002000100
0122002000101
0122002000110
0122002000111
0122010111100
0122010111101
0122010111110
0122010111111
0122021222100
0122021222101
0122021222110
0122021222111
0122101112000
0122101112001
0122101112010
0122101112011
0122112220000
0122112220001
0122112220010
0122112220011
0122120001000
0122120001001
0122120001010
0122120001011
0122200221200
0122200221201
0122200221210
0122200221211
0122211002200
0122211002201
0122211002210
0122211002211
0122222110200
0122222110201
0122222110210
0122222110211
0200002011100
0200002011101
0200002011110
0200002011111
0200010122100
0200010122101
0200010122110
0200010122111
0200021200100
0200021200101
0200021200110
0200021200111
0200101120000
0200101120001
0200101120010
0200101120011
0200112201000
0200112201001
0200112201010
0200112201011
0200120012000
0200120012001
0200120012010
0200120012011
0200200202200
0200200202201
0200200202210
0200200202211
0200211010200
0200211010201
0200211010210
0200211010211
0200222121200
0200222121201
0200222121210
0200222121211
0201002102000
0201002102001
0201002102010
0201002102011
0201010210000
0201010210001
0201010210010
0201010210011
0201021021000
0201021021001
0201021021010
0201021021011
0201101211200
0201101211201
0201101211210
0201101211211
0201112022200
0201112022201
0201112022210
0201112022211
0201120100200
0201120100201
0201120100210
0201120100211
0201200020100
0201200020101
0201200020110
0201200020111
0201211101100
0201211101101
0201211101110
0201211101111
0201222212100
0201222212101
0201222212110
0201222212111
0202002220200
0202002220201
0202002220210
0202002220211
0202010001200
0202010001201
0202010001210
0202010001211
0202021112200
0202021112201
0202021112210
0202021112211
0202101002100
0202101002101
0202101002110
0202101002111
0202112110100
0202112110101
0202112110110
0202112110111
0202120221100
0202120221101
0202120221110
0202120221111
0202200111000
0202200111001
0202200111010
0202200111011
0202211222000
0202211222001
0202211222010
0202211222011
0202222000000
0202222000001
0202222000010
0202222000011
0210001212000
0210001212001
0210001212010
0210001212011
0210012020000
0210012020001
0210012020010
0210012020011
0210020101000
0210020101001
0210020101010
0210020101011
0210100021200
0210100021201
0210100021210
0210100021211
0210111102200
0210111102201
0210111102210
0210111102211
0210122210200
0210122210201
0210122210210
0210122210211
0210202100100
0210202100101
0210202100110
0210202100111
0210210211100
0210210211101
0210210211110
0210210211111
0210221022100
0210221022101
0210221022110
0210221022111
0211001000200
0211001000201
0211001000210
0211001000211
0211012111200
0211012111201
0211012111210
0211012111211
0211020222200
0211020222201
0211020222210
0211020222211
0211100112100
0211100112101
0211100112110
0211100112111
0211111220100
0211111220101
0211111220110
0211111220111
0211122001100
0211122001101
0211122001110
0211122001111
0211202221000
0211202221001
0211202221010
0211202221011
0211210002000
0211210002001
0211210002010
0211210002011
0211221110000
0211221110001
0211221110010
0211221110011
0212001121100
0212001121101
0212001121110
0212001121111
0212012202100
0212012202101
0212012202110
0212012202111
0212020010100
0212020010101
0212020010110
0212020010111
0212100200000
0212100200001
0212100200010
0212100200011
0212111011000
0212111011001
0212111011010
0212111011011
0212122122000
0212122122001
0212122122010
0212122122011
0212202012200
0212202012201
0212202012210
0212202012211
0212210120200
0212210120201
0212210120210
0212210120211
0212221201200
0212221201201
0212221201210
0212221201211
0220000110200
0220000110201
0220000110210
0220000110211
0220011221200
0220011221201
0220011221210
0220011221211
0220022002200
0220022002201
0220022002210
0220022002211
0220102222100
0220102222101
0220102222110
0220102222111
0220110000100
0220110000101
0220110000110
0220110000111
0220121111100
0220121111101
0220121111110
0220121111111
0220201001000
0220201001001
0220201001010
0220201001011
0220212112000
0220212112001
0220212112010
0220212112011
0220220220000
0220220220001
0220220220010
0220220220011
0221000201100
0221000201101
0221000201110
0221000201111
0221011012100
0221011012101
0221011012110
0221011012111
0221022120100
0221022120101
0221022120110
0221022120111
0221102010000
0221102010001
0221102010010
0221102010011
0221110121000
0221110121001
0221110121010
0221110121011
0221121202000
0221121202001
0221121202010
0221121202011
0221201122200
0221201122201
0221201122210
0221201122211
0221212200200
0221212200201
0221212200210
0221212200211
0221220011200
0221220011201
0221220011210
0221220011211
0222000022000
0222000022001
0222000022010
0222000022011
0222011100000
0222011100001
0222011100010
0222011100011
0222022211000
0222022211001
0222022211010
0222022211011
0222102101200
0222102101201
0222102101210
0222102101211
0222110212200
0222110212201
0222110212210
0222110212211
0222121020200
0222121020201
0222121020210
0222121020211
0222201210100
0222201210101
0222201210110
0222201210111
0222212021100
0222212021101
0222212021110
0222212021111
0222220102100
0222220102101
0222220102110
0222220102111
1000001210200
1000001210201
1000001210210
1000001210211
1000012021200
1000012021201
1000012021210
1000012021211
1000020102200
1000020102201
1000020102210
1000020102211
1000100022100
1000100022101
1000100022110
1000100022111
1000111100100
1000111100101
1000111100110
1000111100111
1000122211100
1000122211101
1000122211110
1000122211111
1000202101000
1000202101001
1000202101010
1000202101011
1000210212000
1000210212001
1000210212010
1000210212011
1000221020000
1000221020001
1000221020010
1000221020011
1001001001100
1001001001101
1001001001110
1001001001111
1001012112100
1001012112101
1001012112110
1001012112111
1001020220100
1001020220101
1001020220110
1001020220111
1001100110000
1001100110001
1001100110010
1001100110011
1001111221000
1001111221001
1001111221010
1001111221011
1001122002000
1001122002001
1001122002010
1001122002011
1001202222200
1001202222201
1001202222210
1001202222211
1001210000200
1001210000201
1001210000210
1001210000211
1001221111200
1001221111201
1001221111210
1001221111211
1002001122000
1002001122001
1002001122010
1002001122011
1002012200000
1002012200001
1002012200010
1002012200011
1002020011000
1002020011001
1002020011010
1002020011011
1002100201200
1002100201201
1002100201210
1002100201211
1002111012200
1002111012201
1002111012210
1002111012211
1002122120200
1002122120201
1002122120210
1002122120211
1002202010100
1002202010101
1002202010110
1002202010111
1002210121100
1002210121101
1002210121110
1002210121111
1002221202100
1002221202101
1002221202110
1002221202111
1010000111100
1010000111101
1010000111110
1010000111111
1010011222100
1010011222101
1010011222110
1010011222111
1010022000100
1010022000101
1010022000110
1010022000111
1010102220000
1010102220001
1010102220010
1010102220011
1010110001000
1010110001001
1010110001010
1010110001011
1010121112000
1010121112001
1010121112010
1010121112011
1010201002200
1010201002201
1010201002210
1010201002211
1010212110200
1010212110201
1010212110210
1010212110211
1010220221200
1010220221201
1010220221210
1010220221211
1011000202000
1011000202001
1011000202010
1011000202011
1011011010000
1011011010001
1011011010010
1011011010011
1011022121000
1011022121001
1011022121010
1011022121011
1011102011200
1011102011201
1011102011210
1011102011211
1011110122200
1011110122201
1011110122210
1011110122211
1011121200200
1011121200201
1011121200210
1011121200211
1011201120100
1011201120101
1011201120110
1011201120111
1011212201100
1011212201101
1011212201110
1011212201111
1011220012100
1011220012101
1011220012110
1011220012111
1012000020200
1012000020201
1012000020210
1012000020211
1012011101200
1012011101201
1012011101210
1012011101211
1012022212200
1012022212201
1012022212210
1012022212211
1012102102100
1012102102101
1012102102110
1012102102111
1012110210100
1012110210101
1012110210110
1012110210111
1012121021100
1012121021101
1012121021110
1012121021111
1012201211000
1012201211001
1012201211010
1012201211011
1012212022000
1012212022001
1012212022010
1012212022011
1012220100000
1012220100001
1012220100010
1012220100011
1020002012000
1020002012001
1020002012010
1020002012011
1020010120000
1020010120001
1020010120010
1020010120011
1020021201000
1020021201001
1020021201010
1020021201011
1020101121200
1020101121201
1020101121210
1020101121211
1020112202200
1020112202201
1020112202210
1020112202211
1020120010200
1020120010201
1020120010210
1020120010211
1020200200100
1020200200101
1020200200110
1020200200111
1020211011100
1020211011101
1020211011110
1020211011111
1020222122100
1020222122101
1020222122110
1020222122111
1021002100200
1021002100201
1021002100210
1021002100211
1021010211200
1021010211201
1021010211210
1021010211211
1021021022200
1021021022201
1021021022210
1021021022211
1021101212100
1021101212101
1021101212110
1021101212111
1021112020100
1021112020101
1021112020110
1021112020111
1021120101100
1021120101101
1021120101110
1021120101111
1021200021000
1021200021001
1021200021010
1021200021011
1021211102000
1021211102001
1021211102010
1021211102011
1021222210000
1021222210001
1021222210010
1021222210011
1022002221100
1022002221101
1022002221110
1022002221111
1022010002100
1022010002101
1022010002110
1022010002111
1022021110100
1022021110101
1022021110110
1022021110111
1022101000000
1022101000001
1022101000010
1022101000011
1022112111000
1022112111001
1022112111010
1022112111011
1022120222000
1022120222001
1022120222010
1022120222011
1022200112200
1022200112201
1022200112210
1022200112211
1022211220200
1022211220201
1022211220210
1022211220211
1022222001200
1022222001201
1022222001210
1022222001211
1100002202100
1100002202101
1100002202110
1100002202111
1100010010100
1100010010101
1100010010110
1100010010111
1100021121100
1100021121101
1100021121110
1100021121111
1100101011000
1100101011001
1100101011010
1100101011011
1100112122000
1100112122001
1100112122010
1100112122011
1100120200000
1100120200001
1100120200010
1100120200011
1100200120200
1100200120201
1100200120210
1100200120211
1100211201200
1100211201201
1100211201210
1100211201211
1100222012200
1100222012201
1100222012210
1100222012211
1101002020000
1101002020001
1101002020010
1101002020011
1101010101000
1101010101001
1101010101010
1101010101011
1101021212000
1101021212001
1101021212010
1101021212011
1101101102200
1101101102201
1101101102210
1101101102211
1101112210200
1101112210201
1101112210210
1101112210211
1101120021200
1101120021201
1101120021210
1101120021211
1101200211100
1101200211101
1101200211110
1101200211111
1101211022100
1101211022101
1101211022110
1101211022111
1101222100100
1101222100101
1101222100110
1101222100111
1102002111200
1102002111201
1102002111210
1102002111211
1102010222200
1102010222201
1102010222210
1102010222211
1102021000200
1102021000201
1102021000210
1102021000211
1102101220100
1102101220101
1102101220110
1102101220111
1102112001100
1102112001101
1102112001110
1102112001111
1102120112100
1102120112101
1102120112110
1102120112111
1102200002000
1102200002001
1102200002010
1102200002011
1102211110000
1102211110001
1102211110010
1102211110011
1102222221000
1102222221001
1102222221010
1102222221011
1110001100000
1110001100001
1110001100010
1110001100011
1110012211000
1110012211001
1110012211010
1110012211011
1110020022000
1110020022001
1110020022010
1110020022011
1110100212200
1110100212201
1110100212210
1110100212211
1110111020200
1110111020201
1110111020210
1110111020211
1110122101200
1110122101201
1110122101210
1110122101211
1110202021100
1110202021101
1110202021110
1110202021111
1110210102100
1110210102101
1110210102110
1110210102111
1110221210100
1110221210101
1110221210110
1110221210111
1111001221200
1111001221201
1111001221210
1111001221211
1111012002200
1111012002201
1111012002210
1111012002211
1111020110200
1111020110201
1111020110210
1111020110211
1111100000100
1111100000101
1111100000110
1111100000111
1111111111100
1111111111101
1111111111110
1111111111111
1111122222100
1111122222101
1111122222110
1111122222111
1111202112000
1111202112001
1111202112010
1111202112011
1111210220000
1111210220001
1111210220010
1111210220011
1111221001000
1111221001001
1111221001010
1111221001011
1112001012100
1112001012101
1112001012110
1112001012111
1112012120100
1112012120101
1112012120110
1112012120111
1112020201100
1112020201101
1112020201110
1112020201111
1112100121000
1112100121001
1112100121010
1112100121011
1112111202000
1112111202001
1112111202010
1112111202011
1112122010000
1112122010001
1112122010010
1112122010011
1112202200200
1112202200201
1112202200210
1112202200211
1112210011200
1112210011201
1112210011210
1112210011211
1112221122200
1112221122201
1112221122210
1112221122211
1120000001200
1120000001201
1120000001210
1120000001211
1120011112200
1120011112201
1120011112210
1120011112211
1120022220200
1120022220201
1120022220210
1120022220211
1120102110100
1120102110101
1120102110110
1120102110111
1120110221100
1120110221101
1120110221110
1120110221111
1120121002100
1120121002101
1120121002110
1120121002111
1120201222000
1120201222001
1120201222010
1120201222011
1120212000000
1120212000001
1120212000010
1120212000011
1120220111000
1120220111001
1120220111010
1120220111011
1121000122100
1121000122101
1121000122110
1121000122111
1121011200100
1121011200101
1121011200110
1121011200111
1121022011100
1121022011101
1121022011110
1121022011111
1121102201000
1121102201001
1121102201010
1121102201011
1121110012000
1121110012001
1121110012010
1121110012011
1121121120000
1121121120001
1121121120010
1121121120011
1121201010200
1121201010201
1121201010210
1121201010211
1121212121200
1121212121201
1121212121210
1121212121211
1121220202200
1121220202201
1121220202210
1121220202211
1122000210000
1122000210001
1122000210010
1122000210011
1122011021000
1122011021001
1122011021010
1122011021011
1122022102000
1122022102001
1122022102010
1122022102011
1122102022200
1122102022201
1122102022210
1122102022211
1122110100200
1122110100201
1122110100210
1122110100211
1122121211200
1122121211201
1122121211210
1122121211211
1122201101100
1122201101101
1122201101110
1122201101111
1122212212100
1122212212101
1122212212110
1122212212111
1122220020100
1122220020101
1122220020110
1122220020111
1200000221000
1200000221001
1200000221010
1200000221011
1200011002000
1200011002001
1200011002010
1200011002011
1200022110000
1200022110001
1200022110010
1200022110011
1200102000200
1200102000201
1200102000210
1200102000211
1200110111200
1200110111201
1200110111210
1200110111211
1200121222200
1200121222201
1200121222210
1200121222211
1200201112100
1200201112101
1200201112110
1200201112111
1200212220100
1200212220101
1200212220110
1200212220111
1200220001100
1200220001101
1200220001110
1200220001111
1201000012200
1201000012201
1201000012210
1201000012211
1201011120200
1201011120201
1201011120210
1201011120211
1201022201200
1201022201201
1201022201210
1201022201211
1201102121100
1201102121101
1201102121110
1201102121111
1201110202100
1201110202101
1201110202110
1201110202111
1201121010100
1201121010101
1201121010110
1201121010111
1201201200000
1201201200001
1201201200010
1201201200011
1201212011000
1201212011001
1201212011010
1201212011011
1201220122000
1201220122001
1201220122010
1201220122011
1202000100100
1202000100101
1202000100110
1202000100111
1202011211100
1202011211101
1202011211110
1202011211111
1202022022100
1202022022101
1202022022110
1202022022111
1202102212000
1202102212001
1202102212010
1202102212011
1202110020000
1202110020001
1202110020010
1202110020011
1202121101000
1202121101001
1202121101010
1202121101011
1202201021200
1202201021201
1202201021210
1202201021211
1202212102200
1202212102201
1202212102210
1202212102211
1202220210200
1202220210201
1202220210210
1202220210211
1210002122200
1210002122201
1210002122210
1210002122211
1210010200200
1210010200201
1210010200210
1210010200211
1210021011200
1210021011201
1210021011210
1210021011211
1210101201100
1210101201101
1210101201110
1210101201111
1210112012100
1210112012101
1210112012110
1210112012111
1210120120100
1210120120101
1210120120110
1210120120111
1210200010000
1210200010001
1210200010010
1210200010011
1210211121000
1210211121001
1210211121010
1210211121011
1210222202000
1210222202001
1210222202010
1210222202011
1211002210100
1211002210101
1211002210110
1211002210111
1211010021100
1211010021101
1211010021110
1211010021111
1211021102100
1211021102101
1211021102110
1211021102111
1211101022000
1211101022001
1211101022010
1211101022011
1211112100000
1211112100001
1211112100010
1211112100011
1211120211000
1211120211001
1211120211010
1211120211011
1211200101200
1211200101201
1211200101210
1211200101211
1211211212200
1211211212201
1211211212210
1211211212211
1211222020200
1211222020201
1211222020210
1211222020211
1212002001000
1212002001001
1212002001010
1212002001011
1212010112000
1212010112001
1212010112010
1212010112011
1212021220000
1212021220001
1212021220010
1212021220011
1212101110200
1212101110201
1212101110210
1212101110211
1212112221200
1212112221201
1212112221210
1212112221211
1212120002200
1212120002201
1212120002210
1212120002211
1212200222100
1212200222101
1212200222110
1212200222111
1212211000100
1212211000101
1212211000110
1212211000111
1212222111100
1212222111101
1212222111110
1212222111111
1220001020100
1220001020101
1220001020110
1220001020111
1220012101100
1220012101101
1220012101110
1220012101111
1220020212100
1220020212101
1220020212110
1220020212111
1220100102000
1220100102001
1220100102010
1220100102011
1220111210000
1220111210001
1220111210010
1220111210011
1220122021000
1220122021001
1220122021010
1220122021011
1220202211200
1220202211201
1220202211210
1220202211211
1220210022200
1220210022201
1220210022210
1220210022211
1220221100200
1220221100201
1220221100210
1220221100211
1221001111000
1221001111001
1221001111010
1221001111011
1221012222000
1221012222001
1221012222010
1221012222011
1221020000000
1221020000001
1221020000010
1221020000011
1221100220200
1221100220201
1221100220210
1221100220211
1221111001200
1221111001201
1221111001210
1221111001211
1221122112200
1221122112201
1221122112210
1221122112211
1221202002100
1221202002101
1221202002110
1221202002111
1221210110100
1221210110101
1221210110110
1221210110111
1221221221100
1221221221101
1221221221110
1221221221111
1222001202200
1222001202201
1222001202210
1222001202211
1222012010200
1222012010201
1222012010210
1222012010211
1222020121200
1222020121201
1222020121210
1222020121211
1222100011100
1222100011101
1222100011110
1222100011111
1222111122100
1222111122101
1222111122110
1222111122111
1222122200100
1222122200101
1222122200110
1222122200111
1222202120000
1222202120001
1222202120010
1222202120011
1222210201000
1222210201001
1222210201010
1222210201011
1222221012000
1222221012001
1222221012010
1222221012011
2000002120100
2000002120101
2000002120110
2000002120111
2000010201100
2000010201101
2000010201110
2000010201111
2000021012100
2000021012101
2000021012110
2000021012111
2000101202000
2000101202001
2000101202010
2000101202011
2000112010000
2000112010001
2000112010010
2000112010011
2000120121000
2000120121001
2000120121010
2000120121011
2000200011200
2000200011201
2000200011210
2000200011211
2000211122200
2000211122201
2000211122210
2000211122211
2000222200200
2000222200201
2000222200210
2000222200211
2001002211000
2001002211001
2001002211010
2001002211011
2001010022000
2001010022001
2001010022010
2001010022011
2001021100000
2001021100001
2001021100010
2001021100011
2001101020200
2001101020201
2001101020210
2001101020211
2001112101200
2001112101201
2001112101210
2001112101211
2001120212200
2001120212201
2001120212210
2001120212211
2001200102100
2001200102101
2001200102110
2001200102111
2001211210100
2001211210101
2001211210110
2001211210111
2001222021100
2001222021101
2001222021110
2001222021111
2002002002200
2002002002201
2002002002210
2002002002211
2002010110200
2002010110201
2002010110210
2002010110211
2002021221200
2002021221201
2002021221210
2002021221211
2002101111100
2002101111101
2002101111110
2002101111111
2002112222100
2002112222101
2002112222110
2002112222111
2002120000100
2002120000101
2002120000110
2002120000111
2002200220000
2002200220001
2002200220010
2002200220011
2002211001000
2002211001001
2002211001010
2002211001011
2002222112000
2002222112001
2002222112010
2002222112011
2010001021000
2010001021001
2010001021010
2010001021011
2010012102000
2010012102001
2010012102010
2010012102011
2010020210000
2010020210001
2010020210010
2010020210011
2010100100200
2010100100201
2010100100210
2010100100211
2010111211200
2010111211201
2010111211210
2010111211211
2010122022200
2010122022201
2010122022210
2010122022211
2010202212100
2010202212101
2010202212110
2010202212111
2010210020100
2010210020101
2010210020110
2010210020111
2010221101100
2010221101101
2010221101110
2010221101111
2011001112200
2011001112201
2011001112210
2011001112211
2011012220200
2011012220201
2011012220210
2011012220211
2011020001200
2011020001201
2011020001210
2011020001211
2011100221100
2011100221101
2011100221110
2011100221111
2011111002100
2011111002101
2011111002110
2011111002111
2011122110100
2011122110101
2011122110110
2011122110111
2011202000000
2011202000001
2011202000010
2011202000011
2011210111000
2011210111001
2011210111010
2011210111011
2011221222000
2011221222001
2011221222010
2011221222011
2012001200100
2012001200101
2012001200110
2012001200111
2012012011100
2012012011101
2012012011110
2012012011111
2012020122100
2012020122101
2012020122110
2012020122111
2012100012000
2012100012001
2012100012010
2012100012011
2012111120000
2012111120001
2012111120010
2012111120011
2012122201000
2012122201001
2012122201010
2012122201011
2012202121200
2012202121201
2012202121210
2012202121211
2012210202200
2012210202201
2012210202210
2012210202211
2012221010200
2012221010201
2012221010210
2012221010211
2020000222200
2020000222201
2020000222210
2020000222211
2020011000200
2020011000201
2020011000210
2020011000211
2020022111200
2020022111201
2020022111210
2020022111211
2020102001100
2020102001101
2020102001110
2020102001111
2020110112100
2020110112101
2020110112110
2020110112111
2020121220100
2020121220101
2020121220110
2020121220111
2020201110000
2020201110001
2020201110010
2020201110011
2020212221000
2020212221001
2020212221010
2020212221011
2020220002000
2020220002001
2020220002010
2020220002011
2021000010100
2021000010101
2021000010110
2021000010111
2021011121100
2021011121101
2021011121110
2021011121111
2021022202100
2021022202101
2021022202110
2021022202111
2021102122000
2021102122001
2021102122010
2021102122011
2021110200000
2021110200001
2021110200010
2021110200011
2021121011000
2021121011001
2021121011010
2021121011011
2021201201200
2021201201201
2021201201210
2021201201211
2021212012200
2021212012201
2021212012210
2021212012211
2021220120200
2021220120201
2021220120210
2021220120211
2022000101000
2022000101001
2022000101010
2022000101011
2022011212000
2022011212001
2022011212010
2022011212011
2022022020000
2022022020001
2022022020010
2022022020011
2022102210200
2022102210201
2022102210210
2022102210211
2022110021200
2022110021201
2022110021210
2022110021211
2022121102200
2022121102201
2022121102210
2022121102211
2022201022100
2022201022101
2022201022110
2022201022111
2022212100100
2022212100101
2022212100110
2022212100111
2022220211100
2022220211101
2022220211110
2022220211111
2100000112000
2100000112001
2100000112010
2100000112011
2100011220000
2100011220001
2100011220010
2100011220011
2100022001000
2100022001001
2100022001010
2100022001011
2100102221200
2100102221201
2100102221210
2100102221211
2100110002200
2100110002201
2100110002210
2100110002211
2100121110200
2100121110201
2100121110210
2100121110211
2100201000100
2100201000101
2100201000110
2100201000111
2100212111100
2100212111101
2100212111110
2100212111111
2100220222100
2100220222101
2100220222110
2100220222111
2101000200200
2101000200201
2101000200210
2101000200211
2101011011200
2101011011201
2101011011210
2101011011211
2101022122200
2101022122201
2101022122210
2101022122211
2101102012100
2101102012101
2101102012110
2101102012111
2101110120100
2101110120101
2101110120110
2101110120111
2101121201100
2101121201101
2101121201110
2101121201111
2101201121000
2101201121001
2101201121010
2101201121011
2101212202000
2101212202001
2101212202010
2101212202011
2101220010000
2101220010001
2101220010010
2101220010011
2102000021100
2102000021101
2102000021110
2102000021111
2102011102100
2102011102101
2102011102110
2102011102111
2102022210100
2102022210101
2102022210110
2102022210111
2102102100000
2102102100001
2102102100010
2102102100011
2102110211000
2102110211001
2102110211010
2102110211011
2102121022000
2102121022001
2102121022010
2102121022011
2102201212200
2102201212201
2102201212210
2102201212211
2102212020200
2102212020201
2102212020210
2102212020211
2102220101200
2102220101201
2102220101210
2102220101211
2110002010200
2110002010201
2110002010210
2110002010211
2110010121200
2110010121201
2110010121210
2110010121211
2110021202200
2110021202201
2110021202210
2110021202211
2110101122100
2110101122101
2110101122110
2110101122111
2110112200100
2110112200101
2110112200110
2110112200111
2110120011100
2110120011101
2110120011110
2110120011111
2110200201000
2110200201001
2110200201010
2110200201011
2110211012000
2110211012001
2110211012010
2110211012011
2110222120000
2110222120001
2110222120010
2110222120011
2111002101100
2111002101101
2111002101110
2111002101111
2111010212100
2111010212101
2111010212110
2111010212111
2111021020100
2111021020101
2111021020110
2111021020111
2111101210000
2111101210001
2111101210010
2111101210011
2111112021000
2111112021001
2111112021010
2111112021011
2111120102000
2111120102001
2111120102010
2111120102011
2111200022200
2111200022201
2111200022210
2111200022211
2111211100200
2111211100201
2111211100210
2111211100211
2111222211200
2111222211201
2111222211210
2111222211211
2112002222000
2112002222001
2112002222010
2112002222011
2112010000000
2112010000001
2112010000010
2112010000011
2112021111000
2112021111001
2112021111010
2112021111011
2112101001200
2112101001201
2112101001210
2112101001211
2112112112200
2112112112201
2112112112210
2112112112211
2112120220200
2112120220201
2112120220210
2112120220211
2112200110100
2112200110101
2112200110110
2112200110111
2112211221100
2112211221101
2112211221110
2112211221111
2112222002100
2112222002101
2112222002110
2112222002111
2120001211100
2120001211101
2120001211110
2120001211111
2120012022100
2120012022101
2120012022110
2120012022111
2120020100100
2120020100101
2120020100110
2120020100111
2120100020000
2120100020001
2120100020010
2120100020011
2120111101000
2120111101001
2120111101010
2120111101011
2120122212000
2120122212001
2120122212010
2120122212011
2120202102200
2120202102201
2120202102210
2120202102211
2120210210200
2120210210201
2120210210210
2120210210211
2120221021200
2120221021201
2120221021210
2120221021211
2121001002000
2121001002001
2121001002010
2121001002011
2121012110000
2121012110001
2121012110010
2121012110011
2121020221000
2121020221001
2121020221010
2121020221011
2121100111200
2121100111201
2121100111210
2121100111211
2121111222200
2121111222201
2121111222210
2121111222211
2121122000200
2121122000201
2121122000210
2121122000211
2121202220100
2121202220101
2121202220110
2121202220111
2121210001100
2121210001101
2121210001110
2121210001111
2121221112100
2121221112101
2121221112110
2121221112111
2122001120200
2122001120201
2122001120210
2122001120211
2122012201200
2122012201201
2122012201210
2122012201211
2122020012200
2122020012201
2122020012210
2122020012211
2122100202100
2122100202101
2122100202110
2122100202111
2122111010100
2122111010101
2122111010110
2122111010111
2122122121100
2122122121101
2122122121110
2122122121111
2122202011000
2122202011001
2122202011010
2122202011011
2122210122000
2122210122001
2122210122010
2122210122011
2122221200000
2122221200001
2122221200010
2122221200011
2200001101200
2200001101201
2200001101210
2200001101211
2200012212200
2200012212201
2200012212210
2200012212211
2200020020200
2200020020201
2200020020210
2200020020211
2200100210100
2200100210101
2200100210110
2200100210111
2200111021100
2200111021101
2200111021110
2200111021111
2200122102100
2200122102101
2200122102110
2200122102111
2200202022000
2200202022001
2200202022010
2200202022011
2200210100000
2200210100001
2200210100010
2200210100011
2200221211000
2200221211001
2200221211010
2200221211011
2201001222100
2201001222101
2201001222110
2201001222111
2201012000100
2201012000101
2201012000110
2201012000111
2201020111100
2201020111101
2201020111110
2201020111111
2201100001000
2201100001001
2201100001010
2201100001011
2201111112000
2201111112001
2201111112010
2201111112011
2201122220000
2201122220001
2201122220010
2201122220011
2201202110200
2201202110201
2201202110210
2201202110211
2201210221200
2201210221201
2201210221210
2201210221211
2201221002200
2201221002201
2201221002210
2201221002211
2202001010000
2202001010001
2202001010010
2202001010011
2202012121000
2202012121001
2202012121010
2202012121011
2202020202000
2202020202001
2202020202010
2202020202011
2202100122200
2202100122201
2202100122210
2202100122211
2202111200200
2202111200201
2202111200210
2202111200211
2202122011200
2202122011201
2202122011210
2202122011211
2202202201100
2202202201101
2202202201110
2202202201111
2202210012100
2202210012101
2202210012110
2202210012111
2202221120100
2202221120101
2202221120110
2202221120111
2210000002100
2210000002101
2210000002110
2210000002111
2210011110100
2210011110101
2210011110110
2210011110111
2210022221100
2210022221101
2210022221110
2210022221111
2210102111000
2210102111001
2210102111010
2210102111011
2210110222000
2210110222001
2210110222010
2210110222011
2210121000000
2210121000001
2210121000010
2210121000011
2210201220200
2210201220201
2210201220210
2210201220211
2210212001200
2210212001201
2210212001210
2210212001211
2210220112200
2210220112201
2210220112210
2210220112211
2211000120000
2211000120001
2211000120010
2211000120011
2211011201000
2211011201001
2211011201010
2211011201011
2211022012000
2211022012001
2211022012010
2211022012011
2211102202200
2211102202201
2211102202210
2211102202211
2211110010200
2211110010201
2211110010210
2211110010211
2211121121200
2211121121201
2211121121210
2211121121211
2211201011100
2211201011101
2211201011110
2211201011111
2211212122100
2211212122101
2211212122110
2211212122111
2211220200100
2211220200101
2211220200110
2211220200111
2212000211200
2212000211201
2212000211210
2212000211211
2212011022200
2212011022201
2212011022210
2212011022211
2212022100200
2212022100201
2212022100210
2212022100211
2212102020100
2212102020101
2212102020110
2212102020111
2212110101100
2212110101101
2212110101110
2212110101111
2212121212100
2212121212101
2212121212110
2212121212111
2212201102000
2212201102001
2212201102010
2212201102011
2212212210000
2212212210001
2212212210010
2212212210011
2212220021000
2212220021001
2212220021010
2212220021011
2220002200000
2220002200001
2220002200010
2220002200011
2220010011000
2220010011001
2220010011010
2220010011011
2220021122000
2220021122001
2220021122010
2220021122011
2220101012200
2220101012201
2220101012210
2220101012211
2220112120200
2220112120201
2220112120210
2220112120211
2220120201200
2220120201201
2220120201210
2220120201211
2220200121100
2220200121101
2220200121110
2220200121111
2220211202100
2220211202101
2220211202110
2220211202111
2220222010100
2220222010101
2220222010110
2220222010111
2221002021200
2221002021201
2221002021210
2221002021211
2221010102200
2221010102201
2221010102210
2221010102211
2221021210200
2221021210201
2221021210210
2221021210211
2221101100100
2221101100101
2221101100110
2221101100111
2221112211100
2221112211101
2221112211110
2221112211111
2221120022100
2221120022101
2221120022110
2221120022111
2221200212000
2221200212001
2221200212010
2221200212011
2221211020000
2221211020001
2221211020010
2221211020011
2221222101000
2221222101001
2221222101010
2221222101011
2222002112100
2222002112101
2222002112110
2222002112111
2222010220100
2222010220101
2222010220110
2222010220111
2222021001100
2222021001101
2222021001110
2222021001111
2222101221000
2222101221001
2222101221010
2222101221011
2222112002000
2222112002001
2222112002010
2222112002011
2222120110000
2222120110001
2222120110010
2222120110011
2222200000200
2222200000201
2222200000210
2222200000211
2222211111200
2222211111201
2222211111210
2222211111211
2222222222200
2222222222201
2222222222210
2222222222211,