00000000000
00000111110
00000222220
00001021122
00001102202
00001210012
00002012211
00002120021
00002201101
00010001212
00010112022
00010220102
00011022001
00011100111
00011211221
00012010120
00012121200
00012202010
00020002121
00020110201
00020221011
00021020210
00021101020
00021212100
00022011002
00022122112
00022200222
00100022012
00100100122
00100211202
00101010101
00101121211
00101202021
00102001220
00102112000
00102220110
00110020221
00110101001
00110212111
00111011010
00111122120
00111200200
00112002102
00112110212
00112221022
00120021100
00120102210
00120210020
00121012222
00121120002
00121201112
00122000011
00122111121
00122222201
00200011021
00200122101
00200200211
00201002110
00201110220
00201221000
00202020202
00202101012
00202212122
00210012200
00210120010
00210201120
00211000022
00211111102
00211222212
00212021111
00212102221
00212210001
00220010112
00220121222
00220202002
00221001201
00221112011
00221220121
00222022020
00222100100
00222211210
01000010222
01000121002
01000202112
01001001011
01001112121
01001220201
01002022100
01002100210
01002211020
01010011101
01010122211
01010200021
01011002220
01011110000
01011221110
01012020012
01012101122
01012212202
01020012010
01020120120
01020201200
01021000102
01021111212
01021222022
01022021221
01022102001
01022210111
01100002201
01100110011
01100221121
01101020020
01101101100
01101212210
01102011112
01102122222
01102200002
01110000110
01110111220
01110222000
01111021202
01111102012
01111210122
01112012021
01112120101
01112201211
01120001022
01120112102
01120220212
01121022111
01121100221
01121211001
01122010200
01122121010
01122202120
01200021210
01200102020
01200210100
01201012002
01201120112
01201201222
01202000121
01202111201
01202222011
01210022122
01210100202
01210211012
01211010211
01211121021
01211202101
01212001000
01212112110
01212220220
01220020001
01220101111
01220212221
01221011120
01221122200
01221200010
01222002212
01222110022
01222221102
02000020111
02000101221
02000212001
02001011200
02001122010
02001200120
02002002022
02002110102
02002221212
02010021020
02010102100
02010210210
02011012112
02011120222
02011201002
02012000201
02012111011
02012222121
02020022202
02020100012
02020211122
02021010021
02021121101
02021202211
02022001110
02022112220
02022220000
02100012120
02100120200
02100201010
02101000212
02101111022
02101222102
02102021001
02102102111
02102210221
02110010002
02110121112
02110202222
02111001121
02111112201
02111220011
02112022210
02112100020
02112211100
02120011211
02120122021
02120200101
02121002000
02121110110
02121221220
02122020122
02122101202
02122212012
02200001102
02200112212
02200220022
02201022221
02201100001
02201211111
02202010010
02202121120
02202202200
02210002011
02210110121
02210221201
02211020100
02211101210
02211212020
02212011222
02212122002
02212200112
02220000220
02220111000
02220222110
02221021012
02221102122
02221210202
02222012101
02222120211
02222201021
10000012102
10000120212
10000201022
10001000221
10001111001
10001222111
10002021010
10002102120
10002210200
10010010011
10010121121
10010202201
10011001100
10011112210
10011220020
10012022222
10012100002
10012211112
10020011220
10020122000
10020200110
10021002012
10021110122
10021221202
10022020101
10022101211
10022212021
10100001111
10100112221
10100220001
10101022200
10101100010
10101211120
10102010022
10102121102
10102202212
10110002020
10110110100
10110221210
10111020112
10111101222
10111212002
10112011201
10112122011
10112200121
10120000202
10120111012
10120222122
10121021021
10121102101
10121210211
10122012110
10122120220
10122201000
10200020120
10200101200
10200212010
10201011212
10201122022
10201200102
10202002001
10202110111
10202221221
10210021002
10210102112
10210210222
10211012121
10211120201
10211201011
10212000210
10212111020
10212222100
10220022211
10220100021
10220211101
10221010000
10221121110
10221202220
10222001122
10222112202
10222220012
11000022021
11000100101
11000211211
11001010110
11001121220
11001202000
11002001202
11002112012
11002220122
11010020200
11010101010
11010212120
11011011022
11011122102
11011200212
11012002111
11012110221
11012221001
11020021112
11020102222
11020210002
11021012201
11021120011
11021201121
11022000020
11022111100
11022222210
11100011000
11100122110
11100200220
11101002122
11101110202
11101221012
11102020211
11102101021
11102212101
11110012212
11110120022
11110201102
11111000001
11111111111
11111222221
11112021120
11112102200
11112210010
11120010121
11120121201
11120202011
11121001210
11121112020
11121220100
11122022002
11122100112
11122211222
11200000012
11200111122
11200222202
11201021101
11201102211
11201210021
11202012220
11202120000
11202201110
11210001221
11210112001
11210220111
11211022010
11211100120
11211211200
11212010102
11212121212
11212202022
11220002100
11220110210
11220221020
11221020222
11221101002
11221212112
11222011011
11222122121
11222200201
12000002210
12000110020
12000221100
12001020002
12001101112
12001212222
12002011121
12002122201
12002200011
12010000122
12010111202
12010222012
12011021211
12011102021
12011210101
12012012000
12012120110
12012201220
12020001001
12020112111
12020220221
12021022120
12021100200
12021211010
12022010212
12022121022
12022202102
12100021222
12100102002
12100210112
12101012011
12101120121
12101201201
12102000100
12102111210
12102222020
12110022101
12110100211
12110211021
12111010220
12111121000
12111202110
12112001012
12112112122
12112220202
12120020010
12120101120
12120212200
12121011102
12121122212
12121200022
12122002221
12122110001
12122221111
12200010201
12200121011
12200202121
12201001020
12201112100
12201220210
12202022112
12202100222
12202211002
12210011110
12210122220
12210200000
12211002202
12211110012
12211221122
12212020021
12212101101
12212212211
12220012022
12220120102
12220201212
12221000111
12221111221
12221222001
12222021200
12222102010
12222210120
20000021201
20000102011
20000210121
20001012020
20001120100
20001201210
20002000112
20002111222
20002222002
20010022110
20010100220
20010211000
20011010202
20011121012
20011202122
20012001021
20012112101
20012220211
20020020022
20020101102
20020212212
20021011111
20021122221
20021200001
20022002200
20022110010
20022221120
20100010210
20100121020
20100202100
20101001002
20101112112
20101220222
20102022121
20102100201
20102211011
20110011122
20110122202
20110200012
20111002211
20111110021
20111221101
20112020000
20112101110
20112212220
20120012001
20120120111
20120201221
20121000120
20121111200
20121222010
20122021212
20122102022
20122210102
20200002222
20200110002
20200221112
20201020011
20201101121
20201212201
20202011100
20202122210
20202200020
20210000101
20210111211
20210222021
20211021220
20211102000
20211210110
20212012012
20212120122
20212201202
20220001010
20220112120
20220220200
20221022102
20221100212
20221211022
20222010221
20222121001
20222202111
21000001120
21000112200
21000220010
21001022212
21001100022
21001211102
21002010001
21002121111
21002202221
21010002002
21010110112
21010221222
21011020121
21011101201
21011212011
21012011210
21012122020
21012200100
21020000211
21020111021
21020222101
21021021000
21021102110
21021210220
21022012122
21022120202
21022201012
21100020102
21100101212
21100212022
21101011221
21101122001
21101200111
21102002010
21102110120
21102221200
21110021011
21110102121
21110210201
21111012100
21111120210
21111201020
21112000222
21112111002
21112222112
21120022220
21120100000
21120211110
21121010012
21121121122
21121202202
21122001101
21122112211
21122220021
21200012111
21200120221
21200201001
21201000200
21201111010
21201222120
21202021022
21202102102
21202210212
21210010020
21210121100
21210202210
21211001112
21211112222
21211220002
21212022201
21212100011
21212211121
21220011202
21220122012
21220200122
21221002021
21221110101
21221221211
21222020110
21222101220
21222212000
22000011012
22000122122
22000200202
22001002101
22001110211
22001221021
22002020220
22002101000
22002212110
22010012221
22010120001
22010201111
22011000010
22011111120
22011222200
22012021102
22012102212
22012210022
22020010100
22020121210
22020202020
22021001222
22021112002
22021220112
22022022011
22022100121
22022211201
22100000021
22100111101
22100222211
22101021110
22101102220
22101210000
22102012202
22102120012
22102201122
22110001200
22110112010
22110220120
22111022022
22111100102
22111211212
22112010111
22112121221
22112202001
22120002112
22120110222
22120221002
22121020201
22121101011
22121212121
22122011020
22122122100
22122200210
22200022000
22200100110
22200211220
22201010122
22201121202
22201202012
22202001211
22202112021
22202220101
22210020212
22210101022
22210212102
22211011001
22211122111
22211200221
22212002120
22212110200
22212221010
22220021121
22220102201
22220210011
22221012210
22221120020
22221201100
22222000002
22222111112
22222222222,