000000000000
000000000001
000000000002
000001111100
000001111101
000001111102
000002222200
000002222201
000002222202
000010211220
000010211221
000010211222
000011022020
000011022021
000011022022
000012100120
000012100121
000012100122
000020122110
000020122111
000020122112
000021200210
000021200211
000021200212
000022011010
000022011011
000022011012
000100012120
000100012121
000100012122
000101120220
000101120221
000101120222
000102201020
000102201021
000102201022
000110220010
000110220011
000110220012
000111001110
000111001111
000111001112
000112112210
000112112211
000112112212
000120101200
000120101201
000120101202
000121212000
000121212001
000121212002
000122020100
000122020101
000122020102
000200021210
000200021211
000200021212
000201102010
000201102011
000201102012
000202210110
000202210111
000202210112
000210202100
000210202101
000210202102
000211010200
000211010201
000211010202
000212121000
000212121001
000212121002
000220110020
000220110021
000220110022
000221221120
000221221121
000221221122
000222002220
000222002221
000222002222
001000220120
001000220121
001000220122
001001001220
001001001221
001001001222
001002112020
001002112021
001002112022
001010101010
001010101011
001010101012
001011212110
001011212111
001011212112
001012020210
001012020211
001012020212
001020012200
001020012201
001020012202
001021120000
001021120001
001021120002
001022201100
001022201101
001022201102
001100202210
001100202211
001100202212
001101010010
001101010011
001101010012
001102121110
001102121111
001102121112
001110110100
001110110101
001110110102
001111221200
001111221201
001111221202
001112002000
001112002001
001112002002
001120021020
001120021021
001120021022
001121102120
001121102121
001121102122
001122210220
001122210221
001122210222
001200211000
001200211001
001200211002
001201022100
001201022101
001201022102
001202100200
001202100201
001202100202
001210122220
001210122221
001210122222
001211200020
001211200021
001211200022
001212011120
001212011121
001212011122
001220000110
001220000111
001220000112
001221111210
001221111211
001221111212
001222222010
001222222011
001222222012
002000110210
002000110211
002000110212
002001221010
002001221011
002001221012
002002002110
002002002111
002002002112
002010021100
002010021101
002010021102
002011102200
002011102201
002011102202
002012210000
002012210001
002012210002
002020202020
002020202021
002020202022
002021010120
002021010121
002021010122
002022121220
002022121221
002022121222
002100122000
002100122001
002100122002
002101200100
002101200101
002101200102
002102011200
002102011201
002102011202
002110000220
002110000221
002110000222
002111111020
002111111021
002111111022
002112222120
002112222121
002112222122
002120211110
002120211111
002120211112
002121022210
002121022211
002121022212
002122100010
002122100011
002122100012
002200101120
002200101121
002200101122
002201212220
002201212221
002201212222
002202020020
002202020021
002202020022
002210012010
002210012011
002210012012
002211120110
002211120111
002211120112
002212201210
002212201211
002212201212
002220220200
002220220201
002220220202
002221001000
002221001001
002221001002
002222112100
002222112101
002222112102
010000102220
010000102221
010000102222
010001210020
010001210021
010001210022
010002021120
010002021121
010002021122
010010010110
010010010111
010010010112
010011121210
010011121211
010011121212
010012202010
010012202011
010012202012
010020221000
010020221001
010020221002
010021002100
010021002101
010021002102
010022110200
010022110201
010022110202
010100111010
010100111011
010100111012
010101222110
010101222111
010101222112
010102000210
010102000211
010102000212
010110022200
010110022201
010110022202
010111100000
010111100001
010111100002
010112211100
010112211101
010112211102
010120200120
010120200121
010120200122
010121011220
010121011221
010121011222
010122122020
010122122021
010122122022
010200120100
010200120101
010200120102
010201201200
010201201201
010201201202
010202012000
010202012001
010202012002
010210001020
010210001021
010210001022
010211112120
010211112121
010211112122
010212220220
010212220221
010212220222
010220212210
010220212211
010220212212
010221020010
010221020011
010221020012
010222101110
010222101111
010222101112
011000022010
011000022011
011000022012
011001100110
011001100111
011001100112
011002211210
011002211211
011002211212
011010200200
011010200201
011010200202
011011011000
011011011001
011011011002
011012122100
011012122101
011012122102
011020111120
011020111121
011020111122
011021222220
011021222221
011021222222
011022000020
011022000021
011022000022
011100001100
011100001101
011100001102
011101112200
011101112201
011101112202
011102220000
011102220001
011102220002
011110212020
011110212021
011110212022
011111020120
011111020121
011111020122
011112101220
011112101221
011112101222
011120120210
011120120211
011120120212
011121201010
011121201011
011121201012
011122012110
011122012111
011122012112
011200010220
011200010221
011200010222
011201121020
011201121021
011201121022
011202202120
011202202121
011202202122
011210221110
011210221111
011210221112
011211002210
011211002211
011211002212
011212110010
011212110011
011212110012
011220102000
011220102001
011220102002
011221210100
011221210101
011221210102
011222021200
011222021201
011222021202
012000212100
012000212101
012000212102
012001020200
012001020201
012001020202
012002101000
012002101001
012002101002
012010120020
012010120021
012010120022
012011201120
012011201121
012011201122
012012012220
012012012221
012012012222
012020001210
012020001211
012020001212
012021112010
012021112011
012021112012
012022220110
012022220111
012022220112
012100221220
012100221221
012100221222
012101002020
012101002021
012101002022
012102110120
012102110121
012102110122
012110102110
012110102111
012110102112
012111210210
012111210211
012111210212
012112021010
012112021011
012112021012
012120010000
012120010001
012120010002
012121121100
012121121101
012121121102
012122202200
012122202201
012122202202
012200200010
012200200011
012200200012
012201011110
012201011111
012201011112
012202122210
012202122211
012202122212
012210111200
012210111201
012210111202
012211222000
012211222001
012211222002
012212000100
012212000101
012212000102
012220022120
012220022121
012220022122
012221100220
012221100221
012221100222
012222211020
012222211021
012222211022
020000201110
020000201111
020000201112
020001012210
020001012211
020001012212
020002120010
020002120011
020002120012
020010112000
020010112001
020010112002
020011220100
020011220101
020011220102
020012001200
020012001201
020012001202
020020020220
020020020221
020020020222
020021101020
020021101021
020021101022
020022212120
020022212121
020022212122
020100210200
020100210201
020100210202
020101021000
020101021001
020101021002
020102102100
020102102101
020102102102
020110121120
020110121121
020110121122
020111202220
020111202221
020111202222
020112010020
020112010021
020112010022
020120002010
020120002011
020120002012
020121110110
020121110111
020121110112
020122221210
020122221211
020122221212
020200222020
020200222021
020200222022
020201000120
020201000121
020201000122
020202111220
020202111221
020202111222
020210100210
020210100211
020210100212
020211211010
020211211011
020211211012
020212022110
020212022111
020212022112
020220011100
020220011101
020220011102
020221122200
020221122201
020221122202
020222200000
020222200001
020222200002
021000121200
021000121201
021000121202
021001202000
021001202001
021001202002
021002010100
021002010101
021002010102
021010002120
021010002121
021010002122
021011110220
021011110221
021011110222
021012221020
021012221021
021012221022
021020210010
021020210011
021020210012
021021021110
021021021111
021021021112
021022102210
021022102211
021022102212
021100100020
021100100021
021100100022
021101211120
021101211121
021101211122
021102022220
021102022221
021102022222
021110011210
021110011211
021110011212
021111122010
021111122011
021111122012
021112200110
021112200111
021112200112
021120222100
021120222101
021120222102
021121000200
021121000201
021121000202
021122111000
021122111001
021122111002
021200112110
021200112111
021200112112
021201220210
021201220211
021201220212
021202001010
021202001011
021202001012
021210020000
021210020001
021210020002
021211101100
021211101101
021211101102
021212212200
021212212201
021212212202
021220201220
021220201221
021220201222
021221012020
021221012021
021221012022
021222120120
021222120121
021222120122
022000011020
022000011021
022000011022
022001122120
022001122121
022001122122
022002200220
022002200221
022002200222
022010222210
022010222211
022010222212
022011000010
022011000011
022011000012
022012111110
022012111111
022012111112
022020100100
022020100101
022020100102
022021211200
022021211201
022021211202
022022022000
022022022001
022022022002
022100020110
022100020111
022100020112
022101101210
022101101211
022101101212
022102212010
022102212011
022102212012
022110201000
022110201001
022110201002
022111012100
022111012101
022111012102
022112120200
022112120201
022112120202
022120112220
022120112221
022120112222
022121220020
022121220021
022121220022
022122001120
022122001121
022122001122
022200002200
022200002201
022200002202
022201110000
022201110001
022201110002
022202221100
022202221101
022202221102
022210210120
022210210121
022210210122
022211021220
022211021221
022211021222
022212102020
022212102021
022212102022
022220121010
022220121011
022220121012
022221202110
022221202111
022221202112
022222010210
022222010211
022222010212
100000121020
100000121021
100000121022
100001202120
100001202121
100001202122
100002010220
100002010221
100002010222
100010002210
100010002211
100010002212
100011110010
100011110011
100011110012
100012221110
100012221111
100012221112
100020210100
100020210101
100020210102
100021021200
100021021201
100021021202
100022102000
100022102001
100022102002
100100100110
100100100111
100100100112
100101211210
100101211211
100101211212
100102022010
100102022011
100102022012
100110011000
100110011001
100110011002
100111122100
100111122101
100111122102
100112200200
100112200201
100112200202
100120222220
100120222221
100120222222
100121000020
100121000021
100121000022
100122111120
100122111121
100122111122
100200112200
100200112201
100200112202
100201220000
100201220001
100201220002
100202001100
100202001101
100202001102
100210020120
100210020121
100210020122
100211101220
100211101221
100211101222
100212212020
100212212021
100212212022
100220201010
100220201011
100220201012
100221012110
100221012111
100221012112
100222120210
100222120211
100222120212
101000011110
101000011111
101000011112
101001122210
101001122211
101001122212
101002200010
101002200011
101002200012
101010222000
101010222001
101010222002
101011000100
101011000101
101011000102
101012111200
101012111201
101012111202
101020100220
101020100221
101020100222
101021211020
101021211021
101021211022
101022022120
101022022121
101022022122
101100020200
101100020201
101100020202
101101101000
101101101001
101101101002
101102212100
101102212101
101102212102
101110201120
101110201121
101110201122
101111012220
101111012221
101111012222
101112120020
101112120021
101112120022
101120112010
101120112011
101120112012
101121220110
101121220111
101121220112
101122001210
101122001211
101122001212
101200002020
101200002021
101200002022
101201110120
101201110121
101201110122
101202221220
101202221221
101202221222
101210210210
101210210211
101210210212
101211021010
101211021011
101211021012
101212102110
101212102111
101212102112
101220121100
101220121101
101220121102
101221202200
101221202201
101221202202
101222010000
101222010001
101222010002
102000201200
102000201201
102000201202
102001012000
102001012001
102001012002
102002120100
102002120101
102002120102
102010112120
102010112121
102010112122
102011220220
102011220221
102011220222
102012001020
102012001021
102012001022
102020020010
102020020011
102020020012
102021101110
102021101111
102021101112
102022212210
102022212211
102022212212
102100210020
102100210021
102100210022
102101021120
102101021121
102101021122
102102102220
102102102221
102102102222
102110121210
102110121211
102110121212
102111202010
102111202011
102111202012
102112010110
102112010111
102112010112
102120002100
102120002101
102120002102
102121110200
102121110201
102121110202
102122221000
102122221001
102122221002
102200222110
102200222111
102200222112
102201000210
102201000211
102201000212
102202111010
102202111011
102202111012
102210100000
102210100001
102210100002
102211211100
102211211101
102211211102
102212022200
102212022201
102212022202
102220011220
102220011221
102220011222
102221122020
102221122021
102221122022
102222200120
102222200121
102222200122
110000220210
110000220211
110000220212
110001001010
110001001011
110001001012
110002112110
110002112111
110002112112
110010101100
110010101101
110010101102
110011212200
110011212201
110011212202
110012020000
110012020001
110012020002
110020012020
110020012021
110020012022
110021120120
110021120121
110021120122
110022201220
110022201221
110022201222
110100202000
110100202001
110100202002
110101010100
110101010101
110101010102
110102121200
110102121201
110102121202
110110110220
110110110221
110110110222
110111221020
110111221021
110111221022
110112002120
110112002121
110112002122
110120021110
110120021111
110120021112
110121102210
110121102211
110121102212
110122210010
110122210011
110122210012
110200211120
110200211121
110200211122
110201022220
110201022221
110201022222
110202100020
110202100021
110202100022
110210122010
110210122011
110210122012
110211200110
110211200111
110211200112
110212011210
110212011211
110212011212
110220000200
110220000201
110220000202
110221111000
110221111001
110221111002
110222222100
110222222101
110222222102
111000110000
111000110001
111000110002
111001221100
111001221101
111001221102
111002002200
111002002201
111002002202
111010021220
111010021221
111010021222
111011102020
111011102021
111011102022
111012210120
111012210121
111012210122
111020202110
111020202111
111020202112
111021010210
111021010211
111021010212
111022121010
111022121011
111022121012
111100122120
111100122121
111100122122
111101200220
111101200221
111101200222
111102011020
111102011021
111102011022
111110000010
111110000011
111110000012
111111111110
111111111111
111111111112
111112222210
111112222211
111112222212
111120211200
111120211201
111120211202
111121022000
111121022001
111121022002
111122100100
111122100101
111122100102
111200101210
111200101211
111200101212
111201212010
111201212011
111201212012
111202020110
111202020111
111202020112
111210012100
111210012101
111210012102
111211120200
111211120201
111211120202
111212201000
111212201001
111212201002
111220220020
111220220021
111220220022
111221001120
111221001121
111221001122
111222112220
111222112221
111222112222
112000000120
112000000121
112000000122
112001111220
112001111221
112001111222
112002222020
112002222021
112002222022
112010211010
112010211011
112010211012
112011022110
112011022111
112011022112
112012100210
112012100211
112012100212
112020122200
112020122201
112020122202
112021200000
112021200001
112021200002
112022011100
112022011101
112022011102
112100012210
112100012211
112100012212
112101120010
112101120011
112101120012
112102201110
112102201111
112102201112
112110220100
112110220101
112110220102
112111001200
112111001201
112111001202
112112112000
112112112001
112112112002
112120101020
112120101021
112120101022
112121212120
112121212121
112121212122
112122020220
112122020221
112122020222
112200021000
112200021001
112200021002
112201102100
112201102101
112201102102
112202210200
112202210201
112202210202
112210202220
112210202221
112210202222
112211010020
112211010021
112211010022
112212121120
112212121121
112212121122
112220110110
112220110111
112220110112
112221221210
112221221211
112221221212
112222002010
112222002011
112222002012
120000022100
120000022101
120000022102
120001100200
120001100201
120001100202
120002211000
120002211001
120002211002
120010200020
120010200021
120010200022
120011011120
120011011121
120011011122
120012122220
120012122221
120012122222
120020111210
120020111211
120020111212
120021222010
120021222011
120021222012
120022000110
120022000111
120022000112
120100001220
120100001221
120100001222
120101112020
120101112021
120101112022
120102220120
120102220121
120102220122
120110212110
120110212111
120110212112
120111020210
120111020211
120111020212
120112101010
120112101011
120112101012
120120120000
120120120001
120120120002
120121201100
120121201101
120121201102
120122012200
120122012201
120122012202
120200010010
120200010011
120200010012
120201121110
120201121111
120201121112
120202202210
120202202211
120202202212
120210221200
120210221201
120210221202
120211002000
120211002001
120211002002
120212110100
120212110101
120212110102
120220102120
120220102121
120220102122
120221210220
120221210221
120221210222
120222021020
120222021021
120222021022
121000212220
121000212221
121000212222
121001020020
121001020021
121001020022
121002101120
121002101121
121002101122
121010120110
121010120111
121010120112
121011201210
121011201211
121011201212
121012012010
121012012011
121012012012
121020001000
121020001001
121020001002
121021112100
121021112101
121021112102
121022220200
121022220201
121022220202
121100221010
121100221011
121100221012
121101002110
121101002111
121101002112
121102110210
121102110211
121102110212
121110102200
121110102201
121110102202
121111210000
121111210001
121111210002
121112021100
121112021101
121112021102
121120010120
121120010121
121120010122
121121121220
121121121221
121121121222
121122202020
121122202021
121122202022
121200200100
121200200101
121200200102
121201011200
121201011201
121201011202
121202122000
121202122001
121202122002
121210111020
121210111021
121210111022
121211222120
121211222121
121211222122
121212000220
121212000221
121212000222
121220022210
121220022211
121220022212
121221100010
121221100011
121221100012
121222211110
121222211111
121222211112
122000102010
122000102011
122000102012
122001210110
122001210111
122001210112
122002021210
122002021211
122002021212
122010010200
122010010201
122010010202
122011121000
122011121001
122011121002
122012202100
122012202101
122012202102
122020221120
122020221121
122020221122
122021002220
122021002221
122021002222
122022110020
122022110021
122022110022
122100111100
122100111101
122100111102
122101222200
122101222201
122101222202
122102000000
122102000001
122102000002
122110022020
122110022021
122110022022
122111100120
122111100121
122111100122
122112211220
122112211221
122112211222
122120200210
122120200211
122120200212
122121011010
122121011011
122121011012
122122122110
122122122111
122122122112
122200120220
122200120221
122200120222
122201201020
122201201021
122201201022
122202012120
122202012121
122202012122
122210001110
122210001111
122210001112
122211112210
122211112211
122211112212
122212220010
122212220011
122212220012
122220212000
122220212001
122220212002
122221020100
122221020101
122221020102
122222101200
122222101201
122222101202
200000212010
200000212011
200000212012
200001020110
200001020111
200001020112
200002101210
200002101211
200002101212
200010120200
200010120201
200010120202
200011201000
200011201001
200011201002
200012012100
200012012101
200012012102
200020001120
200020001121
200020001122
200021112220
200021112221
200021112222
200022220020
200022220021
200022220022
200100221100
200100221101
200100221102
200101002200
200101002201
200101002202
200102110000
200102110001
200102110002
200110102020
200110102021
200110102022
200111210120
200111210121
200111210122
200112021220
200112021221
200112021222
200120010210
200120010211
200120010212
200121121010
200121121011
200121121012
200122202110
200122202111
200122202112
200200200220
200200200221
200200200222
200201011020
200201011021
200201011022
200202122120
200202122121
200202122122
200210111110
200210111111
200210111112
200211222210
200211222211
200211222212
200212000010
200212000011
200212000012
200220022000
200220022001
200220022002
200221100100
200221100101
200221100102
200222211200
200222211201
200222211202
201000102100
201000102101
201000102102
201001210200
201001210201
201001210202
201002021000
201002021001
201002021002
201010010020
201010010021
201010010022
201011121120
201011121121
201011121122
201012202220
201012202221
201012202222
201020221210
201020221211
201020221212
201021002010
201021002011
201021002012
201022110110
201022110111
201022110112
201100111220
201100111221
201100111222
201101222020
201101222021
201101222022
201102000120
201102000121
201102000122
201110022110
201110022111
201110022112
201111100210
201111100211
201111100212
201112211010
201112211011
201112211012
201120200000
201120200001
201120200002
201121011100
201121011101
201121011102
201122122200
201122122201
201122122202
201200120010
201200120011
201200120012
201201201110
201201201111
201201201112
201202012210
201202012211
201202012212
201210001200
201210001201
201210001202
201211112000
201211112001
201211112002
201212220100
201212220101
201212220102
201220212120
201220212121
201220212122
201221020220
201221020221
201221020222
201222101020
201222101021
201222101022
202000022220
202000022221
202000022222
202001100020
202001100021
202001100022
202002211120
202002211121
202002211122
202010200110
202010200111
202010200112
202011011210
202011011211
202011011212
202012122010
202012122011
202012122012
202020111000
202020111001
202020111002
202021222100
202021222101
202021222102
202022000200
202022000201
202022000202
202100001010
202100001011
202100001012
202101112110
202101112111
202101112112
202102220210
202102220211
202102220212
202110212200
202110212201
202110212202
202111020000
202111020001
202111020002
202112101100
202112101101
202112101102
202120120120
202120120121
202120120122
202121201220
202121201221
202121201222
202122012020
202122012021
202122012022
202200010100
202200010101
202200010102
202201121200
202201121201
202201121202
202202202000
202202202001
202202202002
202210221020
202210221021
202210221022
202211002120
202211002121
202211002122
202212110220
202212110221
202212110222
202220102210
202220102211
202220102212
202221210010
202221210011
202221210012
202222021110
202222021111
202222021112
210000011200
210000011201
210000011202
210001122000
210001122001
210001122002
210002200100
210002200101
210002200102
210010222120
210010222121
210010222122
210011000220
210011000221
210011000222
210012111020
210012111021
210012111022
210020100010
210020100011
210020100012
210021211110
210021211111
210021211112
210022022210
210022022211
210022022212
210100020020
210100020021
210100020022
210101101120
210101101121
210101101122
210102212220
210102212221
210102212222
210110201210
210110201211
210110201212
210111012010
210111012011
210111012012
210112120110
210112120111
210112120112
210120112100
210120112101
210120112102
210121220200
210121220201
210121220202
210122001000
210122001001
210122001002
210200002110
210200002111
210200002112
210201110210
210201110211
210201110212
210202221010
210202221011
210202221012
210210210000
210210210001
210210210002
210211021100
210211021101
210211021102
210212102200
210212102201
210212102202
210220121220
210220121221
210220121222
210221202020
210221202021
210221202022
210222010120
210222010121
210222010122
211000201020
211000201021
211000201022
211001012120
211001012121
211001012122
211002120220
211002120221
211002120222
211010112210
211010112211
211010112212
211011220010
211011220011
211011220012
211012001110
211012001111
211012001112
211020020100
211020020101
211020020102
211021101200
211021101201
211021101202
211022212000
211022212001
211022212002
211100210110
211100210111
211100210112
211101021210
211101021211
211101021212
211102102010
211102102011
211102102012
211110121000
211110121001
211110121002
211111202100
211111202101
211111202102
211112010200
211112010201
211112010202
211120002220
211120002221
211120002222
211121110020
211121110021
211121110022
211122221120
211122221121
211122221122
211200222200
211200222201
211200222202
211201000000
211201000001
211201000002
211202111100
211202111101
211202111102
211210100120
211210100121
211210100122
211211211220
211211211221
211211211222
211212022020
211212022021
211212022022
211220011010
211220011011
211220011012
211221122110
211221122111
211221122112
211222200210
211222200211
211222200212
212000121110
212000121111
212000121112
212001202210
212001202211
212001202212
212002010010
212002010011
212002010012
212010002000
212010002001
212010002002
212011110100
212011110101
212011110102
212012221200
212012221201
212012221202
212020210220
212020210221
212020210222
212021021020
212021021021
212021021022
212022102120
212022102121
212022102122
212100100200
212100100201
212100100202
212101211000
212101211001
212101211002
212102022100
212102022101
212102022102
212110011120
212110011121
212110011122
212111122220
212111122221
212111122222
212112200020
212112200021
212112200022
212120222010
212120222011
212120222012
212121000110
212121000111
212121000112
212122111210
212122111211
212122111212
212200112020
212200112021
212200112022
212201220120
212201220121
212201220122
212202001220
212202001221
212202001222
212210020210
212210020211
212210020212
212211101010
212211101011
212211101012
212212212110
212212212111
212212212112
212220201100
212220201101
212220201102
212221012200
212221012201
212221012202
212222120000
212222120001
212222120002
220000110120
220000110121
220000110122
220001221220
220001221221
220001221222
220002002020
220002002021
220002002022
220010021010
220010021011
220010021012
220011102110
220011102111
220011102112
220012210210
220012210211
220012210212
220020202200
220020202201
220020202202
220021010000
220021010001
220021010002
220022121100
220022121101
220022121102
220100122210
220100122211
220100122212
220101200010
220101200011
220101200012
220102011110
220102011111
220102011112
220110000100
220110000101
220110000102
220111111200
220111111201
220111111202
220112222000
220112222001
220112222002
220120211020
220120211021
220120211022
220121022120
220121022121
220121022122
220122100220
220122100221
220122100222
220200101000
220200101001
220200101002
220201212100
220201212101
220201212102
220202020200
220202020201
220202020202
220210012220
220210012221
220210012222
220211120020
220211120021
220211120022
220212201120
220212201121
220212201122
220220220110
220220220111
220220220112
220221001210
220221001211
220221001212
220222112010
220222112011
220222112012
221000000210
221000000211
221000000212
221001111010
221001111011
221001111012
221002222110
221002222111
221002222112
221010211100
221010211101
221010211102
221011022200
221011022201
221011022202
221012100000
221012100001
221012100002
221020122020
221020122021
221020122022
221021200120
221021200121
221021200122
221022011220
221022011221
221022011222
221100012000
221100012001
221100012002
221101120100
221101120101
221101120102
221102201200
221102201201
221102201202
221110220220
221110220221
221110220222
221111001020
221111001021
221111001022
221112112120
221112112121
221112112122
221120101110
221120101111
221120101112
221121212210
221121212211
221121212212
221122020010
221122020011
221122020012
221200021120
221200021121
221200021122
221201102220
221201102221
221201102222
221202210020
221202210021
221202210022
221210202010
221210202011
221210202012
221211010110
221211010111
221211010112
221212121210
221212121211
221212121212
221220110200
221220110201
221220110202
221221221000
221221221001
221221221002
221222002100
221222002101
221222002102
222000220000
222000220001
222000220002
222001001100
222001001101
222001001102
222002112200
222002112201
222002112202
222010101220
222010101221
222010101222
222011212020
222011212021
222011212022
222012020120
222012020121
222012020122
222020012110
222020012111
222020012112
222021120210
222021120211
222021120212
222022201010
222022201011
222022201012
222100202120
222100202121
222100202122
222101010220
222101010221
222101010222
222102121020
222102121021
222102121022
222110110010
222110110011
222110110012
222111221110
222111221111
222111221112
222112002210
222112002211
222112002212
222120021200
222120021201
222120021202
222121102000
222121102001
222121102002
222122210100
222122210101
222122210102
222200211210
222200211211
222200211212
222201022010
222201022011
222201022012
222202100110
222202100111
222202100112
222210122100
222210122101
222210122102
222211200200
222211200201
222211200202
222212011000
222212011001
222212011002
222220000020
222220000021
222220000022
222221111120
222221111121
222221111122
222222222220
222222222221
222222222222,