0000000000000
0000000000001
0000000000002
0000000000010
0000000000011
0000000000012
0000000000020
0000000000021
0000000000022
0000011111000
0000011111001
0000011111002
0000011111010
0000011111011
0000011111012
0000011111020
0000011111021
0000011111022
0000022222000
0000022222001
0000022222002
0000022222010
0000022222011
0000022222012
0000022222020
0000022222021
0000022222022
0000102112200
0000102112201
0000102112202
0000102112210
0000102112211
0000102112212
0000102112220
0000102112221
0000102112222
0000110220200
0000110220201
0000110220202
0000110220210
0000110220211
0000110220212
0000110220220
0000110220221
0000110220222
0000121001200
0000121001201
0000121001202
0000121001210
0000121001211
0000121001212
0000121001220
0000121001221
0000121001222
0000201221100
0000201221101
0000201221102
0000201221110
0000201221111
0000201221112
0000201221120
0000201221121
0000201221122
0000212002100
0000212002101
0000212002102
0000212002110
0000212002111
0000212002112
0000212002120
0000212002121
0000212002122
0000220110100
0000220110101
0000220110102
0000220110110
0000220110111
0000220110112
0000220110120
0000220110121
0000220110122
0001000121200
0001000121201
0001000121202
0001000121210
0001000121211
0001000121212
0001000121220
0001000121221
0001000121222
0001011202200
0001011202201
0001011202202
0001011202210
0001011202211
0001011202212
0001011202220
0001011202221
0001011202222
0001022010200
0001022010201
0001022010202
0001022010210
0001022010211
0001022010212
0001022010220
0001022010221
0001022010222
0001102200100
0001102200101
0001102200102
0001102200110
0001102200111
0001102200112
0001102200120
0001102200121
0001102200122
0001110011100
0001110011101
0001110011102
0001110011110
0001110011111
0001110011112
0001110011120
0001110011121
0001110011122
0001121122100
0001121122101
0001121122102
0001121122110
0001121122111
0001121122112
0001121122120
0001121122121
0001121122122
0001201012000
0001201012001
0001201012002
0001201012010
0001201012011
0001201012012
0001201012020
0001201012021
0001201012022
0001212120000
0001212120001
0001212120002
0001212120010
0001212120011
0001212120012
0001212120020
0001212120021
0001212120022
0001220201000
0001220201001
0001220201002
0001220201010
0001220201011
0001220201012
0001220201020
0001220201021
0001220201022
0002000212100
0002000212101
0002000212102
0002000212110
0002000212111
0002000212112
0002000212120
0002000212121
0002000212122
0002011020100
0002011020101
0002011020102
0002011020110
0002011020111
0002011020112
0002011020120
0002011020121
0002011020122
0002022101100
0002022101101
0002022101102
0002022101110
0002022101111
0002022101112
0002022101120
0002022101121
0002022101122
0002102021000
0002102021001
0002102021002
0002102021010
0002102021011
0002102021012
0002102021020
0002102021021
0002102021022
0002110102000
0002110102001
0002110102002
0002110102010
0002110102011
0002110102012
0002110102020
0002110102021
0002110102022
0002121210000
0002121210001
0002121210002
0002121210010
0002121210011
0002121210012
0002121210020
0002121210021
0002121210022
0002201100200
0002201100201
0002201100202
0002201100210
0002201100211
0002201100212
0002201100220
0002201100221
0002201100222
0002212211200
0002212211201
0002212211202
0002212211210
0002212211211
0002212211212
0002212211220
0002212211221
0002212211222
0002220022200
0002220022201
0002220022202
0002220022210
0002220022211
0002220022212
0002220022220
0002220022221
0002220022222
0010002201200
0010002201201
0010002201202
0010002201210
0010002201211
0010002201212
0010002201220
0010002201221
0010002201222
0010010012200
0010010012201
0010010012202
0010010012210
0010010012211
0010010012212
0010010012220
0010010012221
0010010012222
0010021120200
0010021120201
0010021120202
0010021120210
0010021120211
0010021120212
0010021120220
0010021120221
0010021120222
0010101010100
0010101010101
0010101010102
0010101010110
0010101010111
0010101010112
0010101010120
0010101010121
0010101010122
0010112121100
0010112121101
0010112121102
0010112121110
0010112121111
0010112121112
0010112121120
0010112121121
0010112121122
0010120202100
0010120202101
0010120202102
0010120202110
0010120202111
0010120202112
0010120202120
0010120202121
0010120202122
0010200122000
0010200122001
0010200122002
0010200122010
0010200122011
0010200122012
0010200122020
0010200122021
0010200122022
0010211200000
0010211200001
0010211200002
0010211200010
0010211200011
0010211200012
0010211200020
0010211200021
0010211200022
0010222011000
0010222011001
0010222011002
0010222011010
0010222011011
0010222011012
0010222011020
0010222011021
0010222011022
0011002022100
0011002022101
0011002022102
0011002022110
0011002022111
0011002022112
0011002022120
0011002022121
0011002022122
0011010100100
0011010100101
0011010100102
0011010100110
0011010100111
0011010100112
0011010100120
0011010100121
0011010100122
0011021211100
0011021211101
0011021211102
0011021211110
0011021211111
0011021211112
0011021211120
0011021211121
0011021211122
0011101101000
0011101101001
0011101101002
0011101101010
0011101101011
0011101101012
0011101101020
0011101101021
0011101101022
0011112212000
0011112212001
0011112212002
0011112212010
0011112212011
0011112212012
0011112212020
0011112212021
0011112212022
0011120020000
0011120020001
0011120020002
0011120020010
0011120020011
0011120020012
0011120020020
0011120020021
0011120020022
0011200210200
0011200210201
0011200210202
0011200210210
0011200210211
0011200210212
0011200210220
0011200210221
0011200210222
0011211021200
0011211021201
0011211021202
0011211021210
0011211021211
0011211021212
0011211021220
0011211021221
0011211021222
0011222102200
0011222102201
0011222102202
0011222102210
0011222102211
0011222102212
0011222102220
0011222102221
0011222102222
0012002110000
0012002110001
0012002110002
0012002110010
0012002110011
0012002110012
0012002110020
0012002110021
0012002110022
0012010221000
0012010221001
0012010221002
0012010221010
0012010221011
0012010221012
0012010221020
0012010221021
0012010221022
0012021002000
0012021002001
0012021002002
0012021002010
0012021002011
0012021002012
0012021002020
0012021002021
0012021002022
0012101222200
0012101222201
0012101222202
0012101222210
0012101222211
0012101222212
0012101222220
0012101222221
0012101222222
0012112000200
0012112000201
0012112000202
0012112000210
0012112000211
0012112000212
0012112000220
0012112000221
0012112000222
0012120111200
0012120111201
0012120111202
0012120111210
0012120111211
0012120111212
0012120111220
0012120111221
0012120111222
0012200001100
0012200001101
0012200001102
0012200001110
0012200001111
0012200001112
0012200001120
0012200001121
0012200001122
0012211112100
0012211112101
0012211112102
0012211112110
0012211112111
0012211112112
0012211112120
0012211112121
0012211112122
0012222220100
0012222220101
0012222220102
0012222220110
0012222220111
0012222220112
0012222220120
0012222220121
0012222220122
0020001102100
0020001102101
0020001102102
0020001102110
0020001102111
0020001102112
0020001102120
0020001102121
0020001102122
0020012210100
0020012210101
0020012210102
0020012210110
0020012210111
0020012210112
0020012210120
0020012210121
0020012210122
0020020021100
0020020021101
0020020021102
0020020021110
0020020021111
0020020021112
0020020021120
0020020021121
0020020021122
0020100211000
0020100211001
0020100211002
0020100211010
0020100211011
0020100211012
0020100211020
0020100211021
0020100211022
0020111022000
0020111022001
0020111022002
0020111022010
0020111022011
0020111022012
0020111022020
0020111022021
0020111022022
0020122100000
0020122100001
0020122100002
0020122100010
0020122100011
0020122100012
0020122100020
0020122100021
0020122100022
0020202020200
0020202020201
0020202020202
0020202020210
0020202020211
0020202020212
0020202020220
0020202020221
0020202020222
0020210101200
0020210101201
0020210101202
0020210101210
0020210101211
0020210101212
0020210101220
0020210101221
0020210101222
0020221212200
0020221212201
0020221212202
0020221212210
0020221212211
0020221212212
0020221212220
0020221212221
0020221212222
0021001220000
0021001220001
0021001220002
0021001220010
0021001220011
0021001220012
0021001220020
0021001220021
0021001220022
0021012001000
0021012001001
0021012001002
0021012001010
0021012001011
0021012001012
0021012001020
0021012001021
0021012001022
0021020112000
0021020112001
0021020112002
0021020112010
0021020112011
0021020112012
0021020112020
0021020112021
0021020112022
0021100002200
0021100002201
0021100002202
0021100002210
0021100002211
0021100002212
0021100002220
0021100002221
0021100002222
0021111110200
0021111110201
0021111110202
0021111110210
0021111110211
0021111110212
0021111110220
0021111110221
0021111110222
0021122221200
0021122221201
0021122221202
0021122221210
0021122221211
0021122221212
0021122221220
0021122221221
0021122221222
0021202111100
0021202111101
0021202111102
0021202111110
0021202111111
0021202111112
0021202111120
0021202111121
0021202111122
0021210222100
0021210222101
0021210222102
0021210222110
0021210222111
0021210222112
0021210222120
0021210222121
0021210222122
0021221000100
0021221000101
0021221000102
0021221000110
0021221000111
0021221000112
0021221000120
0021221000121
0021221000122
0022001011200
0022001011201
0022001011202
0022001011210
0022001011211
0022001011212
0022001011220
0022001011221
0022001011222
0022012122200
0022012122201
0022012122202
0022012122210
0022012122211
0022012122212
0022012122220
0022012122221
0022012122222
0022020200200
0022020200201
0022020200202
0022020200210
0022020200211
0022020200212
0022020200220
0022020200221
0022020200222
0022100120100
0022100120101
0022100120102
0022100120110
0022100120111
0022100120112
0022100120120
0022100120121
0022100120122
0022111201100
0022111201101
0022111201102
0022111201110
0022111201111
0022111201112
0022111201120
0022111201121
0022111201122
0022122012100
0022122012101
0022122012102
0022122012110
0022122012111
0022122012112
0022122012120
0022122012121
0022122012122
0022202202000
0022202202001
0022202202002
0022202202010
0022202202011
0022202202012
0022202202020
0022202202021
0022202202022
0022210010000
0022210010001
0022210010002
0022210010010
0022210010011
0022210010012
0022210010020
0022210010021
0022210010022
0022221121000
0022221121001
0022221121002
0022221121010
0022221121011
0022221121012
0022221121020
0022221121021
0022221121022
0100001022200
0100001022201
0100001022202
0100001022210
0100001022211
0100001022212
0100001022220
0100001022221
0100001022222
0100012100200
0100012100201
0100012100202
0100012100210
0100012100211
0100012100212
0100012100220
0100012100221
0100012100222
0100020211200
0100020211201
0100020211202
0100020211210
0100020211211
0100020211212
0100020211220
0100020211221
0100020211222
0100100101100
0100100101101
0100100101102
0100100101110
0100100101111
0100100101112
0100100101120
0100100101121
0100100101122
0100111212100
0100111212101
0100111212102
0100111212110
0100111212111
0100111212112
0100111212120
0100111212121
0100111212122
0100122020100
0100122020101
0100122020102
0100122020110
0100122020111
0100122020112
0100122020120
0100122020121
0100122020122
0100202210000
0100202210001
0100202210002
0100202210010
0100202210011
0100202210012
0100202210020
0100202210021
0100202210022
0100210021000
0100210021001
0100210021002
0100210021010
0100210021011
0100210021012
0100210021020
0100210021021
0100210021022
0100221102000
0100221102001
0100221102002
0100221102010
0100221102011
0100221102012
0100221102020
0100221102021
0100221102022
0101001110100
0101001110101
0101001110102
0101001110110
0101001110111
0101001110112
0101001110120
0101001110121
0101001110122
0101012221100
0101012221101
0101012221102
0101012221110
0101012221111
0101012221112
0101012221120
0101012221121
0101012221122
0101020002100
0101020002101
0101020002102
0101020002110
0101020002111
0101020002112
0101020002120
0101020002121
0101020002122
0101100222000
0101100222001
0101100222002
0101100222010
0101100222011
0101100222012
0101100222020
0101100222021
0101100222022
0101111000000
0101111000001
0101111000002
0101111000010
0101111000011
0101111000012
0101111000020
0101111000021
0101111000022
0101122111000
0101122111001
0101122111002
0101122111010
0101122111011
0101122111012
0101122111020
0101122111021
0101122111022
0101202001200
0101202001201
0101202001202
0101202001210
0101202001211
0101202001212
0101202001220
0101202001221
0101202001222
0101210112200
0101210112201
0101210112202
0101210112210
0101210112211
0101210112212
0101210112220
0101210112221
0101210112222
0101221220200
0101221220201
0101221220202
0101221220210
0101221220211
0101221220212
0101221220220
0101221220221
0101221220222
0102001201000
0102001201001
0102001201002
0102001201010
0102001201011
0102001201012
0102001201020
0102001201021
0102001201022
0102012012000
0102012012001
0102012012002
0102012012010
0102012012011
0102012012012
0102012012020
0102012012021
0102012012022
0102020120000
0102020120001
0102020120002
0102020120010
0102020120011
0102020120012
0102020120020
0102020120021
0102020120022
0102100010200
0102100010201
0102100010202
0102100010210
0102100010211
0102100010212
0102100010220
0102100010221
0102100010222
0102111121200
0102111121201
0102111121202
0102111121210
0102111121211
0102111121212
0102111121220
0102111121221
0102111121222
0102122202200
0102122202201
0102122202202
0102122202210
0102122202211
0102122202212
0102122202220
0102122202221
0102122202222
0102202122100
0102202122101
0102202122102
0102202122110
0102202122111
0102202122112
0102202122120
0102202122121
0102202122122
0102210200100
0102210200101
0102210200102
0102210200110
0102210200111
0102210200112
0102210200120
0102210200121
0102210200122
0102221011100
0102221011101
0102221011102
0102221011110
0102221011111
0102221011112
0102221011120
0102221011121
0102221011122
0110000220100
0110000220101
0110000220102
0110000220110
0110000220111
0110000220112
0110000220120
0110000220121
0110000220122
0110011001100
0110011001101
0110011001102
0110011001110
0110011001111
0110011001112
0110011001120
0110011001121
0110011001122
0110022112100
0110022112101
0110022112102
0110022112110
0110022112111
0110022112112
0110022112120
0110022112121
0110022112122
0110102002000
0110102002001
0110102002002
0110102002010
0110102002011
0110102002012
0110102002020
0110102002021
0110102002022
0110110110000
0110110110001
0110110110002
0110110110010
0110110110011
0110110110012
0110110110020
0110110110021
0110110110022
0110121221000
0110121221001
0110121221002
0110121221010
0110121221011
0110121221012
0110121221020
0110121221021
0110121221022
0110201111200
0110201111201
0110201111202
0110201111210
0110201111211
0110201111212
0110201111220
0110201111221
0110201111222
0110212222200
0110212222201
0110212222202
0110212222210
0110212222211
0110212222212
0110212222220
0110212222221
0110212222222
0110220000200
0110220000201
0110220000202
0110220000210
0110220000211
0110220000212
0110220000220
0110220000221
0110220000222
0111000011000
0111000011001
0111000011002
0111000011010
0111000011011
0111000011012
0111000011020
0111000011021
0111000011022
0111011122000
0111011122001
0111011122002
0111011122010
0111011122011
0111011122012
0111011122020
0111011122021
0111011122022
0111022200000
0111022200001
0111022200002
0111022200010
0111022200011
0111022200012
0111022200020
0111022200021
0111022200022
0111102120200
0111102120201
0111102120202
0111102120210
0111102120211
0111102120212
0111102120220
0111102120221
0111102120222
0111110201200
0111110201201
0111110201202
0111110201210
0111110201211
0111110201212
0111110201220
0111110201221
0111110201222
0111121012200
0111121012201
0111121012202
0111121012210
0111121012211
0111121012212
0111121012220
0111121012221
0111121012222
0111201202100
0111201202101
0111201202102
0111201202110
0111201202111
0111201202112
0111201202120
0111201202121
0111201202122
0111212010100
0111212010101
0111212010102
0111212010110
0111212010111
0111212010112
0111212010120
0111212010121
0111212010122
0111220121100
0111220121101
0111220121102
0111220121110
0111220121111
0111220121112
0111220121120
0111220121121
0111220121122
0112000102200
0112000102201
0112000102202
0112000102210
0112000102211
0112000102212
0112000102220
0112000102221
0112000102222
0112011210200
0112011210201
0112011210202
0112011210210
0112011210211
0112011210212
0112011210220
0112011210221
0112011210222
0112022021200
0112022021201
0112022021202
0112022021210
0112022021211
0112022021212
0112022021220
0112022021221
0112022021222
0112102211100
0112102211101
0112102211102
0112102211110
0112102211111
0112102211112
0112102211120
0112102211121
0112102211122
0112110022100
0112110022101
0112110022102
0112110022110
0112110022111
0112110022112
0112110022120
0112110022121
0112110022122
0112121100100
0112121100101
0112121100102
0112121100110
0112121100111
0112121100112
0112121100120
0112121100121
0112121100122
0112201020000
0112201020001
0112201020002
0112201020010
0112201020011
0112201020012
0112201020020
0112201020021
0112201020022
0112212101000
0112212101001
0112212101002
0112212101010
0112212101011
0112212101012
0112212101020
0112212101021
0112212101022
0112220212000
0112220212001
0112220212002
0112220212010
0112220212011
0112220212012
0112220212020
0112220212021
0112220212022
0120002121000
0120002121001
0120002121002
0120002121010
0120002121011
0120002121012
0120002121020
0120002121021
0120002121022
0120010202000
0120010202001
0120010202002
0120010202010
0120010202011
0120010202012
0120010202020
0120010202021
0120010202022
0120021010000
0120021010001
0120021010002
0120021010010
0120021010011
0120021010012
0120021010020
0120021010021
0120021010022
0120101200200
0120101200201
0120101200202
0120101200210
0120101200211
0120101200212
0120101200220
0120101200221
0120101200222
0120112011200
0120112011201
0120112011202
0120112011210
0120112011211
0120112011212
0120112011220
0120112011221
0120112011222
0120120122200
0120120122201
0120120122202
0120120122210
0120120122211
0120120122212
0120120122220
0120120122221
0120120122222
0120200012100
0120200012101
0120200012102
0120200012110
0120200012111
0120200012112
0120200012120
0120200012121
0120200012122
0120211120100
0120211120101
0120211120102
0120211120110
0120211120111
0120211120112
0120211120120
0120211120121
0120211120122
0120222201100
0120222201101
0120222201102
0120222201110
0120222201111
0120222201112
0120222201120
0120222201121
0120222201122
0121002212200
0121002212201
0121002212202
0121002212210
0121002212211
0121002212212
0121002212220
0121002212221
0121002212222
0121010020200
0121010020201
0121010020202
0121010020210
0121010020211
0121010020212
0121010020220
0121010020221
0121010020222
0121021101200
0121021101201
0121021101202
0121021101210
0121021101211
0121021101212
0121021101220
0121021101221
0121021101222
0121101021100
0121101021101
0121101021102
0121101021110
0121101021111
0121101021112
0121101021120
0121101021121
0121101021122
0121112102100
0121112102101
0121112102102
0121112102110
0121112102111
0121112102112
0121112102120
0121112102121
0121112102122
0121120210100
0121120210101
0121120210102
0121120210110
0121120210111
0121120210112
0121120210120
0121120210121
0121120210122
0121200100000
0121200100001
0121200100002
0121200100010
0121200100011
0121200100012
0121200100020
0121200100021
0121200100022
0121211211000
0121211211001
0121211211002
0121211211010
0121211211011
0121211211012
0121211211020
0121211211021
0121211211022
0121222022000
0121222022001
0121222022002
0121222022010
0121222022011
0121222022012
0121222022020
0121222022021
0121222022022
0122002000100
0122002000101
0122002000102
0122002000110
0122002000111
0122002000112
0122002000120
0122002000121
0122002000122
0122010111100
0122010111101
0122010111102
0122010111110
0122010111111
0122010111112
0122010111120
0122010111121
0122010111122
0122021222100
0122021222101
0122021222102
0122021222110
0122021222111
0122021222112
0122021222120
0122021222121
0122021222122
0122101112000
0122101112001
0122101112002
0122101112010
0122101112011
0122101112012
0122101112020
0122101112021
0122101112022
0122112220000
0122112220001
0122112220002
0122112220010
0122112220011
0122112220012
0122112220020
0122112220021
0122112220022
0122120001000
0122120001001
0122120001002
0122120001010
0122120001011
0122120001012
0122120001020
0122120001021
0122120001022
0122200221200
0122200221201
0122200221202
0122200221210
0122200221211
0122200221212
0122200221220
0122200221221
0122200221222
0122211002200
0122211002201
0122211002202
0122211002210
0122211002211
0122211002212
0122211002220
0122211002221
0122211002222
0122222110200
0122222110201
0122222110202
0122222110210
0122222110211
0122222110212
0122222110220
0122222110221
0122222110222
0200002011100
0200002011101
0200002011102
0200002011110
0200002011111
0200002011112
0200002011120
0200002011121
0200002011122
0200010122100
0200010122101
0200010122102
0200010122110
0200010122111
0200010122112
0200010122120
0200010122121
0200010122122
0200021200100
0200021200101
0200021200102
0200021200110
0200021200111
0200021200112
0200021200120
0200021200121
0200021200122
0200101120000
0200101120001
0200101120002
0200101120010
0200101120011
0200101120012
0200101120020
0200101120021
0200101120022
0200112201000
0200112201001
0200112201002
0200112201010
0200112201011
0200112201012
0200112201020
0200112201021
0200112201022
0200120012000
0200120012001
0200120012002
0200120012010
0200120012011
0200120012012
0200120012020
0200120012021
0200120012022
0200200202200
0200200202201
0200200202202
0200200202210
0200200202211
0200200202212
0200200202220
0200200202221
0200200202222
0200211010200
0200211010201
0200211010202
0200211010210
0200211010211
0200211010212
0200211010220
0200211010221
0200211010222
0200222121200
0200222121201
0200222121202
0200222121210
0200222121211
0200222121212
0200222121220
0200222121221
0200222121222
0201002102000
0201002102001
0201002102002
0201002102010
0201002102011
0201002102012
0201002102020
0201002102021
0201002102022
0201010210000
0201010210001
0201010210002
0201010210010
0201010210011
0201010210012
0201010210020
0201010210021
0201010210022
0201021021000
0201021021001
0201021021002
0201021021010
0201021021011
0201021021012
0201021021020
0201021021021
0201021021022
0201101211200
0201101211201
0201101211202
0201101211210
0201101211211
0201101211212
0201101211220
0201101211221
0201101211222
0201112022200
0201112022201
0201112022202
0201112022210
0201112022211
0201112022212
0201112022220
0201112022221
0201112022222
0201120100200
0201120100201
0201120100202
0201120100210
0201120100211
0201120100212
0201120100220
0201120100221
0201120100222
0201200020100
0201200020101
0201200020102
0201200020110
0201200020111
0201200020112
0201200020120
0201200020121
0201200020122
0201211101100
0201211101101
0201211101102
0201211101110
0201211101111
0201211101112
0201211101120
0201211101121
0201211101122
0201222212100
0201222212101
0201222212102
0201222212110
0201222212111
0201222212112
0201222212120
0201222212121
0201222212122
0202002220200
0202002220201
0202002220202
0202002220210
0202002220211
0202002220212
0202002220220
0202002220221
0202002220222
0202010001200
0202010001201
0202010001202
0202010001210
0202010001211
0202010001212
0202010001220
0202010001221
0202010001222
0202021112200
0202021112201
0202021112202
0202021112210
0202021112211
0202021112212
0202021112220
0202021112221
0202021112222
0202101002100
0202101002101
0202101002102
0202101002110
0202101002111
0202101002112
0202101002120
0202101002121
0202101002122
0202112110100
0202112110101
0202112110102
0202112110110
0202112110111
0202112110112
0202112110120
0202112110121
0202112110122
0202120221100
0202120221101
0202120221102
0202120221110
0202120221111
0202120221112
0202120221120
0202120221121
0202120221122
0202200111000
0202200111001
0202200111002
0202200111010
0202200111011
0202200111012
0202200111020
0202200111021
0202200111022
0202211222000
0202211222001
0202211222002
0202211222010
0202211222011
0202211222012
0202211222020
0202211222021
0202211222022
0202222000000
0202222000001
0202222000002
0202222000010
0202222000011
0202222000012
0202222000020
0202222000021
0202222000022
0210001212000
0210001212001
0210001212002
0210001212010
0210001212011
0210001212012
0210001212020
0210001212021
0210001212022
0210012020000
0210012020001
0210012020002
0210012020010
0210012020011
0210012020012
0210012020020
0210012020021
0210012020022
0210020101000
0210020101001
0210020101002
0210020101010
0210020101011
0210020101012
0210020101020
0210020101021
0210020101022
0210100021200
0210100021201
0210100021202
0210100021210
0210100021211
0210100021212
0210100021220
0210100021221
0210100021222
0210111102200
0210111102201
0210111102202
0210111102210
0210111102211
0210111102212
0210111102220
0210111102221
0210111102222
0210122210200
0210122210201
0210122210202
0210122210210
0210122210211
0210122210212
0210122210220
0210122210221
0210122210222
0210202100100
0210202100101
0210202100102
0210202100110
0210202100111
0210202100112
0210202100120
0210202100121
0210202100122
0210210211100
0210210211101
0210210211102
0210210211110
0210210211111
0210210211112
0210210211120
0210210211121
0210210211122
0210221022100
0210221022101
0210221022102
0210221022110
0210221022111
0210221022112
0210221022120
0210221022121
0210221022122
0211001000200
0211001000201
0211001000202
0211001000210
0211001000211
0211001000212
0211001000220
0211001000221
0211001000222
0211012111200
0211012111201
0211012111202
0211012111210
0211012111211
0211012111212
0211012111220
0211012111221
0211012111222
0211020222200
0211020222201
0211020222202
0211020222210
0211020222211
0211020222212
0211020222220
0211020222221
0211020222222
0211100112100
0211100112101
0211100112102
0211100112110
0211100112111
0211100112112
0211100112120
0211100112121
0211100112122
0211111220100
0211111220101
0211111220102
0211111220110
0211111220111
0211111220112
0211111220120
0211111220121
0211111220122
0211122001100
0211122001101
0211122001102
0211122001110
0211122001111
0211122001112
0211122001120
0211122001121
0211122001122
0211202221000
0211202221001
0211202221002
0211202221010
0211202221011
0211202221012
0211202221020
0211202221021
0211202221022
0211210002000
0211210002001
0211210002002
0211210002010
0211210002011
0211210002012
0211210002020
0211210002021
0211210002022
0211221110000
0211221110001
0211221110002
0211221110010
0211221110011
0211221110012
0211221110020
0211221110021
0211221110022
0212001121100
0212001121101
0212001121102
0212001121110
0212001121111
0212001121112
0212001121120
0212001121121
0212001121122
0212012202100
0212012202101
0212012202102
0212012202110
0212012202111
0212012202112
0212012202120
0212012202121
0212012202122
0212020010100
0212020010101
0212020010102
0212020010110
0212020010111
0212020010112
0212020010120
0212020010121
0212020010122
0212100200000
0212100200001
0212100200002
0212100200010
0212100200011
0212100200012
0212100200020
0212100200021
0212100200022
0212111011000
0212111011001
0212111011002
0212111011010
0212111011011
0212111011012
0212111011020
0212111011021
0212111011022
0212122122000
0212122122001
0212122122002
0212122122010
0212122122011
0212122122012
0212122122020
0212122122021
0212122122022
0212202012200
0212202012201
0212202012202
0212202012210
0212202012211
0212202012212
0212202012220
0212202012221
0212202012222
0212210120200
0212210120201
0212210120202
0212210120210
0212210120211
0212210120212
0212210120220
0212210120221
0212210120222
0212221201200
0212221201201
0212221201202
0212221201210
0212221201211
0212221201212
0212221201220
0212221201221
0212221201222
0220000110200
0220000110201
0220000110202
0220000110210
0220000110211
0220000110212
0220000110220
0220000110221
0220000110222
0220011221200
0220011221201
0220011221202
0220011221210
0220011221211
0220011221212
0220011221220
0220011221221
0220011221222
0220022002200
0220022002201
0220022002202
0220022002210
0220022002211
0220022002212
0220022002220
0220022002221
0220022002222
0220102222100
0220102222101
0220102222102
0220102222110
0220102222111
0220102222112
0220102222120
0220102222121
0220102222122
0220110000100
0220110000101
0220110000102
0220110000110
0220110000111
0220110000112
0220110000120
0220110000121
0220110000122
0220121111100
0220121111101
0220121111102
0220121111110
0220121111111
0220121111112
0220121111120
0220121111121
0220121111122
0220201001000
0220201001001
0220201001002
0220201001010
0220201001011
0220201001012
0220201001020
0220201001021
0220201001022
0220212112000
0220212112001
0220212112002
0220212112010
0220212112011
0220212112012
0220212112020
0220212112021
0220212112022
0220220220000
0220220220001
0220220220002
0220220220010
0220220220011
0220220220012
0220220220020
0220220220021
0220220220022
0221000201100
0221000201101
0221000201102
0221000201110
0221000201111
0221000201112
0221000201120
0221000201121
0221000201122
0221011012100
0221011012101
0221011012102
0221011012110
0221011012111
0221011012112
0221011012120
0221011012121
0221011012122
0221022120100
0221022120101
0221022120102
0221022120110
0221022120111
0221022120112
0221022120120
0221022120121
0221022120122
0221102010000
0221102010001
0221102010002
0221102010010
0221102010011
0221102010012
0221102010020
0221102010021
0221102010022
0221110121000
0221110121001
0221110121002
0221110121010
0221110121011
0221110121012
0221110121020
0221110121021
0221110121022
0221121202000
0221121202001
0221121202002
0221121202010
0221121202011
0221121202012
0221121202020
0221121202021
0221121202022
0221201122200
0221201122201
0221201122202
0221201122210
0221201122211
0221201122212
0221201122220
0221201122221
0221201122222
0221212200200
0221212200201
0221212200202
0221212200210
0221212200211
0221212200212
0221212200220
0221212200221
0221212200222
0221220011200
0221220011201
0221220011202
0221220011210
0221220011211
0221220011212
0221220011220
0221220011221
0221220011222
0222000022000
0222000022001
0222000022002
0222000022010
0222000022011
0222000022012
0222000022020
0222000022021
0222000022022
0222011100000
0222011100001
0222011100002
0222011100010
0222011100011
0222011100012
0222011100020
0222011100021
0222011100022
0222022211000
0222022211001
0222022211002
0222022211010
0222022211011
0222022211012
0222022211020
0222022211021
0222022211022
0222102101200
0222102101201
0222102101202
0222102101210
0222102101211
0222102101212
0222102101220
0222102101221
0222102101222
0222110212200
0222110212201
0222110212202
0222110212210
0222110212211
0222110212212
0222110212220
0222110212221
0222110212222
0222121020200
0222121020201
0222121020202
0222121020210
0222121020211
0222121020212
0222121020220
0222121020221
0222121020222
0222201210100
0222201210101
0222201210102
0222201210110
0222201210111
0222201210112
0222201210120
0222201210121
0222201210122
0222212021100
0222212021101
0222212021102
0222212021110
0222212021111
0222212021112
0222212021120
0222212021121
0222212021122
0222220102100
0222220102101
0222220102102
0222220102110
0222220102111
0222220102112
0222220102120
0222220102121
0222220102122
1000001210200
1000001210201
1000001210202
1000001210210
1000001210211
1000001210212
1000001210220
1000001210221
1000001210222
1000012021200
1000012021201
1000012021202
1000012021210
1000012021211
1000012021212
1000012021220
1000012021221
1000012021222
1000020102200
1000020102201
1000020102202
1000020102210
1000020102211
1000020102212
1000020102220
1000020102221
1000020102222
1000100022100
1000100022101
1000100022102
1000100022110
1000100022111
1000100022112
1000100022120
1000100022121
1000100022122
1000111100100
1000111100101
1000111100102
1000111100110
1000111100111
1000111100112
1000111100120
1000111100121
1000111100122
1000122211100
1000122211101
1000122211102
1000122211110
1000122211111
1000122211112
1000122211120
1000122211121
1000122211122
1000202101000
1000202101001
1000202101002
1000202101010
1000202101011
1000202101012
1000202101020
1000202101021
1000202101022
1000210212000
1000210212001
1000210212002
1000210212010
1000210212011
1000210212012
1000210212020
1000210212021
1000210212022
1000221020000
1000221020001
1000221020002
1000221020010
1000221020011
1000221020012
1000221020020
1000221020021
1000221020022
1001001001100
1001001001101
1001001001102
1001001001110
1001001001111
1001001001112
1001001001120
1001001001121
1001001001122
1001012112100
1001012112101
1001012112102
1001012112110
1001012112111
1001012112112
1001012112120
1001012112121
1001012112122
1001020220100
1001020220101
1001020220102
1001020220110
1001020220111
1001020220112
1001020220120
1001020220121
1001020220122
1001100110000
1001100110001
1001100110002
1001100110010
1001100110011
1001100110012
1001100110020
1001100110021
1001100110022
1001111221000
1001111221001
1001111221002
1001111221010
1001111221011
1001111221012
1001111221020
1001111221021
1001111221022
1001122002000
1001122002001
1001122002002
1001122002010
1001122002011
1001122002012
1001122002020
1001122002021
1001122002022
1001202222200
1001202222201
1001202222202
1001202222210
1001202222211
1001202222212
1001202222220
1001202222221
1001202222222
1001210000200
1001210000201
1001210000202
1001210000210
1001210000211
1001210000212
1001210000220
1001210000221
1001210000222
1001221111200
1001221111201
1001221111202
1001221111210
1001221111211
1001221111212
1001221111220
1001221111221
1001221111222
1002001122000
1002001122001
1002001122002
1002001122010
1002001122011
1002001122012
1002001122020
1002001122021
1002001122022
1002012200000
1002012200001
1002012200002
1002012200010
1002012200011
1002012200012
1002012200020
1002012200021
1002012200022
1002020011000
1002020011001
1002020011002
1002020011010
1002020011011
1002020011012
1002020011020
1002020011021
1002020011022
1002100201200
1002100201201
1002100201202
1002100201210
1002100201211
1002100201212
1002100201220
1002100201221
1002100201222
1002111012200
1002111012201
1002111012202
1002111012210
1002111012211
1002111012212
1002111012220
1002111012221
1002111012222
1002122120200
1002122120201
1002122120202
1002122120210
1002122120211
1002122120212
1002122120220
1002122120221
1002122120222
1002202010100
1002202010101
1002202010102
1002202010110
1002202010111
1002202010112
1002202010120
1002202010121
1002202010122
1002210121100
1002210121101
1002210121102
1002210121110
1002210121111
1002210121112
1002210121120
1002210121121
1002210121122
1002221202100
1002221202101
1002221202102
1002221202110
1002221202111
1002221202112
1002221202120
1002221202121
1002221202122
1010000111100
1010000111101
1010000111102
1010000111110
1010000111111
1010000111112
1010000111120
1010000111121
1010000111122
1010011222100
1010011222101
1010011222102
1010011222110
1010011222111
1010011222112
1010011222120
1010011222121
1010011222122
1010022000100
1010022000101
1010022000102
1010022000110
1010022000111
1010022000112
1010022000120
1010022000121
1010022000122
1010102220000
1010102220001
1010102220002
1010102220010
1010102220011
1010102220012
1010102220020
1010102220021
1010102220022
1010110001000
1010110001001
1010110001002
1010110001010
1010110001011
1010110001012
1010110001020
1010110001021
1010110001022
1010121112000
1010121112001
1010121112002
1010121112010
1010121112011
1010121112012
1010121112020
1010121112021
1010121112022
1010201002200
1010201002201
1010201002202
1010201002210
1010201002211
1010201002212
1010201002220
1010201002221
1010201002222
1010212110200
1010212110201
1010212110202
1010212110210
1010212110211
1010212110212
1010212110220
1010212110221
1010212110222
1010220221200
1010220221201
1010220221202
1010220221210
1010220221211
1010220221212
1010220221220
1010220221221
1010220221222
1011000202000
1011000202001
1011000202002
1011000202010
1011000202011
1011000202012
1011000202020
1011000202021
1011000202022
1011011010000
1011011010001
1011011010002
1011011010010
1011011010011
1011011010012
1011011010020
1011011010021
1011011010022
1011022121000
1011022121001
1011022121002
1011022121010
1011022121011
1011022121012
1011022121020
1011022121021
1011022121022
1011102011200
1011102011201
1011102011202
1011102011210
1011102011211
1011102011212
1011102011220
1011102011221
1011102011222
1011110122200
1011110122201
1011110122202
1011110122210
1011110122211
1011110122212
1011110122220
1011110122221
1011110122222
1011121200200
1011121200201
1011121200202
1011121200210
1011121200211
1011121200212
1011121200220
1011121200221
1011121200222
1011201120100
1011201120101
1011201120102
1011201120110
1011201120111
1011201120112
1011201120120
1011201120121
1011201120122
1011212201100
1011212201101
1011212201102
1011212201110
1011212201111
1011212201112
1011212201120
1011212201121
1011212201122
1011220012100
1011220012101
1011220012102
1011220012110
1011220012111
1011220012112
1011220012120
1011220012121
1011220012122
1012000020200
1012000020201
1012000020202
1012000020210
1012000020211
1012000020212
1012000020220
1012000020221
1012000020222
1012011101200
1012011101201
1012011101202
1012011101210
1012011101211
1012011101212
1012011101220
1012011101221
1012011101222
1012022212200
1012022212201
1012022212202
1012022212210
1012022212211
1012022212212
1012022212220
1012022212221
1012022212222
1012102102100
1012102102101
1012102102102
1012102102110
1012102102111
1012102102112
1012102102120
1012102102121
1012102102122
1012110210100
1012110210101
1012110210102
1012110210110
1012110210111
1012110210112
1012110210120
1012110210121
1012110210122
1012121021100
1012121021101
1012121021102
1012121021110
1012121021111
1012121021112
1012121021120
1012121021121
1012121021122
1012201211000
1012201211001
1012201211002
1012201211010
1012201211011
1012201211012
1012201211020
1012201211021
1012201211022
1012212022000
1012212022001
1012212022002
1012212022010
1012212022011
1012212022012
1012212022020
1012212022021
1012212022022
1012220100000
1012220100001
1012220100002
1012220100010
1012220100011
1012220100012
1012220100020
1012220100021
1012220100022
1020002012000
1020002012001
1020002012002
1020002012010
1020002012011
1020002012012
1020002012020
1020002012021
1020002012022
1020010120000
1020010120001
1020010120002
1020010120010
1020010120011
1020010120012
1020010120020
1020010120021
1020010120022
1020021201000
1020021201001
1020021201002
1020021201010
1020021201011
1020021201012
1020021201020
1020021201021
1020021201022
1020101121200
1020101121201
1020101121202
1020101121210
1020101121211
1020101121212
1020101121220
1020101121221
1020101121222
1020112202200
1020112202201
1020112202202
1020112202210
1020112202211
1020112202212
1020112202220
1020112202221
1020112202222
1020120010200
1020120010201
1020120010202
1020120010210
1020120010211
1020120010212
1020120010220
1020120010221
1020120010222
1020200200100
1020200200101
1020200200102
1020200200110
1020200200111
1020200200112
1020200200120
1020200200121
1020200200122
1020211011100
1020211011101
1020211011102
1020211011110
1020211011111
1020211011112
1020211011120
1020211011121
1020211011122
1020222122100
1020222122101
1020222122102
1020222122110
1020222122111
1020222122112
1020222122120
1020222122121
1020222122122
1021002100200
1021002100201
1021002100202
1021002100210
1021002100211
1021002100212
1021002100220
1021002100221
1021002100222
1021010211200
1021010211201
1021010211202
1021010211210
1021010211211
1021010211212
1021010211220
1021010211221
1021010211222
1021021022200
1021021022201
1021021022202
1021021022210
1021021022211
1021021022212
1021021022220
1021021022221
1021021022222
1021101212100
1021101212101
1021101212102
1021101212110
1021101212111
1021101212112
1021101212120
1021101212121
1021101212122
1021112020100
1021112020101
1021112020102
1021112020110
1021112020111
1021112020112
1021112020120
1021112020121
1021112020122
1021120101100
1021120101101
1021120101102
1021120101110
1021120101111
1021120101112
1021120101120
1021120101121
1021120101122
1021200021000
1021200021001
1021200021002
1021200021010
1021200021011
1021200021012
1021200021020
1021200021021
1021200021022
1021211102000
1021211102001
1021211102002
1021211102010
1021211102011
1021211102012
1021211102020
1021211102021
1021211102022
1021222210000
1021222210001
1021222210002
1021222210010
1021222210011
1021222210012
1021222210020
1021222210021
1021222210022
1022002221100
1022002221101
1022002221102
1022002221110
1022002221111
1022002221112
1022002221120
1022002221121
1022002221122
1022010002100
1022010002101
1022010002102
1022010002110
1022010002111
1022010002112
1022010002120
1022010002121
1022010002122
1022021110100
1022021110101
1022021110102
1022021110110
1022021110111
1022021110112
1022021110120
1022021110121
1022021110122
1022101000000
1022101000001
1022101000002
1022101000010
1022101000011
1022101000012
1022101000020
1022101000021
1022101000022
1022112111000
1022112111001
1022112111002
1022112111010
1022112111011
1022112111012
1022112111020
1022112111021
1022112111022
1022120222000
1022120222001
1022120222002
1022120222010
1022120222011
1022120222012
1022120222020
1022120222021
1022120222022
1022200112200
1022200112201
1022200112202
1022200112210
1022200112211
1022200112212
1022200112220
1022200112221
1022200112222
1022211220200
1022211220201
1022211220202
1022211220210
1022211220211
1022211220212
1022211220220
1022211220221
1022211220222
1022222001200
1022222001201
1022222001202
1022222001210
1022222001211
1022222001212
1022222001220
1022222001221
1022222001222
1100002202100
1100002202101
1100002202102
1100002202110
1100002202111
1100002202112
1100002202120
1100002202121
1100002202122
1100010010100
1100010010101
1100010010102
1100010010110
1100010010111
1100010010112
1100010010120
1100010010121
1100010010122
1100021121100
1100021121101
1100021121102
1100021121110
1100021121111
1100021121112
1100021121120
1100021121121
1100021121122
1100101011000
1100101011001
1100101011002
1100101011010
1100101011011
1100101011012
1100101011020
1100101011021
1100101011022
1100112122000
1100112122001
1100112122002
1100112122010
1100112122011
1100112122012
1100112122020
1100112122021
1100112122022
1100120200000
1100120200001
1100120200002
1100120200010
1100120200011
1100120200012
1100120200020
1100120200021
1100120200022
1100200120200
1100200120201
1100200120202
1100200120210
1100200120211
1100200120212
1100200120220
1100200120221
1100200120222
1100211201200
1100211201201
1100211201202
1100211201210
1100211201211
1100211201212
1100211201220
1100211201221
1100211201222
1100222012200
1100222012201
1100222012202
1100222012210
1100222012211
1100222012212
1100222012220
1100222012221
1100222012222
1101002020000
1101002020001
1101002020002
1101002020010
1101002020011
1101002020012
1101002020020
1101002020021
1101002020022
1101010101000
1101010101001
1101010101002
1101010101010
1101010101011
1101010101012
1101010101020
1101010101021
1101010101022
1101021212000
1101021212001
1101021212002
1101021212010
1101021212011
1101021212012
1101021212020
1101021212021
1101021212022
1101101102200
1101101102201
1101101102202
1101101102210
1101101102211
1101101102212
1101101102220
1101101102221
1101101102222
1101112210200
1101112210201
1101112210202
1101112210210
1101112210211
1101112210212
1101112210220
1101112210221
1101112210222
1101120021200
1101120021201
1101120021202
1101120021210
1101120021211
1101120021212
1101120021220
1101120021221
1101120021222
1101200211100
1101200211101
1101200211102
1101200211110
1101200211111
1101200211112
1101200211120
1101200211121
1101200211122
1101211022100
1101211022101
1101211022102
1101211022110
1101211022111
1101211022112
1101211022120
1101211022121
1101211022122
1101222100100
1101222100101
1101222100102
1101222100110
1101222100111
1101222100112
1101222100120
1101222100121
1101222100122
1102002111200
1102002111201
1102002111202
1102002111210
1102002111211
1102002111212
1102002111220
1102002111221
1102002111222
1102010222200
1102010222201
1102010222202
1102010222210
1102010222211
1102010222212
1102010222220
1102010222221
1102010222222
1102021000200
1102021000201
1102021000202
1102021000210
1102021000211
1102021000212
1102021000220
1102021000221
1102021000222
1102101220100
1102101220101
1102101220102
1102101220110
1102101220111
1102101220112
1102101220120
1102101220121
1102101220122
1102112001100
1102112001101
1102112001102
1102112001110
1102112001111
1102112001112
1102112001120
1102112001121
1102112001122
1102120112100
1102120112101
1102120112102
1102120112110
1102120112111
1102120112112
1102120112120
1102120112121
1102120112122
1102200002000
1102200002001
1102200002002
1102200002010
1102200002011
1102200002012
1102200002020
1102200002021
1102200002022
1102211110000
1102211110001
1102211110002
1102211110010
1102211110011
1102211110012
1102211110020
1102211110021
1102211110022
1102222221000
1102222221001
1102222221002
1102222221010
1102222221011
1102222221012
1102222221020
1102222221021
1102222221022
1110001100000
1110001100001
1110001100002
1110001100010
1110001100011
1110001100012
1110001100020
1110001100021
1110001100022
1110012211000
1110012211001
1110012211002
1110012211010
1110012211011
1110012211012
1110012211020
1110012211021
1110012211022
1110020022000
1110020022001
1110020022002
1110020022010
1110020022011
1110020022012
1110020022020
1110020022021
1110020022022
1110100212200
1110100212201
1110100212202
1110100212210
1110100212211
1110100212212
1110100212220
1110100212221
1110100212222
1110111020200
1110111020201
1110111020202
1110111020210
1110111020211
1110111020212
1110111020220
1110111020221
1110111020222
1110122101200
1110122101201
1110122101202
1110122101210
1110122101211
1110122101212
1110122101220
1110122101221
1110122101222
1110202021100
1110202021101
1110202021102
1110202021110
1110202021111
1110202021112
1110202021120
1110202021121
1110202021122
1110210102100
1110210102101
1110210102102
1110210102110
1110210102111
1110210102112
1110210102120
1110210102121
1110210102122
1110221210100
1110221210101
1110221210102
1110221210110
1110221210111
1110221210112
1110221210120
1110221210121
1110221210122
1111001221200
1111001221201
1111001221202
1111001221210
1111001221211
1111001221212
1111001221220
1111001221221
1111001221222
1111012002200
1111012002201
1111012002202
1111012002210
1111012002211
1111012002212
1111012002220
1111012002221
1111012002222
1111020110200
1111020110201
1111020110202
1111020110210
1111020110211
1111020110212
1111020110220
1111020110221
1111020110222
1111100000100
1111100000101
1111100000102
1111100000110
1111100000111
1111100000112
1111100000120
1111100000121
1111100000122
1111111111100
1111111111101
1111111111102
1111111111110
1111111111111
1111111111112
1111111111120
1111111111121
1111111111122
1111122222100
1111122222101
1111122222102
1111122222110
1111122222111
1111122222112
1111122222120
1111122222121
1111122222122
1111202112000
1111202112001
1111202112002
1111202112010
1111202112011
1111202112012
1111202112020
1111202112021
1111202112022
1111210220000
1111210220001
1111210220002
1111210220010
1111210220011
1111210220012
1111210220020
1111210220021
1111210220022
1111221001000
1111221001001
1111221001002
1111221001010
1111221001011
1111221001012
1111221001020
1111221001021
1111221001022
1112001012100
1112001012101
1112001012102
1112001012110
1112001012111
1112001012112
1112001012120
1112001012121
1112001012122
1112012120100
1112012120101
1112012120102
1112012120110
1112012120111
1112012120112
1112012120120
1112012120121
1112012120122
1112020201100
1112020201101
1112020201102
1112020201110
1112020201111
1112020201112
1112020201120
1112020201121
1112020201122
1112100121000
1112100121001
1112100121002
1112100121010
1112100121011
1112100121012
1112100121020
1112100121021
1112100121022
1112111202000
1112111202001
1112111202002
1112111202010
1112111202011
1112111202012
1112111202020
1112111202021
1112111202022
1112122010000
1112122010001
1112122010002
1112122010010
1112122010011
1112122010012
1112122010020
1112122010021
1112122010022
1112202200200
1112202200201
1112202200202
1112202200210
1112202200211
1112202200212
1112202200220
1112202200221
1112202200222
1112210011200
1112210011201
1112210011202
1112210011210
1112210011211
1112210011212
1112210011220
1112210011221
1112210011222
1112221122200
1112221122201
1112221122202
1112221122210
1112221122211
1112221122212
1112221122220
1112221122221
1112221122222
1120000001200
1120000001201
1120000001202
1120000001210
1120000001211
1120000001212
1120000001220
1120000001221
1120000001222
1120011112200
1120011112201
1120011112202
1120011112210
1120011112211
1120011112212
1120011112220
1120011112221
1120011112222
1120022220200
1120022220201
1120022220202
1120022220210
1120022220211
1120022220212
1120022220220
1120022220221
1120022220222
1120102110100
1120102110101
1120102110102
1120102110110
1120102110111
1120102110112
1120102110120
1120102110121
1120102110122
1120110221100
1120110221101
1120110221102
1120110221110
1120110221111
1120110221112
1120110221120
1120110221121
1120110221122
1120121002100
1120121002101
1120121002102
1120121002110
1120121002111
1120121002112
1120121002120
1120121002121
1120121002122
1120201222000
1120201222001
1120201222002
1120201222010
1120201222011
1120201222012
1120201222020
1120201222021
1120201222022
1120212000000
1120212000001
1120212000002
1120212000010
1120212000011
1120212000012
1120212000020
1120212000021
1120212000022
1120220111000
1120220111001
1120220111002
1120220111010
1120220111011
1120220111012
1120220111020
1120220111021
1120220111022
1121000122100
1121000122101
1121000122102
1121000122110
1121000122111
1121000122112
1121000122120
1121000122121
1121000122122
1121011200100
1121011200101
1121011200102
1121011200110
1121011200111
1121011200112
1121011200120
1121011200121
1121011200122
1121022011100
1121022011101
1121022011102
1121022011110
1121022011111
1121022011112
1121022011120
1121022011121
1121022011122
1121102201000
1121102201001
1121102201002
1121102201010
1121102201011
1121102201012
1121102201020
1121102201021
1121102201022
1121110012000
1121110012001
1121110012002
1121110012010
1121110012011
1121110012012
1121110012020
1121110012021
1121110012022
1121121120000
1121121120001
1121121120002
1121121120010
1121121120011
1121121120012
1121121120020
1121121120021
1121121120022
1121201010200
1121201010201
1121201010202
1121201010210
1121201010211
1121201010212
1121201010220
1121201010221
1121201010222
1121212121200
1121212121201
1121212121202
1121212121210
1121212121211
1121212121212
1121212121220
1121212121221
1121212121222
1121220202200
1121220202201
1121220202202
1121220202210
1121220202211
1121220202212
1121220202220
1121220202221
1121220202222
1122000210000
1122000210001
1122000210002
1122000210010
1122000210011
1122000210012
1122000210020
1122000210021
1122000210022
1122011021000
1122011021001
1122011021002
1122011021010
1122011021011
1122011021012
1122011021020
1122011021021
1122011021022
1122022102000
1122022102001
1122022102002
1122022102010
1122022102011
1122022102012
1122022102020
1122022102021
1122022102022
1122102022200
1122102022201
1122102022202
1122102022210
1122102022211
1122102022212
1122102022220
1122102022221
1122102022222
1122110100200
1122110100201
1122110100202
1122110100210
1122110100211
1122110100212
1122110100220
1122110100221
1122110100222
1122121211200
1122121211201
1122121211202
1122121211210
1122121211211
1122121211212
1122121211220
1122121211221
1122121211222
1122201101100
1122201101101
1122201101102
1122201101110
1122201101111
1122201101112
1122201101120
1122201101121
1122201101122
1122212212100
1122212212101
1122212212102
1122212212110
1122212212111
1122212212112
1122212212120
1122212212121
1122212212122
1122220020100
1122220020101
1122220020102
1122220020110
1122220020111
1122220020112
1122220020120
1122220020121
1122220020122
1200000221000
1200000221001
1200000221002
1200000221010
1200000221011
1200000221012
1200000221020
1200000221021
1200000221022
1200011002000
1200011002001
1200011002002
1200011002010
1200011002011
1200011002012
1200011002020
1200011002021
1200011002022
1200022110000
1200022110001
1200022110002
1200022110010
1200022110011
1200022110012
1200022110020
1200022110021
1200022110022
1200102000200
1200102000201
1200102000202
1200102000210
1200102000211
1200102000212
1200102000220
1200102000221
1200102000222
1200110111200
1200110111201
1200110111202
1200110111210
1200110111211
1200110111212
1200110111220
1200110111221
1200110111222
1200121222200
1200121222201
1200121222202
1200121222210
1200121222211
1200121222212
1200121222220
1200121222221
1200121222222
1200201112100
1200201112101
1200201112102
1200201112110
1200201112111
1200201112112
1200201112120
1200201112121
1200201112122
1200212220100
1200212220101
1200212220102
1200212220110
1200212220111
1200212220112
1200212220120
1200212220121
1200212220122
1200220001100
1200220001101
1200220001102
1200220001110
1200220001111
1200220001112
1200220001120
1200220001121
1200220001122
1201000012200
1201000012201
1201000012202
1201000012210
1201000012211
1201000012212
1201000012220
1201000012221
1201000012222
1201011120200
1201011120201
1201011120202
1201011120210
1201011120211
1201011120212
1201011120220
1201011120221
1201011120222
1201022201200
1201022201201
1201022201202
1201022201210
1201022201211
1201022201212
1201022201220
1201022201221
1201022201222
1201102121100
1201102121101
1201102121102
1201102121110
1201102121111
1201102121112
1201102121120
1201102121121
1201102121122
1201110202100
1201110202101
1201110202102
1201110202110
1201110202111
1201110202112
1201110202120
1201110202121
1201110202122
1201121010100
1201121010101
1201121010102
1201121010110
1201121010111
1201121010112
1201121010120
1201121010121
1201121010122
1201201200000
1201201200001
1201201200002
1201201200010
1201201200011
1201201200012
1201201200020
1201201200021
1201201200022
1201212011000
1201212011001
1201212011002
1201212011010
1201212011011
1201212011012
1201212011020
1201212011021
1201212011022
1201220122000
1201220122001
1201220122002
1201220122010
1201220122011
1201220122012
1201220122020
1201220122021
1201220122022
1202000100100
1202000100101
1202000100102
1202000100110
1202000100111
1202000100112
1202000100120
1202000100121
1202000100122
1202011211100
1202011211101
1202011211102
1202011211110
1202011211111
1202011211112
1202011211120
1202011211121
1202011211122
1202022022100
1202022022101
1202022022102
1202022022110
1202022022111
1202022022112
1202022022120
1202022022121
1202022022122
1202102212000
1202102212001
1202102212002
1202102212010
1202102212011
1202102212012
1202102212020
1202102212021
1202102212022
1202110020000
1202110020001
1202110020002
1202110020010
1202110020011
1202110020012
1202110020020
1202110020021
1202110020022
1202121101000
1202121101001
1202121101002
1202121101010
1202121101011
1202121101012
1202121101020
1202121101021
1202121101022
1202201021200
1202201021201
1202201021202
1202201021210
1202201021211
1202201021212
1202201021220
1202201021221
1202201021222
1202212102200
1202212102201
1202212102202
1202212102210
1202212102211
1202212102212
1202212102220
1202212102221
1202212102222
1202220210200
1202220210201
1202220210202
1202220210210
1202220210211
1202220210212
1202220210220
1202220210221
1202220210222
1210002122200
1210002122201
1210002122202
1210002122210
1210002122211
1210002122212
1210002122220
1210002122221
1210002122222
1210010200200
1210010200201
1210010200202
1210010200210
1210010200211
1210010200212
1210010200220
1210010200221
1210010200222
1210021011200
1210021011201
1210021011202
1210021011210
1210021011211
1210021011212
1210021011220
1210021011221
1210021011222
1210101201100
1210101201101
1210101201102
1210101201110
1210101201111
1210101201112
1210101201120
1210101201121
1210101201122
1210112012100
1210112012101
1210112012102
1210112012110
1210112012111
1210112012112
1210112012120
1210112012121
1210112012122
1210120120100
1210120120101
1210120120102
1210120120110
1210120120111
1210120120112
1210120120120
1210120120121
1210120120122
1210200010000
1210200010001
1210200010002
1210200010010
1210200010011
1210200010012
1210200010020
1210200010021
1210200010022
1210211121000
1210211121001
1210211121002
1210211121010
1210211121011
1210211121012
1210211121020
1210211121021
1210211121022
1210222202000
1210222202001
1210222202002
1210222202010
1210222202011
1210222202012
1210222202020
1210222202021
1210222202022
1211002210100
1211002210101
1211002210102
1211002210110
1211002210111
1211002210112
1211002210120
1211002210121
1211002210122
1211010021100
1211010021101
1211010021102
1211010021110
1211010021111
1211010021112
1211010021120
1211010021121
1211010021122
1211021102100
1211021102101
1211021102102
1211021102110
1211021102111
1211021102112
1211021102120
1211021102121
1211021102122
1211101022000
1211101022001
1211101022002
1211101022010
1211101022011
1211101022012
1211101022020
1211101022021
1211101022022
1211112100000
1211112100001
1211112100002
1211112100010
1211112100011
1211112100012
1211112100020
1211112100021
1211112100022
1211120211000
1211120211001
1211120211002
1211120211010
1211120211011
1211120211012
1211120211020
1211120211021
1211120211022
1211200101200
1211200101201
1211200101202
1211200101210
1211200101211
1211200101212
1211200101220
1211200101221
1211200101222
1211211212200
1211211212201
1211211212202
1211211212210
1211211212211
1211211212212
1211211212220
1211211212221
1211211212222
1211222020200
1211222020201
1211222020202
1211222020210
1211222020211
1211222020212
1211222020220
1211222020221
1211222020222
1212002001000
1212002001001
1212002001002
1212002001010
1212002001011
1212002001012
1212002001020
1212002001021
1212002001022
1212010112000
1212010112001
1212010112002
1212010112010
1212010112011
1212010112012
1212010112020
1212010112021
1212010112022
1212021220000
1212021220001
1212021220002
1212021220010
1212021220011
1212021220012
1212021220020
1212021220021
1212021220022
1212101110200
1212101110201
1212101110202
1212101110210
1212101110211
1212101110212
1212101110220
1212101110221
1212101110222
1212112221200
1212112221201
1212112221202
1212112221210
1212112221211
1212112221212
1212112221220
1212112221221
1212112221222
1212120002200
1212120002201
1212120002202
1212120002210
1212120002211
1212120002212
1212120002220
1212120002221
1212120002222
1212200222100
1212200222101
1212200222102
1212200222110
1212200222111
1212200222112
1212200222120
1212200222121
1212200222122
1212211000100
1212211000101
1212211000102
1212211000110
1212211000111
1212211000112
1212211000120
1212211000121
1212211000122
1212222111100
1212222111101
1212222111102
1212222111110
1212222111111
1212222111112
1212222111120
1212222111121
1212222111122
1220001020100
1220001020101
1220001020102
1220001020110
1220001020111
1220001020112
1220001020120
1220001020121
1220001020122
1220012101100
1220012101101
1220012101102
1220012101110
1220012101111
1220012101112
1220012101120
1220012101121
1220012101122
1220020212100
1220020212101
1220020212102
1220020212110
1220020212111
1220020212112
1220020212120
1220020212121
1220020212122
1220100102000
1220100102001
1220100102002
1220100102010
1220100102011
1220100102012
1220100102020
1220100102021
1220100102022
1220111210000
1220111210001
1220111210002
1220111210010
1220111210011
1220111210012
1220111210020
1220111210021
1220111210022
1220122021000
1220122021001
1220122021002
1220122021010
1220122021011
1220122021012
1220122021020
1220122021021
1220122021022
1220202211200
1220202211201
1220202211202
1220202211210
1220202211211
1220202211212
1220202211220
1220202211221
1220202211222
1220210022200
1220210022201
1220210022202
1220210022210
1220210022211
1220210022212
1220210022220
1220210022221
1220210022222
1220221100200
1220221100201
1220221100202
1220221100210
1220221100211
1220221100212
1220221100220
1220221100221
1220221100222
1221001111000
1221001111001
1221001111002
1221001111010
1221001111011
1221001111012
1221001111020
1221001111021
1221001111022
1221012222000
1221012222001
1221012222002
1221012222010
1221012222011
1221012222012
1221012222020
1221012222021
1221012222022
1221020000000
1221020000001
1221020000002
1221020000010
1221020000011
1221020000012
1221020000020
1221020000021
1221020000022
1221100220200
1221100220201
1221100220202
1221100220210
1221100220211
1221100220212
1221100220220
1221100220221
1221100220222
1221111001200
1221111001201
1221111001202
1221111001210
1221111001211
1221111001212
1221111001220
1221111001221
1221111001222
1221122112200
1221122112201
1221122112202
1221122112210
1221122112211
1221122112212
1221122112220
1221122112221
1221122112222
1221202002100
1221202002101
1221202002102
1221202002110
1221202002111
1221202002112
1221202002120
1221202002121
1221202002122
1221210110100
1221210110101
1221210110102
1221210110110
1221210110111
1221210110112
1221210110120
1221210110121
1221210110122
1221221221100
1221221221101
1221221221102
1221221221110
1221221221111
1221221221112
1221221221120
1221221221121
1221221221122
1222001202200
1222001202201
1222001202202
1222001202210
1222001202211
1222001202212
1222001202220
1222001202221
1222001202222
1222012010200
1222012010201
1222012010202
1222012010210
1222012010211
1222012010212
1222012010220
1222012010221
1222012010222
1222020121200
1222020121201
1222020121202
1222020121210
1222020121211
1222020121212
1222020121220
1222020121221
1222020121222
1222100011100
1222100011101
1222100011102
1222100011110
1222100011111
1222100011112
1222100011120
1222100011121
1222100011122
1222111122100
1222111122101
1222111122102
1222111122110
1222111122111
1222111122112
1222111122120
1222111122121
1222111122122
1222122200100
1222122200101
1222122200102
1222122200110
1222122200111
1222122200112
1222122200120
1222122200121
1222122200122
1222202120000
1222202120001
1222202120002
1222202120010
1222202120011
1222202120012
1222202120020
1222202120021
1222202120022
1222210201000
1222210201001
1222210201002
1222210201010
1222210201011
1222210201012
1222210201020
1222210201021
1222210201022
1222221012000
1222221012001
1222221012002
1222221012010
1222221012011
1222221012012
1222221012020
1222221012021
1222221012022
2000002120100
2000002120101
2000002120102
2000002120110
2000002120111
2000002120112
2000002120120
2000002120121
2000002120122
2000010201100
2000010201101
2000010201102
2000010201110
2000010201111
2000010201112
2000010201120
2000010201121
2000010201122
2000021012100
2000021012101
2000021012102
2000021012110
2000021012111
2000021012112
2000021012120
2000021012121
2000021012122
2000101202000
2000101202001
2000101202002
2000101202010
2000101202011
2000101202012
2000101202020
2000101202021
2000101202022
2000112010000
2000112010001
2000112010002
2000112010010
2000112010011
2000112010012
2000112010020
2000112010021
2000112010022
2000120121000
2000120121001
2000120121002
2000120121010
2000120121011
2000120121012
2000120121020
2000120121021
2000120121022
2000200011200
2000200011201
2000200011202
2000200011210
2000200011211
2000200011212
2000200011220
2000200011221
2000200011222
2000211122200
2000211122201
2000211122202
2000211122210
2000211122211
2000211122212
2000211122220
2000211122221
2000211122222
2000222200200
2000222200201
2000222200202
2000222200210
2000222200211
2000222200212
2000222200220
2000222200221
2000222200222
2001002211000
2001002211001
2001002211002
2001002211010
2001002211011
2001002211012
2001002211020
2001002211021
2001002211022
2001010022000
2001010022001
2001010022002
2001010022010
2001010022011
2001010022012
2001010022020
2001010022021
2001010022022
2001021100000
2001021100001
2001021100002
2001021100010
2001021100011
2001021100012
2001021100020
2001021100021
2001021100022
2001101020200
2001101020201
2001101020202
2001101020210
2001101020211
2001101020212
2001101020220
2001101020221
2001101020222
2001112101200
2001112101201
2001112101202
2001112101210
2001112101211
2001112101212
2001112101220
2001112101221
2001112101222
2001120212200
2001120212201
2001120212202
2001120212210
2001120212211
2001120212212
2001120212220
2001120212221
2001120212222
2001200102100
2001200102101
2001200102102
2001200102110
2001200102111
2001200102112
2001200102120
2001200102121
2001200102122
2001211210100
2001211210101
2001211210102
2001211210110
2001211210111
2001211210112
2001211210120
2001211210121
2001211210122
2001222021100
2001222021101
2001222021102
2001222021110
2001222021111
2001222021112
2001222021120
2001222021121
2001222021122
2002002002200
2002002002201
2002002002202
2002002002210
2002002002211
2002002002212
2002002002220
2002002002221
2002002002222
2002010110200
2002010110201
2002010110202
2002010110210
2002010110211
2002010110212
2002010110220
2002010110221
2002010110222
2002021221200
2002021221201
2002021221202
2002021221210
2002021221211
2002021221212
2002021221220
2002021221221
2002021221222
2002101111100
2002101111101
2002101111102
2002101111110
2002101111111
2002101111112
2002101111120
2002101111121
2002101111122
2002112222100
2002112222101
2002112222102
2002112222110
2002112222111
2002112222112
2002112222120
2002112222121
2002112222122
2002120000100
2002120000101
2002120000102
2002120000110
2002120000111
2002120000112
2002120000120
2002120000121
2002120000122
2002200220000
2002200220001
2002200220002
2002200220010
2002200220011
2002200220012
2002200220020
2002200220021
2002200220022
2002211001000
2002211001001
2002211001002
2002211001010
2002211001011
2002211001012
2002211001020
2002211001021
2002211001022
2002222112000
2002222112001
2002222112002
2002222112010
2002222112011
2002222112012
2002222112020
2002222112021
2002222112022
2010001021000
2010001021001
2010001021002
2010001021010
2010001021011
2010001021012
2010001021020
2010001021021
2010001021022
2010012102000
2010012102001
2010012102002
2010012102010
2010012102011
2010012102012
2010012102020
2010012102021
2010012102022
2010020210000
2010020210001
2010020210002
2010020210010
2010020210011
2010020210012
2010020210020
2010020210021
2010020210022
2010100100200
2010100100201
2010100100202
2010100100210
2010100100211
2010100100212
2010100100220
2010100100221
2010100100222
2010111211200
2010111211201
2010111211202
2010111211210
2010111211211
2010111211212
2010111211220
2010111211221
2010111211222
2010122022200
2010122022201
2010122022202
2010122022210
2010122022211
2010122022212
2010122022220
2010122022221
2010122022222
2010202212100
2010202212101
2010202212102
2010202212110
2010202212111
2010202212112
2010202212120
2010202212121
2010202212122
2010210020100
2010210020101
2010210020102
2010210020110
2010210020111
2010210020112
2010210020120
2010210020121
2010210020122
2010221101100
2010221101101
2010221101102
2010221101110
2010221101111
2010221101112
2010221101120
2010221101121
2010221101122
2011001112200
2011001112201
2011001112202
2011001112210
2011001112211
2011001112212
2011001112220
2011001112221
2011001112222
2011012220200
2011012220201
2011012220202
2011012220210
2011012220211
2011012220212
2011012220220
2011012220221
2011012220222
2011020001200
2011020001201
2011020001202
2011020001210
2011020001211
2011020001212
2011020001220
2011020001221
2011020001222
2011100221100
2011100221101
2011100221102
2011100221110
2011100221111
2011100221112
2011100221120
2011100221121
2011100221122
2011111002100
2011111002101
2011111002102
2011111002110
2011111002111
2011111002112
2011111002120
2011111002121
2011111002122
2011122110100
2011122110101
2011122110102
2011122110110
2011122110111
2011122110112
2011122110120
2011122110121
2011122110122
2011202000000
2011202000001
2011202000002
2011202000010
2011202000011
2011202000012
2011202000020
2011202000021
2011202000022
2011210111000
2011210111001
2011210111002
2011210111010
2011210111011
2011210111012
2011210111020
2011210111021
2011210111022
2011221222000
2011221222001
2011221222002
2011221222010
2011221222011
2011221222012
2011221222020
2011221222021
2011221222022
2012001200100
2012001200101
2012001200102
2012001200110
2012001200111
2012001200112
2012001200120
2012001200121
2012001200122
2012012011100
2012012011101
2012012011102
2012012011110
2012012011111
2012012011112
2012012011120
2012012011121
2012012011122
2012020122100
2012020122101
2012020122102
2012020122110
2012020122111
2012020122112
2012020122120
2012020122121
2012020122122
2012100012000
2012100012001
2012100012002
2012100012010
2012100012011
2012100012012
2012100012020
2012100012021
2012100012022
2012111120000
2012111120001
2012111120002
2012111120010
2012111120011
2012111120012
2012111120020
2012111120021
2012111120022
2012122201000
2012122201001
2012122201002
2012122201010
2012122201011
2012122201012
2012122201020
2012122201021
2012122201022
2012202121200
2012202121201
2012202121202
2012202121210
2012202121211
2012202121212
2012202121220
2012202121221
2012202121222
2012210202200
2012210202201
2012210202202
2012210202210
2012210202211
2012210202212
2012210202220
2012210202221
2012210202222
2012221010200
2012221010201
2012221010202
2012221010210
2012221010211
2012221010212
2012221010220
2012221010221
2012221010222
2020000222200
2020000222201
2020000222202
2020000222210
2020000222211
2020000222212
2020000222220
2020000222221
2020000222222
2020011000200
2020011000201
2020011000202
2020011000210
2020011000211
2020011000212
2020011000220
2020011000221
2020011000222
2020022111200
2020022111201
2020022111202
2020022111210
2020022111211
2020022111212
2020022111220
2020022111221
2020022111222
2020102001100
2020102001101
2020102001102
2020102001110
2020102001111
2020102001112
2020102001120
2020102001121
2020102001122
2020110112100
2020110112101
2020110112102
2020110112110
2020110112111
2020110112112
2020110112120
2020110112121
2020110112122
2020121220100
2020121220101
2020121220102
2020121220110
2020121220111
2020121220112
2020121220120
2020121220121
2020121220122
2020201110000
2020201110001
2020201110002
2020201110010
2020201110011
2020201110012
2020201110020
2020201110021
2020201110022
2020212221000
2020212221001
2020212221002
2020212221010
2020212221011
2020212221012
2020212221020
2020212221021
2020212221022
2020220002000
2020220002001
2020220002002
2020220002010
2020220002011
2020220002012
2020220002020
2020220002021
2020220002022
2021000010100
2021000010101
2021000010102
2021000010110
2021000010111
2021000010112
2021000010120
2021000010121
2021000010122
2021011121100
2021011121101
2021011121102
2021011121110
2021011121111
2021011121112
2021011121120
2021011121121
2021011121122
2021022202100
2021022202101
2021022202102
2021022202110
2021022202111
2021022202112
2021022202120
2021022202121
2021022202122
2021102122000
2021102122001
2021102122002
2021102122010
2021102122011
2021102122012
2021102122020
2021102122021
2021102122022
2021110200000
2021110200001
2021110200002
2021110200010
2021110200011
2021110200012
2021110200020
2021110200021
2021110200022
2021121011000
2021121011001
2021121011002
2021121011010
2021121011011
2021121011012
2021121011020
2021121011021
2021121011022
2021201201200
2021201201201
2021201201202
2021201201210
2021201201211
2021201201212
2021201201220
2021201201221
2021201201222
2021212012200
2021212012201
2021212012202
2021212012210
2021212012211
2021212012212
2021212012220
2021212012221
2021212012222
2021220120200
2021220120201
2021220120202
2021220120210
2021220120211
2021220120212
2021220120220
2021220120221
2021220120222
2022000101000
2022000101001
2022000101002
2022000101010
2022000101011
2022000101012
2022000101020
2022000101021
2022000101022
2022011212000
2022011212001
2022011212002
2022011212010
2022011212011
2022011212012
2022011212020
2022011212021
2022011212022
2022022020000
2022022020001
2022022020002
2022022020010
2022022020011
2022022020012
2022022020020
2022022020021
2022022020022
2022102210200
2022102210201
2022102210202
2022102210210
2022102210211
2022102210212
2022102210220
2022102210221
2022102210222
2022110021200
2022110021201
2022110021202
2022110021210
2022110021211
2022110021212
2022110021220
2022110021221
2022110021222
2022121102200
2022121102201
2022121102202
2022121102210
2022121102211
2022121102212
2022121102220
2022121102221
2022121102222
2022201022100
2022201022101
2022201022102
2022201022110
2022201022111
2022201022112
2022201022120
2022201022121
2022201022122
2022212100100
2022212100101
2022212100102
2022212100110
2022212100111
2022212100112
2022212100120
2022212100121
2022212100122
2022220211100
2022220211101
2022220211102
2022220211110
2022220211111
2022220211112
2022220211120
2022220211121
2022220211122
2100000112000
2100000112001
2100000112002
2100000112010
2100000112011
2100000112012
2100000112020
2100000112021
2100000112022
2100011220000
2100011220001
2100011220002
2100011220010
2100011220011
2100011220012
2100011220020
2100011220021
2100011220022
2100022001000
2100022001001
2100022001002
2100022001010
2100022001011
2100022001012
2100022001020
2100022001021
2100022001022
2100102221200
2100102221201
2100102221202
2100102221210
2100102221211
2100102221212
2100102221220
2100102221221
2100102221222
2100110002200
2100110002201
2100110002202
2100110002210
2100110002211
2100110002212
2100110002220
2100110002221
2100110002222
2100121110200
2100121110201
2100121110202
2100121110210
2100121110211
2100121110212
2100121110220
2100121110221
2100121110222
2100201000100
2100201000101
2100201000102
2100201000110
2100201000111
2100201000112
2100201000120
2100201000121
2100201000122
2100212111100
2100212111101
2100212111102
2100212111110
2100212111111
2100212111112
2100212111120
2100212111121
2100212111122
2100220222100
2100220222101
2100220222102
2100220222110
2100220222111
2100220222112
2100220222120
2100220222121
2100220222122
2101000200200
2101000200201
2101000200202
2101000200210
2101000200211
2101000200212
2101000200220
2101000200221
2101000200222
2101011011200
2101011011201
2101011011202
2101011011210
2101011011211
2101011011212
2101011011220
2101011011221
2101011011222
2101022122200
2101022122201
2101022122202
2101022122210
2101022122211
2101022122212
2101022122220
2101022122221
2101022122222
2101102012100
2101102012101
2101102012102
2101102012110
2101102012111
2101102012112
2101102012120
2101102012121
2101102012122
2101110120100
2101110120101
2101110120102
2101110120110
2101110120111
2101110120112
2101110120120
2101110120121
2101110120122
2101121201100
2101121201101
2101121201102
2101121201110
2101121201111
2101121201112
2101121201120
2101121201121
2101121201122
2101201121000
2101201121001
2101201121002
2101201121010
2101201121011
2101201121012
2101201121020
2101201121021
2101201121022
2101212202000
2101212202001
2101212202002
2101212202010
2101212202011
2101212202012
2101212202020
2101212202021
2101212202022
2101220010000
2101220010001
2101220010002
2101220010010
2101220010011
2101220010012
2101220010020
2101220010021
2101220010022
2102000021100
2102000021101
2102000021102
2102000021110
2102000021111
2102000021112
2102000021120
2102000021121
2102000021122
2102011102100
2102011102101
2102011102102
2102011102110
2102011102111
2102011102112
2102011102120
2102011102121
2102011102122
2102022210100
2102022210101
2102022210102
2102022210110
2102022210111
2102022210112
2102022210120
2102022210121
2102022210122
2102102100000
2102102100001
2102102100002
2102102100010
2102102100011
2102102100012
2102102100020
2102102100021
2102102100022
2102110211000
2102110211001
2102110211002
2102110211010
2102110211011
2102110211012
2102110211020
2102110211021
2102110211022
2102121022000
2102121022001
2102121022002
2102121022010
2102121022011
2102121022012
2102121022020
2102121022021
2102121022022
2102201212200
2102201212201
2102201212202
2102201212210
2102201212211
2102201212212
2102201212220
2102201212221
2102201212222
2102212020200
2102212020201
2102212020202
2102212020210
2102212020211
2102212020212
2102212020220
2102212020221
2102212020222
2102220101200
2102220101201
2102220101202
2102220101210
2102220101211
2102220101212
2102220101220
2102220101221
2102220101222
2110002010200
2110002010201
2110002010202
2110002010210
2110002010211
2110002010212
2110002010220
2110002010221
2110002010222
2110010121200
2110010121201
2110010121202
2110010121210
2110010121211
2110010121212
2110010121220
2110010121221
2110010121222
2110021202200
2110021202201
2110021202202
2110021202210
2110021202211
2110021202212
2110021202220
2110021202221
2110021202222
2110101122100
2110101122101
2110101122102
2110101122110
2110101122111
2110101122112
2110101122120
2110101122121
2110101122122
2110112200100
2110112200101
2110112200102
2110112200110
2110112200111
2110112200112
2110112200120
2110112200121
2110112200122
2110120011100
2110120011101
2110120011102
2110120011110
2110120011111
2110120011112
2110120011120
2110120011121
2110120011122
2110200201000
2110200201001
2110200201002
2110200201010
2110200201011
2110200201012
2110200201020
2110200201021
2110200201022
2110211012000
2110211012001
2110211012002
2110211012010
2110211012011
2110211012012
2110211012020
2110211012021
2110211012022
2110222120000
2110222120001
2110222120002
2110222120010
2110222120011
2110222120012
2110222120020
2110222120021
2110222120022
2111002101100
2111002101101
2111002101102
2111002101110
2111002101111
2111002101112
2111002101120
2111002101121
2111002101122
2111010212100
2111010212101
2111010212102
2111010212110
2111010212111
2111010212112
2111010212120
2111010212121
2111010212122
2111021020100
2111021020101
2111021020102
2111021020110
2111021020111
2111021020112
2111021020120
2111021020121
2111021020122
2111101210000
2111101210001
2111101210002
2111101210010
2111101210011
2111101210012
2111101210020
2111101210021
2111101210022
2111112021000
2111112021001
2111112021002
2111112021010
2111112021011
2111112021012
2111112021020
2111112021021
2111112021022
2111120102000
2111120102001
2111120102002
2111120102010
2111120102011
2111120102012
2111120102020
2111120102021
2111120102022
2111200022200
2111200022201
2111200022202
2111200022210
2111200022211
2111200022212
2111200022220
2111200022221
2111200022222
2111211100200
2111211100201
2111211100202
2111211100210
2111211100211
2111211100212
2111211100220
2111211100221
2111211100222
2111222211200
2111222211201
2111222211202
2111222211210
2111222211211
2111222211212
2111222211220
2111222211221
2111222211222
2112002222000
2112002222001
2112002222002
2112002222010
2112002222011
2112002222012
2112002222020
2112002222021
2112002222022
2112010000000
2112010000001
2112010000002
2112010000010
2112010000011
2112010000012
2112010000020
2112010000021
2112010000022
2112021111000
2112021111001
2112021111002
2112021111010
2112021111011
2112021111012
2112021111020
2112021111021
2112021111022
2112101001200
2112101001201
2112101001202
2112101001210
2112101001211
2112101001212
2112101001220
2112101001221
2112101001222
2112112112200
2112112112201
2112112112202
2112112112210
2112112112211
2112112112212
2112112112220
2112112112221
2112112112222
2112120220200
2112120220201
2112120220202
2112120220210
2112120220211
2112120220212
2112120220220
2112120220221
2112120220222
2112200110100
2112200110101
2112200110102
2112200110110
2112200110111
2112200110112
2112200110120
2112200110121
2112200110122
2112211221100
2112211221101
2112211221102
2112211221110
2112211221111
2112211221112
2112211221120
2112211221121
2112211221122
2112222002100
2112222002101
2112222002102
2112222002110
2112222002111
2112222002112
2112222002120
2112222002121
2112222002122
2120001211100
2120001211101
2120001211102
2120001211110
2120001211111
2120001211112
2120001211120
2120001211121
2120001211122
2120012022100
2120012022101
2120012022102
2120012022110
2120012022111
2120012022112
2120012022120
2120012022121
2120012022122
2120020100100
2120020100101
2120020100102
2120020100110
2120020100111
2120020100112
2120020100120
2120020100121
2120020100122
2120100020000
2120100020001
2120100020002
2120100020010
2120100020011
2120100020012
2120100020020
2120100020021
2120100020022
2120111101000
2120111101001
2120111101002
2120111101010
2120111101011
2120111101012
2120111101020
2120111101021
2120111101022
2120122212000
2120122212001
2120122212002
2120122212010
2120122212011
2120122212012
2120122212020
2120122212021
2120122212022
2120202102200
2120202102201
2120202102202
2120202102210
2120202102211
2120202102212
2120202102220
2120202102221
2120202102222
2120210210200
2120210210201
2120210210202
2120210210210
2120210210211
2120210210212
2120210210220
2120210210221
2120210210222
2120221021200
2120221021201
2120221021202
2120221021210
2120221021211
2120221021212
2120221021220
2120221021221
2120221021222
2121001002000
2121001002001
2121001002002
2121001002010
2121001002011
2121001002012
2121001002020
2121001002021
2121001002022
2121012110000
2121012110001
2121012110002
2121012110010
2121012110011
2121012110012
2121012110020
2121012110021
2121012110022
2121020221000
2121020221001
2121020221002
2121020221010
2121020221011
2121020221012
2121020221020
2121020221021
2121020221022
2121100111200
2121100111201
2121100111202
2121100111210
2121100111211
2121100111212
2121100111220
2121100111221
2121100111222
2121111222200
2121111222201
2121111222202
2121111222210
2121111222211
2121111222212
2121111222220
2121111222221
2121111222222
2121122000200
2121122000201
2121122000202
2121122000210
2121122000211
2121122000212
2121122000220
2121122000221
2121122000222
2121202220100
2121202220101
2121202220102
2121202220110
2121202220111
2121202220112
2121202220120
2121202220121
2121202220122
2121210001100
2121210001101
2121210001102
2121210001110
2121210001111
2121210001112
2121210001120
2121210001121
2121210001122
2121221112100
2121221112101
2121221112102
2121221112110
2121221112111
2121221112112
2121221112120
2121221112121
2121221112122
2122001120200
2122001120201
2122001120202
2122001120210
2122001120211
2122001120212
2122001120220
2122001120221
2122001120222
2122012201200
2122012201201
2122012201202
2122012201210
2122012201211
2122012201212
2122012201220
2122012201221
2122012201222
2122020012200
2122020012201
2122020012202
2122020012210
2122020012211
2122020012212
2122020012220
2122020012221
2122020012222
2122100202100
2122100202101
2122100202102
2122100202110
2122100202111
2122100202112
2122100202120
2122100202121
2122100202122
2122111010100
2122111010101
2122111010102
2122111010110
2122111010111
2122111010112
2122111010120
2122111010121
2122111010122
2122122121100
2122122121101
2122122121102
2122122121110
2122122121111
2122122121112
2122122121120
2122122121121
2122122121122
2122202011000
2122202011001
2122202011002
2122202011010
2122202011011
2122202011012
2122202011020
2122202011021
2122202011022
2122210122000
2122210122001
2122210122002
2122210122010
2122210122011
2122210122012
2122210122020
2122210122021
2122210122022
2122221200000
2122221200001
2122221200002
2122221200010
2122221200011
2122221200012
2122221200020
2122221200021
2122221200022
2200001101200
2200001101201
2200001101202
2200001101210
2200001101211
2200001101212
2200001101220
2200001101221
2200001101222
2200012212200
2200012212201
2200012212202
2200012212210
2200012212211
2200012212212
2200012212220
2200012212221
2200012212222
2200020020200
2200020020201
2200020020202
2200020020210
2200020020211
2200020020212
2200020020220
2200020020221
2200020020222
2200100210100
2200100210101
2200100210102
2200100210110
2200100210111
2200100210112
2200100210120
2200100210121
2200100210122
2200111021100
2200111021101
2200111021102
2200111021110
2200111021111
2200111021112
2200111021120
2200111021121
2200111021122
2200122102100
2200122102101
2200122102102
2200122102110
2200122102111
2200122102112
2200122102120
2200122102121
2200122102122
2200202022000
2200202022001
2200202022002
2200202022010
2200202022011
2200202022012
2200202022020
2200202022021
2200202022022
2200210100000
2200210100001
2200210100002
2200210100010
2200210100011
2200210100012
2200210100020
2200210100021
2200210100022
2200221211000
2200221211001
2200221211002
2200221211010
2200221211011
2200221211012
2200221211020
2200221211021
2200221211022
2201001222100
2201001222101
2201001222102
2201001222110
2201001222111
2201001222112
2201001222120
2201001222121
2201001222122
2201012000100
2201012000101
2201012000102
2201012000110
2201012000111
2201012000112
2201012000120
2201012000121
2201012000122
2201020111100
2201020111101
2201020111102
2201020111110
2201020111111
2201020111112
2201020111120
2201020111121
2201020111122
2201100001000
2201100001001
2201100001002
2201100001010
2201100001011
2201100001012
2201100001020
2201100001021
2201100001022
2201111112000
2201111112001
2201111112002
2201111112010
2201111112011
2201111112012
2201111112020
2201111112021
2201111112022
2201122220000
2201122220001
2201122220002
2201122220010
2201122220011
2201122220012
2201122220020
2201122220021
2201122220022
2201202110200
2201202110201
2201202110202
2201202110210
2201202110211
2201202110212
2201202110220
2201202110221
2201202110222
2201210221200
2201210221201
2201210221202
2201210221210
2201210221211
2201210221212
2201210221220
2201210221221
2201210221222
2201221002200
2201221002201
2201221002202
2201221002210
2201221002211
2201221002212
2201221002220
2201221002221
2201221002222
2202001010000
2202001010001
2202001010002
2202001010010
2202001010011
2202001010012
2202001010020
2202001010021
2202001010022
2202012121000
2202012121001
2202012121002
2202012121010
2202012121011
2202012121012
2202012121020
2202012121021
2202012121022
2202020202000
2202020202001
2202020202002
2202020202010
2202020202011
2202020202012
2202020202020
2202020202021
2202020202022
2202100122200
2202100122201
2202100122202
2202100122210
2202100122211
2202100122212
2202100122220
2202100122221
2202100122222
2202111200200
2202111200201
2202111200202
2202111200210
2202111200211
2202111200212
2202111200220
2202111200221
2202111200222
2202122011200
2202122011201
2202122011202
2202122011210
2202122011211
2202122011212
2202122011220
2202122011221
2202122011222
2202202201100
2202202201101
2202202201102
2202202201110
2202202201111
2202202201112
2202202201120
2202202201121
2202202201122
2202210012100
2202210012101
2202210012102
2202210012110
2202210012111
2202210012112
2202210012120
2202210012121
2202210012122
2202221120100
2202221120101
2202221120102
2202221120110
2202221120111
2202221120112
2202221120120
2202221120121
2202221120122
2210000002100
2210000002101
2210000002102
2210000002110
2210000002111
2210000002112
2210000002120
2210000002121
2210000002122
2210011110100
2210011110101
2210011110102
2210011110110
2210011110111
2210011110112
2210011110120
2210011110121
2210011110122
2210022221100
2210022221101
2210022221102
2210022221110
2210022221111
2210022221112
2210022221120
2210022221121
2210022221122
2210102111000
2210102111001
2210102111002
2210102111010
2210102111011
2210102111012
2210102111020
2210102111021
2210102111022
2210110222000
2210110222001
2210110222002
2210110222010
2210110222011
2210110222012
2210110222020
2210110222021
2210110222022
2210121000000
2210121000001
2210121000002
2210121000010
2210121000011
2210121000012
2210121000020
2210121000021
2210121000022
2210201220200
2210201220201
2210201220202
2210201220210
2210201220211
2210201220212
2210201220220
2210201220221
2210201220222
2210212001200
2210212001201
2210212001202
2210212001210
2210212001211
2210212001212
2210212001220
2210212001221
2210212001222
2210220112200
2210220112201
2210220112202
2210220112210
2210220112211
2210220112212
2210220112220
2210220112221
2210220112222
2211000120000
2211000120001
2211000120002
2211000120010
2211000120011
2211000120012
2211000120020
2211000120021
2211000120022
2211011201000
2211011201001
2211011201002
2211011201010
2211011201011
2211011201012
2211011201020
2211011201021
2211011201022
2211022012000
2211022012001
2211022012002
2211022012010
2211022012011
2211022012012
2211022012020
2211022012021
2211022012022
2211102202200
2211102202201
2211102202202
2211102202210
2211102202211
2211102202212
2211102202220
2211102202221
2211102202222
2211110010200
2211110010201
2211110010202
2211110010210
2211110010211
2211110010212
2211110010220
2211110010221
2211110010222
2211121121200
2211121121201
2211121121202
2211121121210
2211121121211
2211121121212
2211121121220
2211121121221
2211121121222
2211201011100
2211201011101
2211201011102
2211201011110
2211201011111
2211201011112
2211201011120
2211201011121
2211201011122
2211212122100
2211212122101
2211212122102
2211212122110
2211212122111
2211212122112
2211212122120
2211212122121
2211212122122
2211220200100
2211220200101
2211220200102
2211220200110
2211220200111
2211220200112
2211220200120
2211220200121
2211220200122
2212000211200
2212000211201
2212000211202
2212000211210
2212000211211
2212000211212
2212000211220
2212000211221
2212000211222
2212011022200
2212011022201
2212011022202
2212011022210
2212011022211
2212011022212
2212011022220
2212011022221
2212011022222
2212022100200
2212022100201
2212022100202
2212022100210
2212022100211
2212022100212
2212022100220
2212022100221
2212022100222
2212102020100
2212102020101
2212102020102
2212102020110
2212102020111
2212102020112
2212102020120
2212102020121
2212102020122
2212110101100
2212110101101
2212110101102
2212110101110
2212110101111
2212110101112
2212110101120
2212110101121
2212110101122
2212121212100
2212121212101
2212121212102
2212121212110
2212121212111
2212121212112
2212121212120
2212121212121
2212121212122
2212201102000
2212201102001
2212201102002
2212201102010
2212201102011
2212201102012
2212201102020
2212201102021
2212201102022
2212212210000
2212212210001
2212212210002
2212212210010
2212212210011
2212212210012
2212212210020
2212212210021
2212212210022
2212220021000
2212220021001
2212220021002
2212220021010
2212220021011
2212220021012
2212220021020
2212220021021
2212220021022
2220002200000
2220002200001
2220002200002
2220002200010
2220002200011
2220002200012
2220002200020
2220002200021
2220002200022
2220010011000
2220010011001
2220010011002
2220010011010
2220010011011
2220010011012
2220010011020
2220010011021
2220010011022
2220021122000
2220021122001
2220021122002
2220021122010
2220021122011
2220021122012
2220021122020
2220021122021
2220021122022
2220101012200
2220101012201
2220101012202
2220101012210
2220101012211
2220101012212
2220101012220
2220101012221
2220101012222
2220112120200
2220112120201
2220112120202
2220112120210
2220112120211
2220112120212
2220112120220
2220112120221
2220112120222
2220120201200
2220120201201
2220120201202
2220120201210
2220120201211
2220120201212
2220120201220
2220120201221
2220120201222
2220200121100
2220200121101
2220200121102
2220200121110
2220200121111
2220200121112
2220200121120
2220200121121
2220200121122
2220211202100
2220211202101
2220211202102
2220211202110
2220211202111
2220211202112
2220211202120
2220211202121
2220211202122
2220222010100
2220222010101
2220222010102
2220222010110
2220222010111
2220222010112
2220222010120
2220222010121
2220222010122
2221002021200
2221002021201
2221002021202
2221002021210
2221002021211
2221002021212
2221002021220
2221002021221
2221002021222
2221010102200
2221010102201
2221010102202
2221010102210
2221010102211
2221010102212
2221010102220
2221010102221
2221010102222
2221021210200
2221021210201
2221021210202
2221021210210
2221021210211
2221021210212
2221021210220
2221021210221
2221021210222
2221101100100
2221101100101
2221101100102
2221101100110
2221101100111
2221101100112
2221101100120
2221101100121
2221101100122
2221112211100
2221112211101
2221112211102
2221112211110
2221112211111
2221112211112
2221112211120
2221112211121
2221112211122
2221120022100
2221120022101
2221120022102
2221120022110
2221120022111
2221120022112
2221120022120
2221120022121
2221120022122
2221200212000
2221200212001
2221200212002
2221200212010
2221200212011
2221200212012
2221200212020
2221200212021
2221200212022
2221211020000
2221211020001
2221211020002
2221211020010
2221211020011
2221211020012
2221211020020
2221211020021
2221211020022
2221222101000
2221222101001
2221222101002
2221222101010
2221222101011
2221222101012
2221222101020
2221222101021
2221222101022
2222002112100
2222002112101
2222002112102
2222002112110
2222002112111
2222002112112
2222002112120
2222002112121
2222002112122
2222010220100
2222010220101
2222010220102
2222010220110
2222010220111
2222010220112
2222010220120
2222010220121
2222010220122
2222021001100
2222021001101
2222021001102
2222021001110
2222021001111
2222021001112
2222021001120
2222021001121
2222021001122
2222101221000
2222101221001
2222101221002
2222101221010
2222101221011
2222101221012
2222101221020
2222101221021
2222101221022
2222112002000
2222112002001
2222112002002
2222112002010
2222112002011
2222112002012
2222112002020
2222112002021
2222112002022
2222120110000
2222120110001
2222120110002
2222120110010
2222120110011
2222120110012
2222120110020
2222120110021
2222120110022
2222200000200
2222200000201
2222200000202
2222200000210
2222200000211
2222200000212
2222200000220
2222200000221
2222200000222
2222211111200
2222211111201
2222211111202
2222211111210
2222211111211
2222211111212
2222211111220
2222211111221
2222211111222
2222222222200
2222222222201
2222222222202
2222222222210
2222222222211
2222222222212
2222222222220
2222222222221
2222222222222,