0000000011100
0000000110111
0000001000110
0000001010001
0000001101101
0000001111010
0000010000101
0000010010010
0000010101110
0000010111001
0000011001000
0000011100011
0001100000111
0001100110011
0001100111100
0001111000011
0001111001100
0001111110100
0010100001011
0010101100110
0010101101001
0010110010110
0010110011001
0010111111000
0011000100000
0011001010101
0011001011010
0011010100101
0011010101010
0011011011111
0100100100000
0100101010101
0100101011010
0100110100101
0100110101010
0100111011111
0101000001011
0101001100110
0101001101001
0101010010110
0101010011001
0101011111000
0110000000111
0110000110011
0110000111100
0110011000011
0110011001100
0110011110100
0111100001101
0111100001110
0111100010000
0111101000000
0111101111111
0111110000000
0111110111111
0111111101111
0111111110001
0111111110010
1000000000001
1000000000100
1000001001111
1000001110000
1000010111010
1000011000111
1000011111101
1001100001000
1001101010110
1001101011001
1001110001111
1001110100110
1001110101001
1001111100000
1001111111011
1010100000100
1010100011111
1010100110101
1010100111010
1010110110000
1010111000101
1010111001010
1010111110111
1011000000010
1011000101111
1011001100011
1011001101100
1011010010011
1011010011100
1011011010000
1011011111110
1100100000010
1100100101111
1100101100011
1100101101100
1100110010011
1100110011100
1100111010000
1100111111110
1101000000100
1101000011111
1101000110101
1101000111010
1101010110000
1101011000101
1101011001010
1101011110111
1110000001000
1110001010110
1110001011001
1110010001111
1110010100110
1110010101001
1110011100000
1110011111011
1111100000001
1111100111101
1111101001111
1111101110000
1111110010010
1111110100010
1111111001101
2000000000111
2000000001011
2000000001110
2000000100000
2000010000000
2000010111111
2000011011111
2000011110010
2000011110100
2000011111000
2001100010000
2001101100101
2001101101010
2001101111111
2001110010101
2001110011010
2010101000000
2010101010011
2010101011100
2010110100011
2010110101100
2010111101111
2011000001101
2011000110110
2011000111001
2011011000110
2011011001001
2011011110001
2100100001101
2100100110110
2100100111001
2100111000110
2100111001001
2100111110001
2101001000000
2101001010011
2101001011100
2101010100011
2101010101100
2101011101111
2110000010000
2110001100101
2110001101010
2110001111111
2110010010101
2110010011010
2111100001110
2111100100011
2111101001001
2111101010111
2111101100100
2111101111010
2111110000101
2111110011011
2111110101000
2111110110110
2111111000010
2111111011100
2111111111101