00000101010
00000110101
00010001111
00011000000
00011111011
00100011001
00101010110
00101101101
00110100011
00110111100
01001000011
01001011100
01010010010
01010101001
01011100110
01100000100
01100111111
01101110000
01111001010
01111010101
10000001110
10001100101
10010010000
10010101011
10011011111
10100111101
10101001001
10101110010
10110000111
10111101100
11000010011
11001111000
11010001101
11010110110
11011000010
11100100000
11101010100
11101101111
11110011010
11111110001
20000010001
20000101010
20001011110
20001100101
20010001111
20010110100
20100000110
20100111101
20111001000
20111110011
21000001100
21000110111
21011000010
21011111001
21101001011
21101110000
21110011010
21110100001
21111010101
21111101110