000000001101
000000010001
000001101010
000001110110
000110001010
000110010110
000111101101
000111110001
001010100100
001010111000
001011000011
001011011111
001100100011
001100111111
001101000100
001101011000
010010100011
010010111111
010011000100
010011011000
010100100100
010100111000
010101000011
010101011111
011000001010
011000010110
011001101101
011001110001
011110001101
011110010001
011111101010
011111110110
020000001101
020000010001
020001101010
020001110110
020110001010
020110010110
020111101101
020111110001
021010100100
021010111000
021011000011
021011011111
021100100011
021100111111
021101000100
021101011000
100000001010
100000010110
100001101101
100001110001
100110001101
100110010001
100111101010
100111110110
101010100011
101010111111
101011000100
101011011000
101100100100
101100111000
101101000011
101101011111
110010100100
110010111000
110011000011
110011011111
110100100011
110100111111
110101000100
110101011000
111000001101
111000010001
111001101010
111001110110
111110001010
111110010110
111111101101
111111110001
120000001010
120000010110
120001101101
120001110001
120110001101
120110010001
120111101010
120111110110
121010100011
121010111111
121011000100
121011011000
121100100100
121100111000
121101000011
121101011111
200000000000
200000011100
200001100111
200001111011
200110000111
200110011011
200111100000
200111111100
201010101110
201010110010
201011001001
201011010101
201100101001
201100110101
201101001110
201101010010
210010101001
210010110101
210011001110
210011010010
210100101110
210100110010
210101001001
210101010101
211000000111
211000011011
211001100000
211001111100
211110000000
211110011100
211111100111
211111111011
220000000000
220000011100
220001100111
220001111011
220110000111
220110011011
220111100000
220111111100
221010101110
221010110010
221011001001
221011010101
221100101001
221100110101
221101001110
221101010010