0000000011001
0000000011110
0000011100001
0000011100110
0000110010001
0000110010110
0001010001001
0001010001110
0001100000001
0001100000110
0001111111001
0001111111110
0010010000001
0010010000110
0010100001001
0010100001110
0010111110001
0010111110110
0011000010001
0011000010110
0011011101001
0011011101110
0011110011001
0011110011110
0100001111011
0100001111100
0100101010011
0100101010100
0100110101011
0100110101100
0101001001011
0101001001100
0101010110011
0101010110100
0101101100011
0101101100100
0110001000011
0110001000100
0110010111011
0110010111100
0110101101011
0110101101100
0111001110011
0111001110100
0111101011011
0111101011100
0111110100011
0111110100100
0200000100000
0200000100010
0200000100101
0200000100111
0200111001000
0200111001010
0200111001101
0200111001111
0201011010000
0201011010010
0201011010101
0201011010111
0201100111000
0201100111010
0201100111101
0201100111111
0210011011000
0210011011010
0210011011101
0210011011111
0210100110000
0210100110010
0210100110101
0210100110111
0211000101000
0211000101010
0211000101101
0211000101111
0211111000000
0211111000010
0211111000101
0211111000111
1000010111000
1000010111010
1000010111101
1000010111111
1000101010000
1000101010010
1000101010101
1000101010111
1000101101000
1000101101010
1000101101101
1000101101111
1001001001000
1001001001010
1001001001101
1001001001111
1001001110000
1001001110010
1001001110101
1001001110111
1001110100000
1001110100010
1001110100101
1001110100111
1010001000000
1010001000010
1010001000101
1010001000111
1010001111000
1010001111010
1010001111101
1010001111111
1010110101000
1010110101010
1010110101101
1010110101111
1011010110000
1011010110010
1011010110101
1011010110111
1011101011000
1011101011010
1011101011101
1011101011111
1011101100000
1011101100010
1011101100101
1011101100111
1100000100001
1100000100110
1100111001001
1100111001110
1101011010001
1101011010110
1101100111001
1101100111110
1110011011001
1110011011110
1110100110001
1110100110110
1111000101001
1111000101110
1111111000001
1111111000110
1200000011011
1200000011100
1200011100011
1200011100100
1200110010011
1200110010100
1201010001011
1201010001100
1201100000011
1201100000100
1201111111011
1201111111100
1210010000011
1210010000100
1210100001011
1210100001100
1210111110011
1210111110100
1211000010011
1211000010100
1211011101011
1211011101100
1211110011011
1211110011100
2000000100011
2000000100100
2000111001011
2000111001100
2001011010011
2001011010100
2001100111011
2001100111100
2010011011011
2010011011100
2010100110011
2010100110100
2011000101011
2011000101100
2011111000011
2011111000100
2100000011000
2100000011010
2100000011101
2100000011111
2100010000000
2100010000010
2100010000101
2100010000111
2100111110000
2100111110010
2100111110101
2100111110111
2101011101000
2101011101010
2101011101101
2101011101111
2101100000000
2101100000010
2101100000101
2101100000111
2101110011000
2101110011010
2101110011101
2101110011111
2110011100000
2110011100010
2110011100101
2110011100111
2110100001000
2110100001010
2110100001101
2110100001111
2110110010000
2110110010010
2110110010101
2110110010111
2111000010000
2111000010010
2111000010101
2111000010111
2111010001000
2111010001010
2111010001101
2111010001111
2111111111000
2111111111010
2111111111101
2111111111111
2200001111001
2200001111110
2200101010001
2200101010110
2200110101001
2200110101110
2201001001001
2201001001110
2201010110001
2201010110110
2201101100001
2201101100110
2210001000001
2210001000110
2210010111001
2210010111110
2210101101001
2210101101110
2211001110001
2211001110110
2211101011001
2211101011110
2211110100001
2211110100110