00000011010
00000101100
00010010011
00010100101
00101010010
00101100100
00111011011
00111101101
01010000111
01010110001
01011011100
01011101010
01100011101
01100101011
01101000110
01101110000
02001000111
02001001001
02001110001
02001111111
02110000110
02110001000
02110110000
02110111110
10000001110
10000111000
10001010101
10001100011
10110010100
10110100010
10111001111
10111111001
11000011010
11001000111
11001110001
11010100101
11011101100
11100101101
11101100100
11110000110
11110110000
11111011011
12010001001
12010111111
12011010010
12011100100
12100010011
12100100101
12101001000
12101111110
20011000000
20011001110
20011110110
20011111000
20100000001
20100001111
20100110111
20100111001
21000000000
21000110110
21001011011
21001101101
21110011010
21110101100
21111000001
21111110111
22000010100
22000100010
22010011101
22010101011
22101011100
22101101010
22111010101
22111100011