0001000111
0001011100
0001100000
0001111011
0011001010
0011010001
0011101101
0011110110
0200001001
0200010010
0200101110
0200110101
0210000100
0210011111
0210100011
0210111000
1100001110
1100010101
1100101001
1100110010
1101000000
1101011011
1101100111
1101111100
1110000011
1110011000
1110100100
1110111111
1111001101
1111010110
1111101010
1111110001
2000001001
2000010010
2000101110
2000110101
2010000100
2010011111
2010100011
2010111000
2201000111
2201011100
2201100000
2201111011
2211001010
2211010001
2211101101
2211110110