0000000000
0000000111
0000110011
0000110100
0001001011
0001001100
0001111000
0001111111
0120011010
0120101001
0120101110
0121010101
0121100010
0210011101
0210101010
0211010001
0211010110
0211100101
1020011001
1020011110
1020101010
1020101101
1021010010
1021100001
1021100110
1110000011
1110000100
1110110000
1110110111
1111001000
1111001111
1111111011
1111111100
1200011010
1200101001
1200101110
1201010101
1201100010
2010011010
2010101001
2010101110
2011010101
2011100010
2100011101
2100101010
2101010001
2101010110
2101100101
2220000011
2220000100
2220110000
2220110111
2221001000
2221001111
2221111011
2221111100