000000000100
000000110010
000000111000
000001001010
000010001010
000011010000
000011100000
000011111110
000100000000
000100011110
000100101110
000101110100
000110110100
000111000110
000111001100
000111111010
001000111101
001001101010
001010011010
001011001101
001100110011
001101100100
001110010100
001111000011
002001010111
002010100111
002101011001
002110101001
010001011100
010001100111
010010010111
010010101100
010101010010
010101101001
010110011001
010110100010
012000001011
012000110000
012011000000
012011111011
012100000101
012100111110
012111001110
012111110101
020000000001
020011110001
020100001111
020111111111
021000000110
021001010001
021010100001
021011110110
021100001000
021101011111
021110101111
021111111000
022000111010
022001101101
022010011101
022011001010
022100110100
022101100011
022110010011
022111000100
100000110110
100001011011
100010101011
100011000110
100100111000
100101010101
100110100101
100111001000
102000001100
102001100001
102010010001
102011111100
102100000010
102101101111
102110011111
102111110010
111000000010
111000101011
111000101100
111000110101
111001001101
111001010011
111001010100
111001111010
111010000001
111010011110
111010011111
111010110000
111011001000
111011100110
111011100111
111011111001
111100000111
111100011000
111100011001
111100110110
111101001110
111101100000
111101100001
111101111111
111110000100
111110101010
111110101101
111110110011
111111001011
111111010010
111111010101
111111111100
120000001101
120001100000
120010010000
120011111101
120100000011
120101101110
120110011110
120111110011
122000110111
122001011010
122010101010
122011000111
122100111001
122101010100
122110100100
122111001001
200001101101
200010011101
200101100011
200110010011
201000000111
201001010000
201010100000
201011110111
201100001001
201101011110
201110101110
201111111001
202000111010
202000111011
202011000110
202011001011
202100110100
202100110101
202111000101
202111001000
210000001010
210000110001
210011000001
210011111010
210100000100
210100111111
210111001111
210111110100
212001011101
212001100110
212010010110
212010101101
212101010011
212101101000
212110011000
212110100011
220000111011
220001010110
220010100110
220011001011
220100110101
220101011000
220110101000
220111000101
221000111100
221001101011
221010011011
221011001100
221100110010
221101100101
221110010101
221111000010
222000000000
222000001101
222011110001
222011111100
222100000011
222100001110
222111110010
222111111111