0010000001101
0010000110110
0010001010111
0010001110000
0010010001000
0010010110011
0010011001110
0010011100001
0010100000010
0010100111011
0010101010000
0010101011011
0010101100000
0010101100101
0010101111010
0010110010001
0010110010100
0010110011111
0010110101100
0010111111101
0011000001010
0011000100000
0011000110001
0011001001100
0011001010101
0011001100011
0011010001111
0011010110100
0011011000000
0011011101010
0011100010110
0011100011101
0011101111111
0011110000000
0011110101110
0011110111001
0011111010010
0011111011001
0011111100111
0101100000100
0111000000111
0120000000001
0120000011110
0120000111000
0120001000010
0120010010010
0120010100010
0120010111101
0120011001011
0120011010101
0120011010111
0120011100100
0120100000111
0120100001001
0120100101100
0120100101110
0120101011100
0120101110011
0120111001000
0120111101011
0120111110110
0121000010000
0121000111111
0121001001001
0121001010111
0121001100110
0121010000011
0121010011100
0121010111010
0121011101101
0121100100011
0121101001010
0121101101001
0121101110100
0121110000101
0121110001011
0121110101100
0121111011110
0121111110001
0200000000100
0200000011011
0200000101011
0200001010101
0200001101000
0200001101111
0200001111001
0200010100111
0200011011000
0200011111110
0200100110101
0200101000110
0200110011010
0200110100001
0200110101110
0200110110000
0200111000011
0200111001101
0201000100101
0201001011010
0201001111100
0201010000110
0201010011001
0201010101001
0201011010101
0201011010111
0201011110010
0201011111011
0201100010011
0201100011000
0201100101100
0201100101110
0201100110010
0201101000001
0201101001111
0201110110111
0201111000100
0201111100010
0201111111000
0220010000101
1000010000101
1001000000111
1020000000100
1020000011011
1020000101011
1020001010101
1020001101000
1020001101111
1020001111001
1020010100111
1020011011000
1020011111110
1020100110101
1020101000110
1020110011010
1020110100001
1020110101110
1020110110000
1020111000011
1020111001101
1021000100101
1021001011010
1021001111100
1021010000110
1021010011001
1021010101001
1021011010101
1021011010111
1021011110010
1021011111011
1021100010011
1021100011000
1021100101100
1021100101110
1021100110010
1021101000001
1021101001111
1021110110111
1021111000100
1021111100010
1021111111000
1100000001101
1100000110110
1100001010111
1100001110000
1100010001000
1100010110011
1100011001110
1100011100001
1100100000010
1100100111011
1100101010000
1100101011011
1100101100000
1100101100101
1100101111010
1100110010001
1100110010100
1100110011111
1100110101100
1100111111101
1101000001010
1101000100000
1101000110001
1101001001100
1101001010101
1101001100011
1101010001111
1101010110100
1101011000000
1101011101010
1101100010110
1101100011101
1101101111111
1101110000000
1101110101110
1101110111001
1101111010010
1101111011001
1101111100111
1120110000110
1210000000001
1210000011110
1210000111000
1210001000010
1210010010010
1210010100010
1210010111101
1210011001011
1210011010101
1210011010111
1210011100100
1210100000111
1210100001001
1210100101100
1210100101110
1210101011100
1210101110011
1210111001000
1210111101011
1210111110110
1211000010000
1211000111111
1211001001001
1211001010111
1211001100110
1211010000011
1211010011100
1211010111010
1211011101101
1211100100011
1211101001010
1211101101001
1211101110100
1211110000101
1211110001011
1211110101100
1211111011110
1211111110001
2000000000001
2000000011110
2000000111000
2000001000010
2000010010010
2000010100010
2000010111101
2000011001011
2000011010101
2000011010111
2000011100100
2000100000111
2000100001001
2000100101100
2000100101110
2000101011100
2000101110011
2000111001000
2000111101011
2000111110110
2001000010000
2001000111111
2001001001001
2001001010111
2001001100110
2001010000011
2001010011100
2001010111010
2001011101101
2001100100011
2001101001010
2001101101001
2001101110100
2001110000101
2001110001011
2001110101100
2001111011110
2001111110001
2010110000110
2110000000100
2110000011011
2110000101011
2110001010101
2110001101000
2110001101111
2110001111001
2110010100111
2110011011000
2110011111110
2110100110101
2110101000110
2110110011010
2110110100001
2110110101110
2110110110000
2110111000011
2110111001101
2111000100101
2111001011010
2111001111100
2111010000110
2111010011001
2111010101001
2111011010101
2111011010111
2111011110010
2111011111011
2111100010011
2111100011000
2111100101100
2111100101110
2111100110010
2111101000001
2111101001111
2111110110111
2111111000100
2111111100010
2111111111000
2211100000100
2220000001101
2220000110110
2220001010111
2220001110000
2220010001000
2220010110011
2220011001110
2220011100001
2220100000010
2220100111011
2220101010000
2220101011011
2220101100000
2220101100101
2220101111010
2220110010001
2220110010100
2220110011111
2220110101100
2220111111101
2221000001010
2221000100000
2221000110001
2221001001100
2221001010101
2221001100011
2221010001111
2221010110100
2221011000000
2221011101010
2221100010110
2221100011101
2221101111111
2221110000000
2221110101110
2221110111001
2221111010010
2221111011001
2221111100111