00000000000
00000001110
00000010111
00000011001
00000100101
00000101011
00000110010
00000111100
00011000011
00011001101
00011010100
00011011010
00011100110
00011101000
00011110001
00011111111
01201001110
01201011001
01201100101
01201110010
01210000000
01210010111
01210101011
01210111100
02101000011
02101010100
02101101000
02101111111
02110001101
02110011010
02110100110
02110110001
10201000011
10201010100
10201101000
10201111111
10210001101
10210011010
10210100110
10210110001
11100000000
11100001110
11100010111
11100011001
11100100101
11100101011
11100110010
11100111100
11111000011
11111001101
11111010100
11111011010
11111100110
11111101000
11111110001
11111111111
12001001110
12001011001
12001100101
12001110010
12010000000
12010010111
12010101011
12010111100
20101001110
20101011001
20101100101
20101110010
20110000000
20110010111
20110101011
20110111100
21001000011
21001010100
21001101000
21001111111
21010001101
21010011010
21010100110
21010110001
22200000011
22200001101
22200010100
22200011010
22200100110
22200101000
22200110001
22200111111
22211000000
22211001110
22211010111
22211011001
22211100101
22211101011
22211110010
22211111100