0010000000101
0010001010100
0010001100010
0010001101000
0010010010001
0010010011111
0010010101101
0010011000000
0010011110110
0010011111100
0010100000100
0010100111011
0010101001100
0010101011011
0010110010000
0010111001111
0011000110000
0011001011001
0011001100001
0011001101111
0011010010010
0011010100100
0011011000100
0011011111011
0011100000011
0011100001001
0011100111111
0011101011111
0011101100000
0011101101110
0011110010111
0011110011101
0011111111010
0012000011110
0012000100111
0012000111001
0012001010011
0012001011101
0012001111010
0012010001010
0012010100111
0012010110111
0012011000011
0012100010001
0012100111100
0012101010110
0012101110101
0012110100010
0012110101100
0012110111100
0012111000110
0012111001000
0012111100001
0100000010010
0100000011000
0100001111111
0100010000110
0100010001100
0100010100000
0100010111010
0100011010111
0100011101011
0100100001010
0100100100001
0100100101000
0100101000001
0100101100111
0100101111110
0100110101111
0100110110101
0100111010101
0100111101010
0101000000110
0101000010101
0101000100011
0101000111101
0101001001010
0101001010000
0101010000001
0101010011000
0101010111110
0101011011110
0101100010100
0101101110011
0101101111001
0101110000000
0101111000010
0101111011100
0101111100111
0101111101101
0101111110100
0102000101001
0102001000011
0102001100100
0102011001101
0102011010011
0102011011101
0102011110000
0102100001111
0102100101100
0102100110010
0102101000110
0102110000101
0102110011011
0102110110010
0102111011000
0220000001011
0220000101110
0220000110100
0220001001110
0220001110001
0220010110011
0220011001001
0220011011010
0220011100101
0220100010111
0220100011101
0220100110110
0220101010010
0220101101101
0220101110000
0220110000011
0220110001001
0220110011110
0220111100100
0220111110011
0220111111001
0221000001100
0221000011011
0221000101010
0221001000111
0221001110110
0221001111100
0221010001111
0221011100010
0221011101000
0221011110101
0221100011010
0221100100101
0221101000101
0221110001110
0221110100110
0221110101011
0221110110001
0221110111000
0221111001011
0221111010001
0222000000000
0222000110111
0222001001101
0222010010100
0222010101001
0222010111001
0222011101110
0222100100010
0222101001000
0222101011000
0222101101011
0222111010110
0222111111111
1000000001011
1000000101110
1000000110100
1000001001110
1000001110001
1000010110011
1000011001001
1000011011010
1000011100101
1000100010111
1000100011101
1000100110110
1000101010010
1000101101101
1000101110000
1000110000011
1000110001001
1000110011110
1000111100100
1000111110011
1000111111001
1001000001100
1001000011011
1001000101010
1001001000111
1001001110110
1001001111100
1001010001111
1001011100010
1001011101000
1001011110101
1001100011010
1001100100101
1001101000101
1001110001110
1001110100110
1001110101011
1001110110001
1001110111000
1001111001011
1001111010001
1002000000000
1002000110111
1002001001101
1002010010100
1002010101001
1002010111001
1002011101110
1002100100010
1002101001000
1002101011000
1002101101011
1002111010110
1002111111111
1120000000101
1120001010100
1120001100010
1120001101000
1120010010001
1120010011111
1120010101101
1120011000000
1120011110110
1120011111100
1120100000100
1120100111011
1120101001100
1120101011011
1120110010000
1120111001111
1121000110000
1121001011001
1121001100001
1121001101111
1121010010010
1121010100100
1121011000100
1121011111011
1121100000011
1121100001001
1121100111111
1121101011111
1121101100000
1121101101110
1121110010111
1121110011101
1121111111010
1122000011110
1122000100111
1122000111001
1122001010011
1122001011101
1122001111010
1122010001010
1122010100111
1122010110111
1122011000011
1122100010001
1122100111100
1122101010110
1122101110101
1122110100010
1122110101100
1122110111100
1122111000110
1122111001000
1122111100001
1210000010010
1210000011000
1210001111111
1210010000110
1210010001100
1210010100000
1210010111010
1210011010111
1210011101011
1210100001010
1210100100001
1210100101000
1210101000001
1210101100111
1210101111110
1210110101111
1210110110101
1210111010101
1210111101010
1211000000110
1211000010101
1211000100011
1211000111101
1211001001010
1211001010000
1211010000001
1211010011000
1211010111110
1211011011110
1211100010100
1211101110011
1211101111001
1211110000000
1211111000010
1211111011100
1211111100111
1211111101101
1211111110100
1212000101001
1212001000011
1212001100100
1212011001101
1212011010011
1212011011101
1212011110000
1212100001111
1212100101100
1212100110010
1212101000110
1212110000101
1212110011011
1212110110010
1212111011000
2020000010010
2020000011000
2020001111111
2020010000110
2020010001100
2020010100000
2020010111010
2020011010111
2020011101011
2020100001010
2020100100001
2020100101000
2020101000001
2020101100111
2020101111110
2020110101111
2020110110101
2020111010101
2020111101010
2021000000110
2021000010101
2021000100011
2021000111101
2021001001010
2021001010000
2021010000001
2021010011000
2021010111110
2021011011110
2021100010100
2021101110011
2021101111001
2021110000000
2021111000010
2021111011100
2021111100111
2021111101101
2021111110100
2022000101001
2022001000011
2022001100100
2022011001101
2022011010011
2022011011101
2022011110000
2022100001111
2022100101100
2022100110010
2022101000110
2022110000101
2022110011011
2022110110010
2022111011000
2110000001011
2110000101110
2110000110100
2110001001110
2110001110001
2110010110011
2110011001001
2110011011010
2110011100101
2110100010111
2110100011101
2110100110110
2110101010010
2110101101101
2110101110000
2110110000011
2110110001001
2110110011110
2110111100100
2110111110011
2110111111001
2111000001100
2111000011011
2111000101010
2111001000111
2111001110110
2111001111100
2111010001111
2111011100010
2111011101000
2111011110101
2111100011010
2111100100101
2111101000101
2111110001110
2111110100110
2111110101011
2111110110001
2111110111000
2111111001011
2111111010001
2112000000000
2112000110111
2112001001101
2112010010100
2112010101001
2112010111001
2112011101110
2112100100010
2112101001000
2112101011000
2112101101011
2112111010110
2112111111111
2200000000101
2200001010100
2200001100010
2200001101000
2200010010001
2200010011111
2200010101101
2200011000000
2200011110110
2200011111100
2200100000100
2200100111011
2200101001100
2200101011011
2200110010000
2200111001111
2201000110000
2201001011001
2201001100001
2201001101111
2201010010010
2201010100100
2201011000100
2201011111011
2201100000011
2201100001001
2201100111111
2201101011111
2201101100000
2201101101110
2201110010111
2201110011101
2201111111010
2202000011110
2202000100111
2202000111001
2202001010011
2202001011101
2202001111010
2202010001010
2202010100111
2202010110111
2202011000011
2202100010001
2202100111100
2202101010110
2202101110101
2202110100010
2202110101100
2202110111100
2202111000110
2202111001000
2202111100001