00010000110
00010001011
00010010101
00010011000
00010100001
00010101100
00010110010
00010111111
00011000110
00011001011
00011010101
00011011000
00011100001
00011101100
00011110010
00011111111
01200001101
01200011110
01200101010
01200111001
01201001101
01201011110
01201101010
01201111001
01220000000
01220010011
01220100111
01220110100
01221000000
01221010011
01221100111
01221110100
02100000000
02100010011
02100100111
02100110100
02101000000
02101010011
02101100111
02101110100
02120001101
02120011110
02120101010
02120111001
02121001101
02121011110
02121101010
02121111001
10200000000
10200010011
10200100111
10200110100
10201000000
10201010011
10201100111
10201110100
10220001101
10220011110
10220101010
10220111001
10221001101
10221011110
10221101010
10221111001
11110000110
11110001011
11110010101
11110011000
11110100001
11110101100
11110110010
11110111111
11111000110
11111001011
11111010101
11111011000
11111100001
11111101100
11111110010
11111111111
12000001101
12000011110
12000101010
12000111001
12001001101
12001011110
12001101010
12001111001
12020000000
12020010011
12020100111
12020110100
12021000000
12021010011
12021100111
12021110100
20100001101
20100011110
20100101010
20100111001
20101001101
20101011110
20101101010
20101111001
20120000000
20120010011
20120100111
20120110100
20121000000
20121010011
20121100111
20121110100
21000000000
21000010011
21000100111
21000110100
21001000000
21001010011
21001100111
21001110100
21020001101
21020011110
21020101010
21020111001
21021001101
21021011110
21021101010
21021111001
22210000110
22210001011
22210010101
22210011000
22210100001
22210101100
22210110010
22210111111
22211000110
22211001011
22211010101
22211011000
22211100001
22211101100
22211110010
22211111111