001000011010
001001000110
001001001000
001001111011
001010110111
001010111001
001011001001
001011100101
001011101000
001100010100
001100100000
001100100111
001101111100
001110000011
001110010110
001111000000
001111011000
001111011111
001111101011
001200001101
001201010001
001201011001
001201101111
001210011100
001210101110
001210111011
001211110010
001211110110
010000101100
010000110101
010000110110
010001100011
010001110000
010010000100
010010001111
010010011100
010011010011
010011010100
010100011001
010100110011
010100111111
010101000101
010101001011
010101110111
010110010101
010110111010
010111100110
010200000010
010200010111
010200111010
010201011110
010210010000
010210100001
010211000101
010211101000
010211111101
022000000001
022000010111
022000101011
022001011101
022001101111
022010010000
022010100010
022011001010
022011111110
022100001110
022101010010
022101101001
022101101010
022110001000
022110101101
022110110100
022111001100
022111110001
022200001001
022200110101
022200111000
022201000100
022201100011
022201100100
022210011011
022210100110
022211000111
022211001010
100000000001
100000010111
100000101011
100001011101
100001101111
100010010000
100010100010
100011001010
100011111110
100100001110
100101010010
100101101001
100101101010
100110001000
100110101101
100110110100
100111001100
100111110001
100200001001
100200110101
100200111000
100201000100
100201100011
100201100100
100210011011
100210100110
100211000111
100211001010
112000011010
112001000110
112001001000
112001111011
112010110111
112010111001
112011001001
112011100101
112011101000
112100010100
112100100000
112100100111
112101111100
112110000011
112110010110
112111000000
112111011000
112111011111
112111101011
112200001101
112201010001
112201011001
112201101111
112210011100
112210101110
112210111011
112211110010
112211110110
121000101100
121000110101
121000110110
121001100011
121001110000
121010000100
121010001111
121010011100
121011010011
121011010100
121100011001
121100110011
121100111111
121101000101
121101001011
121101110111
121110010101
121110111010
121111100110
121200000010
121200010111
121200111010
121201011110
121210010000
121210100001
121211000101
121211101000
121211111101
202000101100
202000110101
202000110110
202001100011
202001110000
202010000100
202010001111
202010011100
202011010011
202011010100
202100011001
202100110011
202100111111
202101000101
202101001011
202101110111
202110010101
202110111010
202111100110
202200000010
202200010111
202200111010
202201011110
202210010000
202210100001
202211000101
202211101000
202211111101
211000000001
211000010111
211000101011
211001011101
211001101111
211010010000
211010100010
211011001010
211011111110
211100001110
211101010010
211101101001
211101101010
211110001000
211110101101
211110110100
211111001100
211111110001
211200001001
211200110101
211200111000
211201000100
211201100011
211201100100
211210011011
211210100110
211211000111
211211001010
220000011010
220001000110
220001001000
220001111011
220010110111
220010111001
220011001001
220011100101
220011101000
220100010100
220100100000
220100100111
220101111100
220110000011
220110010110
220111000000
220111011000
220111011111
220111101011
220200001101
220201010001
220201011001
220201101111
220210011100
220210101110
220210111011
220211110010
220211110110