0001000110
0001001011
0001010101
0001011000
0001100001
0001101100
0001110010
0001111111
0120001101
0120011110
0120101010
0120111001
0122000000
0122010011
0122100111
0122110100
0210000000
0210010011
0210100111
0210110100
0212001101
0212011110
0212101010
0212111001
1020000000
1020010011
1020100111
1020110100
1022001101
1022011110
1022101010
1022111001
1111000110
1111001011
1111010101
1111011000
1111100001
1111101100
1111110010
1111111111
1200001101
1200011110
1200101010
1200111001
1202000000
1202010011
1202100111
1202110100
2010001101
2010011110
2010101010
2010111001
2012000000
2012010011
2012100111
2012110100
2100000000
2100010011
2100100111
2100110100
2102001101
2102011110
2102101010
2102111001
2221000110
2221001011
2221010101
2221011000
2221100001
2221101100
2221110010
2221111111