000000010011
000000011100
000000100101
000000101010
000000110000
000000111111
000001000000
000001001111
000001010101
000001011010
000001100011
000001101100
000111110110
000111111001
000220000110
000220001001
000220110011
000221101100
001010000110
001010001001
001101110110
001101111001
001110000110
001110001001
001210110011
001210111100
001211010000
001211011111
001211100101
001211101010
002021110110
002021111001
002120010000
002120011111
002120100011
002120101100
002121000101
002121001010
002200000110
002200001001
002221110110
002221111001
010010000110
010010001001
010100000110
010100001001
010110010011
010111001100
010111110110
010111111001
010220110011
010220111100
010221010000
010221011111
010221100101
010221101010
011001110110
011001111001
011011110110
011011111001
011020010000
011020011111
011020100011
011020101100
011021000101
011021001010
011100000110
011100001001
012100110101
012100111010
012101010011
012101011100
012101100000
012101101111
012210010101
012210011010
012210100000
012210101111
012211000011
012211001100
020021110110
020021111001
020110010101
020110011010
020110100000
020110101111
020111000011
020111001100
020201110110
020201111001
020220000110
020220001001
021120110101
021120111010
021121010011
021121011100
021121100000
021121101111
021200010101
021200011010
021200100000
021200101111
021201000011
021201001100
022000000110
022000001001
022010110011
022010111100
022011010000
022011011111
022011100101
022011101010
022020000110
022020001001
022201110110
022201111001
100011110110
100011111001
100100000110
100100001001
100110000110
100110001001
100120110011
100120111100
100121010000
100121011111
100121100101
100121101010
101000000110
101000001001
101011110110
101011111001
101101110110
101101111001
101220010101
101220011010
101220100000
101220101111
101221000011
101221001100
102010010101
102010011010
102010100000
102010101111
102011000011
102011001100
102200110101
102200111010
102201010011
102201011100
102201100000
102201101111
110001110110
110001111001
110010000110
110010001001
110101110110
110101111001
110200010000
110200011111
110200100011
110200101100
110201000101
110201001010
111000000110
111000001001
111000110011
111001101100
111110010011
111110011100
111110100101
111110101010
111110110000
111110111111
111111000000
111111001111
111111010101
111111011010
111111100011
111111101100
111221110110
111221111001
112020110011
112020111100
112021010000
112021011111
112021100101
112021101010
112120000110
112120001001
112211110110
112211111001
112220000110
112220001001
120020010101
120020011010
120020100000
120020101111
120021000011
120021001100
120210110101
120210111010
120211010011
120211011100
120211100000
120211101111
121000110011
121000111100
121001010000
121001011111
121001100101
121001101010
121120000110
121120001001
121210000110
121210001001
121220010011
121221001100
121221110110
121221111001
122100010000
122100011111
122100100011
122100101100
122101000101
122101001010
122111110110
122111111001
122121110110
122121111001
122210000110
122210001001
200020000110
200020001001
200201110110
200201111001
200210010000
200210011111
200210100011
200210101100
200211000101
200211001010
200221110110
200221111001
201020110101
201020111010
201021010011
201021011100
201021100000
201021101111
201100010101
201100011010
201100100000
201100101111
201101000011
201101001100
202000010011
202001001100
202001110110
202001111001
202020000110
202020001001
202110110011
202110111100
202111010000
202111011111
202111100101
202111101010
202200000110
202200001001
210010110101
210010111010
210011010011
210011011100
210011100000
210011101111
210120010101
210120011010
210120100000
210120101111
210121000011
210121001100
211121110110
211121111001
211200110011
211200111100
211201010000
211201011111
211201100101
211201101010
211210000110
211210001001
211220000110
211220001001
212000010101
212000011010
212000100000
212000101111
212001000011
212001001100
212110000110
212110001001
212121110110
212121111001
212211110110
212211111001
220000000110
220000001001
220021110110
220021111001
220100110011
220100111100
220101010000
220101011111
220101100101
220101101010
220200000110
220200001001
221010010000
221010011111
221010100011
221010101100
221011000101
221011001010
221111110110
221111111001
221120000110
221120001001
221211110110
221211111001
222001110110
222001111001
222110000110
222110001001
222110110011
222111101100
222220010011
222220011100
222220100101
222220101010
222220110000
222220111111
222221000000
222221001111
222221010101
222221011010
222221100011
222221101100