00002000011
00002000100
00002111011
00002111100
00100011011
00100011100
00100100011
00100100100
00211001001
00211001110
00211110001
00211110110
00221010000
00221010010
00221010101
00221010111
00221101000
00221101010
00221101101
00221101111
01012000000
01012000010
01012000101
01012000111
01012111000
01012111010
01012111101
01012111111
01110011000
01110011010
01110011101
01110011111
01110100000
01110100010
01110100101
01110100111
01201010001
01201010110
01201101001
01201101110
01221001011
01221001100
01221110011
01221110100
02022011001
02022011110
02022100001
02022100110
02120000001
02120000110
02120111001
02120111110
02201001000
02201001010
02201001101
02201001111
02201110000
02201110010
02201110101
02201110111
02211010011
02211010100
02211101011
02211101100
10010010001
10010010110
10010101001
10010101110
10020001000
10020001010
10020001101
10020001111
10020110000
10020110010
10020110101
10020110111
10101000011
10101000100
10101111011
10101111100
10202011011
10202011100
10202100011
10202100100
11000001001
11000001110
11000110001
11000110110
11020010011
11020010100
11020101011
11020101100
11111000000
11111000010
11111000101
11111000111
11111111000
11111111010
11111111101
11111111111
11212011000
11212011010
11212011101
11212011111
11212100000
11212100010
11212100101
11212100111
12000010000
12000010010
12000010101
12000010111
12000101000
12000101010
12000101101
12000101111
12010001011
12010001100
12010110011
12010110100
12121011001
12121011110
12121100001
12121100110
12222000001
12222000110
12222111001
12222111110
20001011011
20001011100
20001100011
20001100100
20112010001
20112010110
20112101001
20112101110
20122001000
20122001010
20122001101
20122001111
20122110000
20122110010
20122110101
20122110111
20200000011
20200000100
20200111011
20200111100
21011011000
21011011010
21011011101
21011011111
21011100000
21011100010
21011100101
21011100111
21102001001
21102001110
21102110001
21102110110
21122010011
21122010100
21122101011
21122101100
21210000000
21210000010
21210000101
21210000111
21210111000
21210111010
21210111101
21210111111
22021000001
22021000110
22021111001
22021111110
22102010000
22102010010
22102010101
22102010111
22102101000
22102101010
22102101101
22102101111
22112001011
22112001100
22112110011
22112110100
22220011001
22220011110
22220100001
22220100110