0000100000000
0000100000100
0000100001011
0000100001111
0000111110000
0000111110100
0000111111011
0000111111111
0001000000011
0001000001000
0001000001101
0001001100110
0001010010110
0001011110011
0001011111000
0001011111101
0002200000101
0002200001000
0002200001110
0002201100011
0002210010011
0002211110101
0002211111000
0002211111110
0010201010000
0010201010100
0010201011011
0010201011111
0010210100000
0010210100100
0010210101011
0010210101111
0011100110010
0011101010101
0011101011001
0011101011110
0011110100101
0011110101001
0011110101110
0011111000010
0012000110111
0012001010010
0012001011001
0012001011100
0012010100010
0012010101001
0012010101100
0012011000111
0012111110001
0020000110100
0020000111011
0020001100000
0020001101111
0020010010000
0020010011111
0020011000100
0020011001011
0021100000010
0021200110111
0021200111100
0021201100001
0021201101010
0021210010001
0021210011010
0021211000111
0021211001100
0022100110001
0022100111010
0022101100110
0022101101101
0022110010110
0022110011101
0022111000001
0022111001010
0022201010110
0022210100110
0100000000010
0100200111101
0100201010001
0100201010110
0100201011010
0100210100001
0100210100110
0100210101010
0100211001101
0101101010000
0101101010100
0101101011011
0101101011111
0101110100000
0101110100100
0101110101011
0101110101111
0102000110001
0102001010111
0102001011010
0102001011100
0102010100111
0102010101010
0102010101100
0102011000001
0110000110011
0110000111000
0110001100101
0110001101110
0110010010101
0110010011110
0110011000011
0110011001000
0110101011001
0110110101001
0111200110100
0111200111011
0111201100000
0111201101111
0111210010000
0111210011111
0111211000100
0111211001011
0112000001101
0112011111110
0112100110110
0112100111101
0112101100011
0112101101000
0112110010011
0112110011000
0112111000110
0112111001101
0120100000010
0120100000111
0120100001100
0120101101001
0120110011001
0120111110010
0120111110111
0120111111100
0121000000000
0121000000100
0121000001011
0121000001111
0121011110000
0121011110100
0121011111011
0121011111111
0122200000010
0122200001001
0122200001110
0122201100101
0122210010101
0122211110010
0122211111001
0122211111110
0200000110101
0200000111110
0200001100010
0200001101001
0200010010010
0200010011001
0200011000101
0200011001110
0200211110001
0201001010011
0201010100011
0201200110010
0201200111001
0201201100111
0201201101100
0201210010111
0201210011100
0201211000010
0201211001001
0202100110100
0202100111011
0202101100000
0202101101111
0202110010000
0202110011111
0202111000100
0202111001011
0210011110101
0210011111010
0210100000001
0210100000111
0210100001010
0210101101100
0210110011100
0210111110001
0210111110111
0210111111010
0211000000001
0211000000110
0211000001101
0211001101010
0211010011010
0211011110001
0211011110110
0211011111101
0212200000000
0212200000100
0212200001011
0212200001111
0212211110000
0212211110100
0212211111011
0212211111111
0220200111000
0220201010011
0220201010110
0220201011101
0220210100011
0220210100110
0220210101101
0220211001000
0221100111110
0221101010011
0221101010101
0221101011000
0221110100011
0221110100101
0221110101000
0221111001110
0221200001101
0221211111110
0222001010000
0222001010100
0222001011011
0222001011111
0222010100000
0222010100100
0222010101011
0222010101111
1000001010111
1000001011100
1000010100111
1000010101100
1000200110010
1000200111001
1000211000010
1000211001001
1001101100001
1001101101010
1001110010001
1001110011010
1001201010100
1001201011111
1001210100100
1001210101111
1002000110000
1002001101011
1002010011011
1002011000000
1002100111100
1002101010111
1002110100111
1002111001100
1002210010101
1010000001010
1010001100001
1010010010001
1010011111010
1010100110110
1010100111101
1010111000110
1010111001101
1011000111111
1011001100100
1011010010100
1011011001111
1011200000011
1011200001000
1011211110011
1011211111000
1012100001011
1012101100000
1012110010000
1012111111011
1012201100110
1012201101101
1012210010110
1012210011101
1020101010011
1020101011000
1020110100011
1020110101000
1020200000101
1020201101110
1020210011110
1020211110101
1021000111001
1021001010010
1021010100010
1021011001001
1021100000100
1021101101111
1021110011111
1021111110100
1022000000101
1022000001110
1022011110101
1022011111110
1022200111011
1022201010000
1022210100000
1022211001011
1100000001011
1100001100000
1100010010000
1100011111011
1100101100101
1100101101110
1100110010101
1100110011110
1101000110101
1101000111110
1101011000101
1101011001110
1101200000011
1101201101000
1101210011000
1101211110011
1102100000010
1102100001001
1102111110010
1102111111001
1102200111111
1102201100100
1102210010100
1102211001111
1110100111011
1110101010000
1110110100000
1110111001011
1110200000111
1110200001100
1110211110111
1110211111100
1111001010010
1111001011001
1111010100010
1111010101001
1111100001100
1111101100111
1111110010111
1111111111100
1112000000100
1112001101111
1112010011111
1112011110100
1112200111010
1112201010001
1112210100001
1112211001010
1120000110110
1120001011101
1120010101101
1120011000110
1120200110000
1120201101011
1120210011011
1120211000000
1121100110001
1121100111010
1121111000001
1121111001010
1121201010110
1121201011101
1121210100110
1121210101101
1122001100011
1122001101000
1122010010011
1122010011000
1122100110100
1122101011111
1122110101111
1122111000100
1200100110011
1200101011000
1200110101000
1200111000011
1200200000100
1200201101111
1200210011111
1200211110100
1201000111011
1201001010000
1201010100000
1201011001011
1201100000110
1201100001101
1201111110110
1201111111101
1202000000110
1202001101101
1202010011101
1202011110110
1202201010001
1202201011010
1202210100001
1202210101010
1210000110100
1210001011111
1210010101111
1210011000100
1210201100010
1210201101001
1210210010010
1210210011001
1211100110000
1211101101011
1211110011011
1211111000000
1211200110101
1211201011110
1211210101110
1211211000101
1212000110011
1212000111000
1212011000011
1212011001000
1212101010101
1212101011110
1212110100101
1212110101110
1220000000001
1220000001010
1220011110001
1220011111010
1220100111111
1220101100100
1220110010100
1220111001111
1221001100111
1221001101100
1221010010111
1221010011100
1221200001011
1221201100000
1221210010000
1221211111011
1222100001001
1222101100010
1222110010010
1222111111001
1222200110111
1222200111100
1222211000111
1222211001100
2000000111010
2000001010001
2000010100001
2000011001010
2000201100111
2000201101100
2000210010111
2000210011100
2001100110111
2001100111100
2001111000111
2001111001100
2001200111011
2001201010000
2001210100000
2001211001011
2002000111111
2002001100100
2002010010100
2002011001111
2002101010010
2002101011001
2002110100010
2002110101001
2010000000110
2010000001101
2010011110110
2010011111101
2010101100011
2010101101000
2010110010011
2010110011000
2011000110000
2011001101011
2011010011011
2011011000000
2011200000110
2011201101101
2011210011101
2011211110110
2012100000100
2012101101111
2012110011111
2012111110100
2012200110001
2012200111010
2012211000001
2012211001010
2020100110101
2020101011110
2020110101110
2020111000101
2020200000010
2020200001001
2020211110010
2020211111001
2021001010101
2021001011110
2021010100101
2021010101110
2021100001011
2021101100000
2021110010000
2021111111011
2022000000011
2022001101000
2022010011000
2022011110011
2022200110100
2022201011111
2022210101111
2022211000100
2100000000100
2100001101111
2100010011111
2100011110100
2100100110011
2100100111000
2100111000011
2100111001000
2101001100010
2101001101001
2101010010010
2101010011001
2101200000101
2101200001110
2101211110101
2101211111110
2102100000101
2102101101110
2102110011110
2102111110101
2102200110000
2102201101011
2102210011011
2102211000000
2110100110100
2110101011111
2110110101111
2110111000100
2110200001001
2110201100010
2110210010010
2110211111001
2111000111100
2111001010111
2111010100111
2111011001100
2111100000001
2111100001010
2111111110001
2111111111010
2112000001011
2112001100000
2112010010000
2112011111011
2112201010111
2112201011100
2112210100111
2112210101100
2120001010001
2120001011010
2120010100001
2120010101010
2120200111111
2120201100100
2120210010100
2120211001111
2121101100110
2121101101101
2121110010110
2121110011101
2121200110011
2121201011000
2121210101000
2121211000011
2122000110110
2122000111101
2122011000110
2122011001101
2122100111011
2122101010000
2122110100000
2122111001011
2200101010110
2200101011101
2200110100110
2200110101101
2200200001011
2200201100000
2200210010000
2200211111011
2201000110100
2201001011111
2201010101111
2201011000100
2201100001010
2201101100001
2201110010001
2201111111010
2202000000011
2202000001000
2202011110011
2202011111000
2202200110110
2202201011101
2202210101101
2202211000110
2210000111011
2210001010000
2210010100000
2210011001011
2210200110101
2210200111110
2210211000101
2210211001110
2211100111111
2211101100100
2211110010100
2211111001111
2211201010011
2211201011000
2211210100011
2211210101000
2212001100101
2212001101110
2212010010101
2212010011110
2212100111001
2212101010010
2212110100010
2212111001001
2220000001100
2220001100111
2220010010111
2220011111100
2220100110000
2220101101011
2220110011011
2220111000000
2221000110010
2221000111001
2221011000010
2221011001001
2221200000100
2221201101111
2221210011111
2221211110100
2222100000111
2222100001100
2222111110111
2222111111100
2222201100001
2222201101010
2222210010001
2222210011010