000000000
000001011
000011000
000100011
000110001
000110100
000111010
000111111
000121100
000210111
000220101
000221110
012011101
012020000
012100110
012120011
012201011
012211000
021010111
021021110
021101100
021121001
021200101
021210010
102010111
102021110
102101100
102121001
102200101
102210010
111000000
111001011
111110001
111110100
111111010
111111111
111220101
111221110
120011101
120020000
120100110
120120011
120201011
120211000
201011101
201020000
201100110
201120011
201201011
201211000
210010111
210021110
210101100
210121001
210200101
210210010
222000000
222001011
222110001
222110100
222111010
222111111
222220101
222221110