0001000110
0001001011
0001010001
0001011100
0001100101
0001101000
0001110010
0001111111
0001200110
0001201011
0001210001
0001211100
0120001101
0120011010
0120101110
0120111001
0120201101
0120211010
0122000000
0122010111
0122100011
0122110100
0122200000
0122210111
0210000000
0210010111
0210100011
0210110100
0210200000
0210210111
0212001101
0212011010
0212101110
0212111001
0212201101
0212211010
1020000000
1020010111
1020100011
1020110100
1020200000
1020210111
1022001101
1022011010
1022101110
1022111001
1022201101
1022211010
1111000110
1111001011
1111010001
1111011100
1111100101
1111101000
1111110010
1111111111
1111200110
1111201011
1111210001
1111211100
1200001101
1200011010
1200101110
1200111001
1200201101
1200211010
1202000000
1202010111
1202100011
1202110100
1202200000
1202210111
2010001101
2010011010
2010101110
2010111001
2010201101
2010211010
2012000000
2012010111
2012100011
2012110100
2012200000
2012210111
2100000000
2100010111
2100100011
2100110100
2100200000
2100210111
2102001101
2102011010
2102101110
2102111001
2102201101
2102211010
2221000110
2221001011
2221010001
2221011100
2221100101
2221101000
2221110010
2221111111
2221200110
2221201011
2221210001
2221211100