0000000000000
0000000011110
0000001100111
0000001111000
0000001111001
0000120000001
0000121100110
0000210011111
0001010000001
0001011100110
0001100011111
0001220000000
0001220011110
0001221100111
0001221111000
0001221111001
0002020011111
0002110000000
0002110011110
0002111100111
0002111111000
0002111111001
0002200000001
0002201100110
0010000011000
0010000110100
0010120011001
0010120110010
0010120110011
0010120110101
0010121001011
0010121100001
0010121111110
0010210000110
0010210000111
0010211001010
0010211001100
0010211001101
0010211100000
0010211111111
0011010011001
0011010110010
0011010110011
0011010110101
0011011001011
0011011100001
0011011111110
0011100000110
0011100000111
0011101001010
0011101001100
0011101001101
0011101100000
0011101111111
0011220011000
0011220110100
0012020000110
0012020000111
0012021001010
0012021001100
0012021001101
0012021100000
0012021111111
0012110011000
0012110110100
0012200011001
0012200110010
0012200110011
0012200110101
0012201001011
0012201100001
0012201111110
0020000000001
0020000101010
0020001010011
0020001010100
0020001111000
0020120011111
0020120101100
0020121010010
0020210000000
0020210011110
0020210101011
0020210101101
0020211010101
0020211100110
0020211100111
0020211111001
0021010011111
0021010101100
0021011010010
0021100000000
0021100011110
0021100101011
0021100101101
0021101010101
0021101100110
0021101100111
0021101111001
0021220000001
0021220101010
0021221010011
0021221010100
0021221111000
0022020000000
0022020011110
0022020101011
0022020101101
0022021010101
0022021100110
0022021100111
0022021111001
0022110000001
0022110101010
0022111010011
0022111010100
0022111111000
0022200011111
0022200101100
0022201010010
0100000010011
0100001001001
0100001001111
0100120001010
0100120110110
0100120111101
0100121000100
0100121101010
0100121110011
0100210100101
0100210110000
0100211011100
0101010001010
0101010110110
0101010111101
0101011000100
0101011101010
0101011110011
0101100100101
0101100110000
0101101011100
0101220010011
0101221001001
0101221001111
0102020100101
0102020110000
0102021011100
0102110010011
0102111001001
0102111001111
0102200001010
0102200110110
0102200111101
0102201000100
0102201101010
0102201110011
0110000010101
0110000101001
0110001101100
0110001110101
0110120001100
0110121010110
0110210100010
0110210101111
0110210111010
0110211000011
0110211010000
0110211011011
0111010001100
0111011010110
0111100100010
0111100101111
0111100111010
0111101000011
0111101010000
0111101011011
0111220010101
0111220101001
0111221101100
0111221110101
0112020100010
0112020101111
0112020111010
0112021000011
0112021010000
0112021011011
0112110010101
0112110101001
0112111101100
0112111110101
0112200001100
0112201010110
0120000011110
0120001100110
0120001100111
0120120000000
0120120000001
0120120011111
0120121111000
0120211111001
0121010000000
0121010000001
0121010011111
0121011111000
0121101111001
0121220011110
0121221100110
0121221100111
0122021111001
0122110011110
0122111100110
0122111100111
0122200000000
0122200000001
0122200011111
0122201111000
0200000100011
0200001000010
0200001011010
0200001101101
0200120001101
0200120010100
0200120111011
0200121110100
0200210101000
0200210101110
0200211010001
0200211010111
0201010001101
0201010010100
0201010111011
0201011110100
0201100101000
0201100101110
0201101010001
0201101010111
0201220100011
0201221000010
0201221011010
0201221101101
0202020101000
0202020101110
0202021010001
0202021010111
0202110100011
0202111000010
0202111011010
0202111101101
0202200001101
0202200010100
0202200111011
0202201110100
0210000000110
0210000000111
0210001100000
0210001111111
0210120011000
0210210011001
0210211100001
0210211111110
0211010011000
0211100011001
0211101100001
0211101111110
0211220000110
0211220000111
0211221100000
0211221111111
0212020011001
0212021100001
0212021111110
0212110000110
0212110000111
0212111100000
0212111111111
0212200011000
0220000001011
0220000110001
0220120100100
0220120110111
0220121000101
0220121001110
0220121011101
0220121101011
0220121110010
0220210010010
0220210111100
0220211001000
0221010100100
0221010110111
0221011000101
0221011001110
0221011011101
0221011101011
0221011110010
0221100010010
0221100111100
0221101001000
0221220001011
0221220110001
0222020010010
0222020111100
0222021001000
0222110001011
0222110110001
0222200100100
0222200110111
0222201000101
0222201001110
0222201011101
0222201101011
0222201110010
1000000110111
1000001000101
1000001001110
1000001101011
1000120100100
1000120110001
1000120111100
1000121001000
1000121011101
1000210001011
1000210010010
1000211110010
1001010100100
1001010110001
1001010111100
1001011001000
1001011011101
1001100001011
1001100010010
1001101110010
1001220110111
1001221000101
1001221001110
1001221101011
1002020001011
1002020010010
1002021110010
1002110110111
1002111000101
1002111001110
1002111101011
1002200100100
1002200110001
1002200111100
1002201001000
1002201011101
1010000001101
1010000100011
1010000101110
1010000111011
1010001010111
1010001011010
1010120010100
1010121000010
1010121010001
1010121101101
1010210101000
1010211110100
1011010010100
1011011000010
1011011010001
1011011101101
1011100101000
1011101110100
1011220001101
1011220100011
1011220101110
1011220111011
1011221010111
1011221011010
1012020101000
1012021110100
1012110001101
1012110100011
1012110101110
1012110111011
1012111010111
1012111011010
1012200010100
1012201000010
1012201010001
1012201101101
1020000011001
1020001100000
1020120000110
1020120000111
1020121111111
1020210011000
1020211100001
1020211111110
1021010000110
1021010000111
1021011111111
1021100011000
1021101100001
1021101111110
1021220011001
1021221100000
1022020011000
1022021100001
1022021111110
1022110011001
1022111100000
1022200000110
1022200000111
1022201111111
1100000101010
1100000101100
1100000101101
1100001010010
1100001010011
1100001010100
1100001010101
1100120000000
1100120011111
1100120101011
1100121111000
1100210000001
1100210011110
1100211100110
1100211100111
1100211111001
1101010000000
1101010011111
1101010101011
1101011111000
1101100000001
1101100011110
1101101100110
1101101100111
1101101111001
1101220101010
1101220101100
1101220101101
1101221010010
1101221010011
1101221010100
1101221010101
1102020000001
1102020011110
1102021100110
1102021100111
1102021111001
1102110101010
1102110101100
1102110101101
1102111010010
1102111010011
1102111010100
1102111010101
1102200000000
1102200011111
1102200101011
1102201111000
1110120000001
1110120011110
1110121100111
1110121111000
1110210000000
1110210011111
1110211100110
1110211111001
1111010000001
1111010011110
1111011100111
1111011111000
1111100000000
1111100011111
1111101100110
1111101111001
1112020000000
1112020011111
1112021100110
1112021111001
1112200000001
1112200011110
1112201100111
1112201111000
1120000000110
1120000011000
1120000110011
1120000110101
1120001001011
1120001001101
1120001100000
1120001100001
1120001111111
1120120000111
1120121111110
1120210011001
1120210110010
1120210110100
1120211001010
1120211001100
1121010000111
1121011111110
1121100011001
1121100110010
1121100110100
1121101001010
1121101001100
1121220000110
1121220011000
1121220110011
1121220110101
1121221001011
1121221001101
1121221100000
1121221100001
1121221111111
1122020011001
1122020110010
1122020110100
1122021001010
1122021001100
1122110000110
1122110011000
1122110110011
1122110110101
1122111001011
1122111001101
1122111100000
1122111100001
1122111111111
1122200000111
1122201111110
1200000000000
1200001111000
1200120011110
1200121100111
1200210000001
1200210011111
1200211100110
1200211111001
1201010011110
1201011100111
1201100000001
1201100011111
1201101100110
1201101111001
1201220000000
1201221111000
1202020000001
1202020011111
1202021100110
1202021111001
1202110000000
1202111111000
1202200011110
1202201100111
1210000100101
1210000110000
1210000110110
1210001001001
1210001001111
1210001011100
1210120010011
1210121101010
1210210001010
1210210111101
1210211000100
1210211110011
1211010010011
1211011101010
1211100001010
1211100111101
1211101000100
1211101110011
1211220100101
1211220110000
1211220110110
1211221001001
1211221001111
1211221011100
1212020001010
1212020111101
1212021000100
1212021110011
1212110100101
1212110110000
1212110110110
1212111001001
1212111001111
1212111011100
1212200010011
1212201101010
1220000001100
1220000111010
1220001010110
1220120100010
1220120101001
1220121000011
1220121010000
1220121011011
1220121101100
1220121110101
1220210010101
1220210101111
1221010100010
1221010101001
1221011000011
1221011010000
1221011011011
1221011101100
1221011110101
1221100010101
1221100101111
1221220001100
1221220111010
1221221010110
1222020010101
1222020101111
1222110001100
1222110111010
1222111010110
1222200100010
1222200101001
1222201000011
1222201010000
1222201011011
1222201101100
1222201110101
2000000100010
2000001110101
2000120101111
2000120111010
2000121000011
2000121010110
2000210001100
2000210010101
2000210101001
2000211010000
2000211011011
2000211101100
2001010101111
2001010111010
2001011000011
2001011010110
2001100001100
2001100010101
2001100101001
2001101010000
2001101011011
2001101101100
2001220100010
2001221110101
2002020001100
2002020010101
2002020101001
2002021010000
2002021011011
2002021101100
2002110100010
2002111110101
2002200101111
2002200111010
2002201000011
2002201010110
2010000000000
2010000011111
2010001100111
2010001111001
2010120011110
2010121100110
2010121111000
2010210000001
2011010011110
2011011100110
2011011111000
2011100000001
2011220000000
2011220011111
2011221100111
2011221111001
2012020000001
2012110000000
2012110011111
2012111100111
2012111111001
2012200011110
2012201100110
2012201111000
2020000010011
2020000111101
2020001000100
2020001011100
2020001101010
2020120001010
2020120110000
2020121001001
2020210100101
2020210110110
2020211001111
2020211110011
2021010001010
2021010110000
2021011001001
2021100100101
2021100110110
2021101001111
2021101110011
2021220010011
2021220111101
2021221000100
2021221011100
2021221101010
2022020100101
2022020110110
2022021001111
2022021110011
2022110010011
2022110111101
2022111000100
2022111011100
2022111101010
2022200001010
2022200110000
2022201001001
2100000000110
2100000011000
2100001100001
2100001111111
2100120000111
2100120011001
2100121100000
2100211111110
2101010000111
2101010011001
2101011100000
2101101111110
2101220000110
2101220011000
2101221100001
2101221111111
2102021111110
2102110000110
2102110011000
2102111100001
2102111111111
2102200000111
2102200011001
2102201100000
2110000001011
2110001001000
2110001011101
2110001110010
2110120010010
2110121001110
2110210100100
2110210110001
2110210110111
2110210111100
2110211000101
2110211101011
2111010010010
2111011001110
2111100100100
2111100110001
2111100110111
2111100111100
2111101000101
2111101101011
2111220001011
2111221001000
2111221011101
2111221110010
2112020100100
2112020110001
2112020110111
2112020111100
2112021000101
2112021101011
2112110001011
2112111001000
2112111011101
2112111110010
2112200010010
2112201001110
2120000101000
2120000101110
2120001010001
2120120010100
2120120100011
2120121011010
2120121101101
2120121110100
2120210001101
2120210111011
2120211000010
2120211010111
2121010010100
2121010100011
2121011011010
2121011101101
2121011110100
2121100001101
2121100111011
2121101000010
2121101010111
2121220101000
2121220101110
2121221010001
2122020001101
2122020111011
2122021000010
2122021010111
2122110101000
2122110101110
2122111010001
2122200010100
2122200100011
2122201011010
2122201101101
2122201110100
2200000000111
2200000011000
2200000011001
2200000110100
2200001100000
2200001111110
2200121001100
2200121100001
2200121111111
2200210000110
2200210110010
2200210110011
2200210110101
2200211001010
2200211001011
2200211001101
2201011001100
2201011100001
2201011111111
2201100000110
2201100110010
2201100110011
2201100110101
2201101001010
2201101001011
2201101001101
2201220000111
2201220011000
2201220011001
2201220110100
2201221100000
2201221111110
2202020000110
2202020110010
2202020110011
2202020110101
2202021001010
2202021001011
2202021001101
2202110000111
2202110011000
2202110011001
2202110110100
2202111100000
2202111111110
2202201001100
2202201100001
2202201111111
2210001010010
2210001010011
2210001100111
2210120000000
2210120000001
2210120011111
2210120101011
2210120101100
2210120101101
2210121010101
2210121100110
2210121111001
2210210011110
2210210101010
2210211010100
2210211111000
2211010000000
2211010000001
2211010011111
2211010101011
2211010101100
2211010101101
2211011010101
2211011100110
2211011111001
2211100011110
2211100101010
2211101010100
2211101111000
2211221010010
2211221010011
2211221100111
2212020011110
2212020101010
2212021010100
2212021111000
2212111010010
2212111010011
2212111100111
2212200000000
2212200000001
2212200011111
2212200101011
2212200101100
2212200101101
2212201010101
2212201100110
2212201111001
2220000000001
2220000011111
2220001100110
2220001111001
2220120011110
2220210000000
2220211100111
2220211111000
2221010011110
2221100000000
2221101100111
2221101111000
2221220000001
2221220011111
2221221100110
2221221111001
2222020000000
2222021100111
2222021111000
2222110000001
2222110011111
2222111100110
2222111111001
2222200011110