000002010000
000011000011
000011001101
000011100000
000011110111
000011111011
000011111100
000020001110
000111010101
000111011010
000111100110
000120101001
000202100110
000202101001
000220010101
000220011010
001001001110
001010010000
001022000011
001022001101
001022100000
001022110111
001022111011
001022111100
001101101001
001122010101
001122011010
001122100110
001201010101
001201011010
001210100110
001210101001
002000000011
002000001101
002000100000
002000110111
002000111011
002000111100
002012001110
002021010000
002100010101
002100011010
002100100110
002112101001
002212010101
002212011010
002221100110
002221101001
010002101111
010002110010
010011001000
010011011111
010020000100
010020110001
010102010110
010102011001
010102101010
010120100101
010202000000
010202000111
010202001011
010202001100
010202110011
010202111101
010202111110
010211100000
010220010000
010220110000
011001000100
011001110001
011010101111
011010110010
011022001000
011022011111
011101100101
011110010110
011110011001
011110101010
011201010000
011201110000
011210000000
011210000111
011210001011
011210001100
011210110011
011210111101
011210111110
011222100000
012000001000
012000011111
012012000100
012012110001
012021101111
012021110010
012112100101
012121010110
012121011001
012121101010
012200100000
012212010000
012212110000
012221000000
012221000111
012221001011
012221001100
012221110011
012221111101
012221111110
020002000100
020002011111
020002110001
020020001000
020020101111
020020110010
020102000001
020102000010
020102110100
020102111000
020111000000
020111100011
020120001111
020120010011
020120011100
020120101100
020120111111
020202100101
020211011001
020220010110
020220101010
021001001000
021001101111
021001110010
021010000100
021010011111
021010110001
021101001111
021101010011
021101011100
021101101100
021101111111
021110000001
021110000010
021110110100
021110111000
021122000000
021122100011
021201010110
021201101010
021210100101
021222011001
022012001000
022012101111
022012110010
022021000100
022021011111
022021110001
022100000000
022100100011
022112001111
022112010011
022112011100
022112101100
022112111111
022121000001
022121000010
022121110100
022121111000
022200011001
022212010110
022212101010
022221100101
100002010110
100002011001
100002101010
100011100101
100102000100
100102101111
100102110001
100111001000
100111011111
100120110010
100202000001
100202000010
100202110100
100202111000
100211000000
100220001111
100220010011
100220011100
100220100011
100220101100
100220111111
101010010110
101010011001
101010101010
101022100101
101101110010
101110000100
101110101111
101110110001
101122001000
101122011111
101201001111
101201010011
101201011100
101201100011
101201101100
101201111111
101210000001
101210000010
101210110100
101210111000
101222000000
102000100101
102021010110
102021011001
102021101010
102100001000
102100011111
102112110010
102121000100
102121101111
102121110001
102200000000
102212001111
102212010011
102212011100
102212100011
102212101100
102212111111
102221000001
102221000010
102221110100
102221111000
110011100110
110020010101
110020011010
110020101001
110102010000
110102100000
110111000011
110111001110
110111111011
110111111100
110120001101
110120110111
110202010101
110202011010
110211101001
110220100110
111001010101
111001011010
111001101001
111022100110
111101001101
111101110111
111110010000
111110100000
111122000011
111122001110
111122111011
111122111100
111201100110
111210010101
111210011010
111222101001
112000100110
112012010101
112012011010
112012101001
112100000011
112100001110
112100111011
112100111100
112112001101
112112110111
112121010000
112121100000
112200101001
112212100110
112221010101
112221011010
120002001100
120002110011
120011000000
120011000111
120011010000
120011100000
120011111110
120020001011
120020110000
120020111101
120102101111
120111011111
120111110001
120111110010
120120000100
120120001000
120211010110
120211011001
120211101010
120220100101
121001001011
121001110000
121001111101
121010001100
121010110011
121022000000
121022000111
121022010000
121022100000
121022111110
121101000100
121101001000
121110101111
121122011111
121122110001
121122110010
121201100101
121222010110
121222011001
121222101010
122000000000
122000000111
122000010000
122000100000
122000111110
122012001011
122012110000
122012111101
122021001100
122021110011
122100011111
122100110001
122100110010
122112000100
122112001000
122121101111
122200010110
122200011001
122200101010
122212100101
200002100101
200011010110
200011101010
200020011001
200102001100
200102110011
200102111110
200111001011
200111010000
200111111101
200120000000
200120000111
200120100000
200120110000
200202001000
200211000100
200211110001
200220011111
200220101111
200220110010
201001011001
201010100101
201022010110
201022101010
201101000000
201101000111
201101100000
201101110000
201110001100
201110110011
201110111110
201122001011
201122010000
201122111101
201201011111
201201101111
201201110010
201210001000
201222000100
201222110001
202000010110
202000101010
202012011001
202021100101
202100001011
202100010000
202100111101
202112000000
202112000111
202112100000
202112110000
202121001100
202121110011
202121111110
202200000100
202200110001
202212011111
202212101111
202212110010
202221001000
210002000000
210002001111
210002100011
210002101100
210011010011
210011011100
210020000001
210020000010
210020110100
210020111000
210020111111
210111100101
210120010110
210120011001
210120101010
210202011111
210211000100
210211101111
210211110001
210211110010
210220001000
211001000001
211001000010
211001110100
211001111000
211001111111
211010000000
211010001111
211010100011
211010101100
211022010011
211022011100
211101010110
211101011001
211101101010
211122100101
211201001000
211210011111
211222000100
211222101111
211222110001
211222110010
212000010011
212000011100
212012000001
212012000010
212012110100
212012111000
212012111111
212021000000
212021001111
212021100011
212021101100
212100100101
212112010110
212112011001
212112101010
212200000100
212200101111
212200110001
212200110010
212212001000
212221011111
220002100110
220002101001
220020010101
220020011010
220102010101
220102011010
220111101001
220120100110
220202010000
220202100000
220211001101
220211001110
220211110111
220211111100
220220000011
220220111011
221001010101
221001011010
221010100110
221010101001
221101100110
221110010101
221110011010
221122101001
221201000011
221201111011
221210010000
221210100000
221222001101
221222001110
221222110111
221222111100
222012010101
222012011010
222021100110
222021101001
222100101001
222112100110
222121010101
222121011010
222200001101
222200001110
222200110111
222200111100
222212000011
222212111011
222221010000
222221100000