0002110001
0002110110
0002111001
0002111110
0012010010
0012010101
0012011010
0012011101
0020220011
0020220100
0020221011
0020221100
0021200000
0021200111
0021201000
0021201111
0100100010
0100100101
0100101010
0100101101
0110000001
0110000110
0110001001
0110001110
0121210011
0121210100
0121211011
0121211100
0122220000
0122220111
0122221000
0122221111
0201120010
0201120101
0201121010
0201121101
0211020001
0211020110
0211021001
0211021110
0220210000
0220210111
0220211000
0220211111
0222200011
0222200100
0222201011
0222201100
1002210010
1002210101
1002211010
1002211101
1010120000
1010120111
1010121000
1010121111
1011100011
1011100100
1011101011
1011101100
1022010001
1022010110
1022011001
1022011110
1100200001
1100200110
1100201001
1100201110
1111110000
1111110111
1111111000
1111111111
1112120011
1112120100
1112121011
1112121100
1120000010
1120000101
1120001010
1120001101
1201220001
1201220110
1201221001
1201221110
1210110011
1210110100
1210111011
1210111100
1212100000
1212100111
1212101000
1212101111
1221020010
1221020101
1221021010
1221021101
2000020000
2000020111
2000021000
2000021111
2001000011
2001000100
2001001011
2001001100
2012210001
2012210110
2012211001
2012211110
2022110010
2022110101
2022111010
2022111101
2101010000
2101010111
2101011000
2101011111
2102020011
2102020100
2102021011
2102021100
2110200010
2110200101
2110201010
2110201101
2120100001
2120100110
2120101001
2120101110
2200010011
2200010100
2200011011
2200011100
2202000000
2202000111
2202001000
2202001111
2211220010
2211220101
2211221010
2211221101
2221120001
2221120110
2221121001
2221121110