000211001
000211110
001201010
001201101
002022011
002022100
002120000
002120111
010010010
010010101
011000001
011000110
012121011
012121100
012222000
012222111
020112010
020112101
021102001
021102110
022021000
022021111
022220011
022220100
100221010
100221101
101012000
101012111
101110011
101110100
102201001
102201110
110020001
110020110
111111000
111111111
111212011
111212100
112000010
112000101
120122001
120122110
121011011
121011100
121210000
121210111
122102010
122102101
200002000
200002111
200100011
200100100
201221001
201221110
202211010
202211101
210101000
210101111
210202011
210202100
211020010
211020101
212010001
212010110
220001011
220001100
220200000
220200111
221122010
221122101
222112001
222112110