00100011100
00100100110
00100101101
00100110001
00100111010
00101000111
00101101000
00101200001
00102010110
00102111111
00102210000
00110000011
00110210100
00111011000
00111110111
00111211110
00112001001
00112100000
00112201111
00120001110
00120011001
00120201110
00120211001
00121010101
00121100101
00121200000
00121211111
00122001011
00122011100
00122110010
00122201010
01000000000
01000201011
01000210111
01001011011
01001110100
01001211101
01002001010
01002100011
01010011111
01010101101
01010111010
01010201000
01011000100
01011101011
01011200010
01012010101
01012111100
01012210011
01020000101
01020010010
01021000110
01021101110
01021111001
01021211100
01022000000
01022010111
01022101110
01022201101
01022210001
01022210110
02201001111
02201010011
02201200010
02201211110
02202001001
02202010101
02202200100
02202201100
02202211000
02210100110
02210110001
02211001100
02211010000
02211200001
02211211101
02212001010
02212010110
02212200111
02212211011
02220100011
02220101000
02220110100
02220111111
02220200101
02220210010
02221001001
02221011010
02221110010
02221200011
02222100101
02222111001
10001001111
10001010011
10001200010
10001211110
10002001001
10002010101
10002200100
10002201100
10002211000
10010100110
10010110001
10011001100
10011010000
10011200001
10011211101
10012001010
10012010110
10012200111
10012211011
10020100011
10020101000
10020110100
10020111111
10020200101
10020210010
10021001001
10021011010
10021110010
10021200011
10022100101
10022111001
11200011100
11200100110
11200101101
11200110001
11200111010
11201000111
11201101000
11201200001
11202010110
11202111111
11202210000
11210000011
11210210100
11211011000
11211110111
11211211110
11212001001
11212100000
11212201111
11220001110
11220011001
11220201110
11220211001
11221010101
11221100101
11221200000
11221211111
11222001011
11222011100
11222110010
11222201010
12100000000
12100201011
12100210111
12101011011
12101110100
12101211101
12102001010
12102100011
12110011111
12110101101
12110111010
12110201000
12111000100
12111101011
12111200010
12112010101
12112111100
12112210011
12120000101
12120010010
12121000110
12121101110
12121111001
12121211100
12122000000
12122010111
12122101110
12122201101
12122210001
12122210110
20200000000
20200201011
20200210111
20201011011
20201110100
20201211101
20202001010
20202100011
20210011111
20210101101
20210111010
20210201000
20211000100
20211101011
20211200010
20212010101
20212111100
20212210011
20220000101
20220010010
20221000110
20221101110
20221111001
20221211100
20222000000
20222010111
20222101110
20222201101
20222210001
20222210110
21101001111
21101010011
21101200010
21101211110
21102001001
21102010101
21102200100
21102201100
21102211000
21110100110
21110110001
21111001100
21111010000
21111200001
21111211101
21112001010
21112010110
21112200111
21112211011
21120100011
21120101000
21120110100
21120111111
21120200101
21120210010
21121001001
21121011010
21121110010
21121200011
21122100101
21122111001
22000011100
22000100110
22000101101
22000110001
22000111010
22001000111
22001101000
22001200001
22002010110
22002111111
22002210000
22010000011
22010210100
22011011000
22011110111
22011211110
22012001001
22012100000
22012201111
22020001110
22020011001
22020201110
22020211001
22021010101
22021100101
22021200000
22021211111
22022001011
22022011100
22022110010
22022201010