0000220000
0000220001
0001102100
0001102101
0001111110
0001111111
0002020010
0002020011
0010120010
0010120011
0011020000
0011020001
0012202110
0012202111
0012211100
0012211101
0020002110
0020002111
0020011100
0020011101
0021220010
0021220011
0022120000
0022120001
0100212000
0100212001
0101100110
0101100111
0101121100
0101121101
0102012010
0102012011
0110112010
0110112011
0111012000
0111012001
0112200100
0112200101
0112221110
0112221111
0120000100
0120000101
0120021110
0120021111
0121212010
0121212011
0122112000
0122112001
0200201010
0200201011
0201110100
0201110101
0201122110
0201122111
0202001000
0202001001
0210101000
0210101001
0211001010
0211001011
0212210110
0212210111
0212222100
0212222101
0220010110
0220010111
0220022100
0220022101
0221201000
0221201001
0222101010
0222101011
1000220110
1000220111
1001102010
1001102011
1001111000
1001111001
1002020100
1002020101
1010120100
1010120101
1011020110
1011020111
1012202000
1012202001
1012211010
1012211011
1020002000
1020002001
1020011010
1020011011
1021220100
1021220101
1022120110
1022120111
1100212110
1100212111
1101100000
1101100001
1101121010
1101121011
1102012100
1102012101
1110112100
1110112101
1111012110
1111012111
1112200010
1112200011
1112221000
1112221001
1120000010
1120000011
1120021000
1120021001
1121212100
1121212101
1122112110
1122112111
1200201100
1200201101
1201110010
1201110011
1201122000
1201122001
1202001110
1202001111
1210101110
1210101111
1211001100
1211001101
1212210000
1212210001
1212222010
1212222011
1220010000
1220010001
1220022010
1220022011
1221201110
1221201111
1222101100
1222101101
2000220110
2000220111
2001102010
2001102011
2001111000
2001111001
2002020100
2002020101
2010120100
2010120101
2011020110
2011020111
2012202000
2012202001
2012211010
2012211011
2020002000
2020002001
2020011010
2020011011
2021220100
2021220101
2022120110
2022120111
2100212110
2100212111
2101100000
2101100001
2101121010
2101121011
2102012100
2102012101
2110112100
2110112101
2111012110
2111012111
2112200010
2112200011
2112221000
2112221001
2120000010
2120000011
2120021000
2120021001
2121212100
2121212101
2122112110
2122112111
2200201100
2200201101
2201110010
2201110011
2201122000
2201122001
2202001110
2202001111
2210101110
2210101111
2211001100
2211001101
2212210000
2212210001
2212222010
2212222011
2220010000
2220010001
2220022010
2220022011
2221201110
2221201111
2222101100
2222101101