0000012001110
0000012110001
0000021011011
0000021100100
0000102011011
0000102100100
0000120001110
0000120110001
0000201001110
0000201110001
0000210011011
0000210100100
0001000001001
0001000011100
0001000100011
0001012101000
0001012110110
0001021000010
0001021010111
0001021111101
0001102000010
0001102010111
0001102111101
0001111001001
0001111011100
0001111100011
0001120101000
0001120110110
0001201101000
0001201110110
0001210000010
0001210010111
0001210111101
0001222001001
0001222011100
0001222100011
0002000010000
0002000101111
0002000111010
0002012000101
0002111010000
0002111101111
0002111111010
0002120000101
0002201000101
0002222010000
0002222101111
0002222111010
0010000111000
0010012000001
0010012010100
0010012101101
0010012111110
0010021000111
0010021010010
0010021101011
0010102000111
0010102010010
0010102101011
0010111111000
0010120000001
0010120010100
0010120101101
0010120111110
0010201000001
0010201010100
0010201101101
0010201111110
0010210000111
0010210010010
0010210101011
0010222111000
0012000001010
0012012011001
0012012011111
0012012100110
0012021001100
0012021100000
0012021110011
0012021110101
0012102001100
0012102100000
0012102110011
0012102110101
0012111001010
0012120011001
0012120011111
0012120100110
0012201011001
0012201011111
0012201100110
0012210001100
0012210100000
0012210110011
0012210110101
0012222001010
0020000001000
0020000011101
0020000100010
0020000110111
0020111001000
0020111011101
0020111100010
0020111110111
0020222001000
0020222011101
0020222100010
0020222110111
0021000000100
0021012001111
0021012011010
0021021010001
0021021100101
0021021101110
0021021110000
0021021111011
0021102010001
0021102100101
0021102101110
0021102110000
0021102111011
0021111000100
0021120001111
0021120011010
0021201001111
0021201011010
0021210010001
0021210100101
0021210101110
0021210110000
0021210111011
0021222000100
0022000010110
0022021000011
0022021101001
0022021111100
0022102000011
0022102101001
0022102111100
0022111010110
0022210000011
0022210101001
0022210111100
0022222010110
0100000011000
0100000111111
0100012010101
0100012100111
0100012110010
0100021000000
0100021001101
0100021101010
0100102000000
0100102001101
0100102101010
0100111011000
0100111111111
0100120010101
0100120100111
0100120110010
0100201010101
0100201100111
0100201110010
0100210000000
0100210001101
0100210101010
0100222011000
0100222111111
0102000010011
0102000100001
0102000101100
0102012000110
0102012001011
0102012111001
0102021011110
0102021110100
0102102011110
0102102110100
0102111010011
0102111100001
0102111101100
0102120000110
0102120001011
0102120111001
0102201000110
0102201001011
0102201111001
0102210011110
0102210110100
0102222010011
0102222100001
0102222101100
0111000010000
0111000011101
0111000110001
0111000110111
0111000111010
0111012000011
0111012001110
0111012100100
0111012111100
0111021000101
0111021001000
0111021010110
0111021011011
0111021100010
0111021101001
0111021101111
0111102000101
0111102001000
0111102010110
0111102011011
0111102100010
0111102101001
0111102101111
0111111010000
0111111011101
0111111110001
0111111110111
0111111111010
0111120000011
0111120001110
0111120100100
0111120111100
0111201000011
0111201001110
0111201100100
0111201111100
0111210000101
0111210001000
0111210010110
0111210011011
0111210100010
0111210101001
0111210101111
0111222010000
0111222011101
0111222110001
0111222110111
0111222111010
0120000000110
0120000001011
0120000100001
0120000110100
0120012010011
0120012101100
0120021011110
0120021111001
0120102011110
0120102111001
0120111000110
0120111001011
0120111100001
0120111110100
0120120010011
0120120101100
0120201010011
0120201101100
0120210011110
0120210111001
0120222000110
0120222001011
0120222100001
0120222110100
0122012000000
0122012001101
0122012010101
0122012101010
0122021011000
0122021100111
0122021110010
0122021111111
0122102011000
0122102100111
0122102110010
0122102111111
0122120000000
0122120001101
0122120010101
0122120101010
0122201000000
0122201001101
0122201010101
0122201101010
0122210011000
0122210100111
0122210110010
0122210111111
0200000010110
0200000101001
0200021000011
0200021111100
0200102000011
0200102111100
0200111010110
0200111101001
0200210000011
0200210111100
0200222010110
0200222101001
0201000100101
0201012000100
0201012001111
0201012011010
0201012110000
0201012111011
0201021010001
0201021101110
0201102010001
0201102101110
0201111100101
0201120000100
0201120001111
0201120011010
0201120110000
0201120111011
0201201000100
0201201001111
0201201011010
0201201110000
0201201111011
0201210010001
0201210101110
0201222100101
0202012001000
0202012110111
0202021011101
0202021100010
0202102011101
0202102100010
0202120001000
0202120110111
0202201001000
0202201110111
0202210011101
0202210100010
0210000001010
0210000011001
0210000100000
0210021001100
0210021011111
0210021100110
0210021110011
0210021110101
0210102001100
0210102011111
0210102100110
0210102110011
0210102110101
0210111001010
0210111011001
0210111100000
0210210001100
0210210011111
0210210100110
0210210110011
0210210110101
0210222001010
0210222011001
0210222100000
0212000000111
0212000010100
0212000111110
0212012000001
0212012101011
0212012101101
0212012111000
0212021010010
0212102010010
0212111000111
0212111010100
0212111111110
0212120000001
0212120101011
0212120101101
0212120111000
0212201000001
0212201101011
0212201101101
0212201111000
0212210010010
0212222000111
0212222010100
0212222111110
0220000000101
0220000101111
0220012010000
0220021111010
0220102111010
0220111000101
0220111101111
0220120010000
0220201010000
0220210111010
0220222000101
0220222101111
0221000000010
0221000011100
0221012100011
0221012101000
0221012110110
0221012111101
0221021001001
0221021010111
0221102001001
0221102010111
0221111000010
0221111011100
0221120100011
0221120101000
0221120110110
0221120111101
0221201100011
0221201101000
0221201110110
0221201111101
0221210001001
0221210010111
0221222000010
0221222011100
0222000011011
0222000110001
0222012001110
0222021100100
0222102100100
0222111011011
0222111110001
0222120001110
0222201001110
0222210100100
0222222011011
0222222110001
1000000100010
1000000101001
1000021000101
1000021010000
1000021110111
1000021111100
1000102000101
1000102010000
1000102110111
1000102111100
1000111100010
1000111101001
1000210000101
1000210010000
1000210110111
1000210111100
1000222100010
1000222101001
1001000111011
1001021001111
1001021011010
1001021101110
1001102001111
1001102011010
1001102101110
1001111111011
1001210001111
1001210011010
1001210101110
1001222111011
1002012000011
1002012001000
1002012011101
1002012100100
1002021010110
1002021110001
1002102010110
1002102110001
1002120000011
1002120001000
1002120011101
1002120100100
1002201000011
1002201001000
1002201011101
1002201100100
1002210010110
1002210110001
1010000001100
1010000011111
1010021001010
1010021011001
1010102001010
1010102011001
1010111001100
1010111011111
1010210001010
1010210011001
1010222001100
1010222011111
1011000010011
1011000110100
1011012010101
1011012110010
1011021000000
1011021000110
1011021100001
1011021100111
1011102000000
1011102000110
1011102100001
1011102100111
1011111010011
1011111110100
1011120010101
1011120110010
1011201010101
1011201110010
1011210000000
1011210000110
1011210100001
1011210100111
1011222010011
1011222110100
1012000101101
1012000111000
1012012101011
1012021111110
1012102111110
1012111101101
1012111111000
1012120101011
1012201101011
1012210111110
1012222101101
1012222111000
1020012000011
1020012101111
1020012110001
1020012111010
1020021010110
1020021100100
1020102010110
1020102100100
1020120000011
1020120101111
1020120110001
1020120111010
1020201000011
1020201101111
1020201110001
1020201111010
1020210010110
1020210100100
1021000101000
1021012011100
1021012111101
1021021001001
1021102001001
1021111101000
1021120011100
1021120111101
1021201011100
1021201111101
1021210001001
1021222101000
1022000000101
1022000001110
1022000110111
1022012100010
1022021010000
1022021011011
1022102010000
1022102011011
1022111000101
1022111001110
1022111110111
1022120100010
1022201100010
1022210010000
1022210011011
1022222000101
1022222001110
1022222110111
1100000011110
1100012000110
1100021001011
1100021010011
1100102001011
1100102010011
1100111011110
1100120000110
1100201000110
1100210001011
1100210010011
1100222011110
1101000010100
1101012000001
1101012001100
1101012011001
1101012101101
1101021100000
1101021110101
1101021111000
1101102100000
1101102110101
1101102111000
1101111010100
1101120000001
1101120001100
1101120011001
1101120101101
1101201000001
1101201001100
1101201011001
1101201101101
1101210100000
1101210110101
1101210111000
1101222010100
1102000111111
1102012100111
1102012110010
1102021101010
1102102101010
1102111111111
1102120100111
1102120110010
1102201100111
1102201110010
1102210101010
1102222111111
1110000100101
1110000101110
1110012101000
1110012110000
1110012111011
1110021100011
1110021110110
1110021111101
1110102100011
1110102110110
1110102111101
1110111100101
1110111101110
1110120101000
1110120110000
1110120111011
1110201101000
1110201110000
1110201111011
1110210100011
1110210110110
1110210111101
1110222100101
1110222101110
1112000000010
1112000001001
1112012010111
1112012011010
1112012011100
1112021000100
1112021001111
1112021010001
1112102000100
1112102001111
1112102010001
1112111000010
1112111001001
1112120010111
1112120011010
1112120011100
1112201010111
1112201011010
1112201011100
1112210000100
1112210001111
1112210010001
1112222000010
1112222001001
1120000001101
1120012000000
1120012011000
1120021010101
1120102010101
1120111001101
1120120000000
1120120011000
1120201000000
1120201011000
1120210010101
1120222001101
1121000100110
1121000101011
1121000110011
1121012001010
1121021000111
1121021010010
1121021011111
1121021111110
1121102000111
1121102010010
1121102011111
1121102111110
1121111100110
1121111101011
1121111110011
1121120001010
1121201001010
1121210000111
1121210010010
1121210011111
1121210111110
1121222100110
1121222101011
1121222110011
1122000111001
1122012100001
1122012110100
1122021101100
1122102101100
1122111111001
1122120100001
1122120110100
1122201100001
1122201110100
1122210101100
1122222111001
1200000001000
1200000110001
1200012011101
1200012100100
1200012111010
1200021101111
1200102101111
1200111001000
1200111110001
1200120011101
1200120100100
1200120111010
1200201011101
1200201100100
1200201111010
1200210101111
1200222001000
1200222110001
1201000010111
1201000100011
1201012110110
1201021000010
1201102000010
1201111010111
1201111100011
1201120110110
1201201110110
1201210000010
1201222010111
1201222100011
1202000010000
1202000011011
1202012101001
1202021000101
1202021001110
1202021111100
1202102000101
1202102001110
1202102111100
1202111010000
1202111011011
1202120101001
1202201101001
1202210000101
1202210001110
1202210111100
1202222010000
1202222011011
1210000000001
1210012000111
1210012010010
1210021010100
1210102010100
1210111000001
1210120000111
1210120010010
1210201000111
1210201010010
1210210010100
1210222000001
1211000001101
1211000011000
1211000101010
1211000111111
1211012001011
1211012101100
1211021011110
1211021111001
1211102011110
1211102111001
1211111001101
1211111011000
1211111101010
1211111111111
1211120001011
1211120101100
1211201001011
1211201101100
1211210011110
1211210111001
1211222001101
1211222011000
1211222101010
1211222111111
1212000100110
1212021100000
1212021110011
1212021110101
1212102100000
1212102110011
1212102110101
1212111100110
1212210100000
1212210110011
1212210110101
1212222100110
1220000110111
1220000111100
1220012011011
1220021001110
1220021100010
1220021101001
1220102001110
1220102100010
1220102101001
1220111110111
1220111111100
1220120011011
1220201011011
1220210001110
1220210100010
1220210101001
1220222110111
1220222111100
1221000010001
1221012000100
1221021100101
1221021110000
1221102100101
1221102110000
1221111010001
1221120000100
1221201000100
1221210100101
1221210110000
1221222010001
1222012010110
1222012101111
1222012111010
1222021000011
1222021001000
1222021011101
1222102000011
1222102001000
1222102011101
1222120010110
1222120101111
1222120111010
1222201010110
1222201101111
1222201111010
1222210000011
1222210001000
1222210011101
2000000000011
2000000011101
2000012001000
2000012010110
2000012101111
2000021111010
2000102111010
2000111000011
2000111011101
2000120001000
2000120010110
2000120101111
2000201001000
2000201010110
2000201101111
2000210111010
2000222000011
2000222011101
2001000000100
2001012010001
2001012110000
2001021100101
2001102100101
2001111000100
2001120010001
2001120110000
2001201010001
2001201110000
2001210100101
2001222000100
2002000110111
2002012001110
2002012011011
2002012111100
2002021100010
2002021101001
2002102100010
2002102101001
2002111110111
2002120001110
2002120011011
2002120111100
2002201001110
2002201011011
2002201111100
2002210100010
2002210101001
2002222110111
2010000100110
2010012100000
2010012110101
2010021110011
2010102110011
2010111100110
2010120100000
2010120110101
2010201100000
2010201110101
2010210110011
2010222100110
2011000001011
2011000101100
2011000111001
2011012011110
2011021001101
2011021011000
2011021101010
2011021111111
2011102001101
2011102011000
2011102101010
2011102111111
2011111001011
2011111101100
2011111111001
2011120011110
2011201011110
2011210001101
2011210011000
2011210101010
2011210111111
2011222001011
2011222101100
2011222111001
2012000000001
2012012010010
2012021000111
2012021010100
2012102000111
2012102010100
2012111000001
2012120010010
2012201010010
2012210000111
2012210010100
2012222000001
2020000010000
2020000011011
2020000111100
2020012101001
2020021000101
2020021001110
2020102000101
2020102001110
2020111010000
2020111011011
2020111111100
2020120101001
2020201101001
2020210000101
2020210001110
2020222010000
2020222011011
2020222111100
2021000000010
2021000110110
2021012010111
2021012100011
2021111000010
2021111110110
2021120010111
2021120100011
2021201010111
2021201100011
2021222000010
2021222110110
2022000100100
2022012001000
2022012011101
2022012110001
2022012111010
2022021101111
2022102101111
2022111100100
2022120001000
2022120011101
2022120110001
2022120111010
2022201001000
2022201011101
2022201110001
2022201111010
2022210101111
2022222100100
2100000100001
2100012110100
2100021101100
2100021111001
2100102101100
2100102111001
2100111100001
2100120110100
2100201110100
2100210101100
2100210111001
2100222100001
2101000000111
2101000001010
2101012010010
2101012111110
2101021011111
2101021100110
2101021101011
2101021110011
2101102011111
2101102100110
2101102101011
2101102110011
2101111000111
2101111001010
2101120010010
2101120111110
2101201010010
2101201111110
2101210011111
2101210100110
2101210101011
2101210110011
2101222000111
2101222001010
2102000001101
2102000010101
2102000011000
2102012000000
2102111001101
2102111010101
2102111011000
2102120000000
2102201000000
2102222001101
2102222010101
2102222011000
2110000010001
2110000011100
2110012000010
2110012000100
2110012001001
2110012001111
2110021010111
2110021011010
2110102010111
2110102011010
2110111010001
2110111011100
2110120000010
2110120000100
2110120001001
2110120001111
2110201000010
2110201000100
2110201001001
2110201001111
2110210010111
2110210011010
2110222010001
2110222011100
2112000100011
2112000110110
2112012100101
2112012101110
2112012111011
2112021101000
2112021110000
2112021111101
2112102101000
2112102110000
2112102111101
2112111100011
2112111110110
2112120100101
2112120101110
2112120111011
2112201100101
2112201101110
2112201111011
2112210101000
2112210110000
2112210111101
2112222100011
2112222110110
2120000100111
2120000110010
2120012111111
2120021101010
2120102101010
2120111100111
2120111110010
2120120111111
2120201111111
2120210101010
2120222100111
2120222110010
2121000100000
2121000101101
2121012011001
2121012110101
2121021000001
2121021001100
2121021010100
2121021111000
2121102000001
2121102001100
2121102010100
2121102111000
2121111100000
2121111101101
2121120011001
2121120110101
2121201011001
2121201110101
2121210000001
2121210001100
2121210010100
2121210111000
2121222100000
2121222101101
2122000011110
2122021000110
2122021001011
2122021010011
2122102000110
2122102001011
2122102010011
2122111011110
2122210000110
2122210001011
2122210010011
2122222011110
2200000000101
2200000001110
2200012100010
2200012110111
2200021010000
2200021011011
2200102010000
2200102011011
2200111000101
2200111001110
2200120100010
2200120110111
2200201100010
2200201110111
2200210010000
2200210011011
2200222000101
2200222001110
2201000101000
2201000111101
2201012001001
2201021011100
2201102011100
2201111101000
2201111111101
2201120001001
2201201001001
2201210011100
2201222101000
2201222111101
2202000100100
2202012110001
2202021000011
2202021010110
2202021101111
2202021111010
2202102000011
2202102010110
2202102101111
2202102111010
2202111100100
2202120110001
2202201110001
2202210000011
2202210010110
2202210101111
2202210111010
2202222100100
2210000101011
2210000111000
2210012111110
2210021101101
2210102101101
2210111101011
2210111111000
2210120111110
2210201111110
2210210101101
2210222101011
2210222111000
2211000010101
2211000110010
2211012000110
2211012010011
2211012100001
2211012110100
2211021000000
2211021100111
2211102000000
2211102100111
2211111010101
2211111110010
2211120000110
2211120010011
2211120100001
2211120110100
2211201000110
2211201010011
2211201100001
2211201110100
2211210000000
2211210100111
2211222010101
2211222110010
2212000001100
2212000011111
2212012011001
2212021001010
2212102001010
2212111001100
2212111011111
2212120011001
2212201011001
2212210001010
2212222001100
2212222011111
2220000010110
2220012000011
2220012001000
2220012100100
2220021011101
2220021110001
2220102011101
2220102110001
2220111010110
2220120000011
2220120001000
2220120100100
2220201000011
2220201001000
2220201100100
2220210011101
2220210110001
2220222010110
2221000011010
2221012101110
2221021001111
2221021111011
2221102001111
2221102111011
2221111011010
2221120101110
2221201101110
2221210001111
2221210111011
2221222011010
2222000100010
2222000101001
2222012000101
2222012010000
2222021110111
2222021111100
2222102110111
2222102111100
2222111100010
2222111101001
2222120000101
2222120010000
2222201000101
2222201010000
2222210110111
2222210111100
2222222100010
2222222101001