000002100110
000002111101
000010100110
000010101011
000010110000
000010111101
000021100101
000021101000
000021110011
000021111110
000100111001
000102200010
000102201111
000102210100
000102211001
000110201100
000110210111
000121200001
000121211010
000122010100
000202000101
000202001000
000202010011
000202011110
000210000001
000210011010
000210100010
000221001100
000221010111
000221100110
000221111101
001000201011
001000210000
001001000001
001001011010
001012001111
001012010100
001022201100
001022210111
001101101111
001101110100
001112100001
001112111010
001120000010
001120001100
001120010111
001120011001
001200101100
001200110111
001211200010
001211200110
001211211001
001211211101
001222101011
001222110000
002000001111
002000010100
002001201100
002001210111
002012200001
002012211010
002022000010
002022011001
002100100001
002100111010
002111000110
002111001011
002111010000
002111011101
002122101111
002122110100
002201100010
002201111001
002212101100
002212110111
002220200001
002220201111
002220210100
002220211010
010001200001
010001211010
010012200110
010012211101
010020200001
010020200110
010020211010
010020211101
010101000010
010101000110
010101011001
010101011101
010112000101
010112001000
010112010011
010112011110
010120001111
010120010100
010201100101
010201111110
010212100010
010212111001
010220100101
010220101000
010220110011
010220111110
011002100001
011002101100
011002110111
011002111010
011010001000
011010010011
011021001111
011021010100
011100200110
011100211101
011110101111
011110110100
011121100010
011121111001
011122201011
011122210000
011200001011
011200010000
011211200101
011211201000
011211210011
011211211110
011222000110
011222011101
012000000101
012000011110
012011100110
012011101011
012011110000
012011111101
012022001000
012022010011
012100101000
012100110011
012110200001
012110211010
012121201100
012121210111
012122100101
012122111110
012202200010
012202201111
012202210100
012202211001
012210001100
012210010111
012221000001
012221011010
020000001000
020000010011
020011000001
020011001100
020011010111
020011011010
020022001111
020022010100
020100100101
020100111110
020111101011
020111101100
020111110000
020111110111
020122101000
020122110011
020200201011
020200201111
020200210000
020200210100
020211201111
020211210100
020222201011
020222201100
020222210000
020222210111
021002100010
021002101111
021002110100
021002111001
021010200101
021010211110
021021200010
021021211001
021100001011
021100010000
021101201000
021101210011
021112200110
021112211101
021120000101
021120001000
021120010011
021120011110
021201000110
021201011101
021210101000
021210110011
021212001000
021212010011
021221100101
021221111110
022001200101
022001211110
022012201000
022012210011
022020100110
022020101011
022020110000
022020111101
022101001011
022101010000
022102000010
022102000101
022102011001
022102011110
022110200010
022110211001
022121200101
022121211110
022201101000
022201110011
022210000110
022210011101
022212100101
022212111110
022221000001
022221011010
100000100010
100000200101
100000211110
100011200010
100011201111
100011210100
100011211001
100022201011
100022210000
100100000010
100100001100
100100010111
100100011001
100111000110
100111011101
100122000001
100122001111
100122010100
100122011010
100200101011
100200110000
100211100001
100211101100
100211110111
100211111010
100222100101
100222111110
101001001000
101001010011
101012000101
101012011110
101020100110
101020101011
101020110000
101020111101
101101100101
101101111110
101110201011
101110210000
101112101000
101112110011
101121201100
101121210111
101202200010
101202200101
101202211001
101202211110
101210000110
101210011101
101221001011
101221010000
102002101011
102002101100
102002110000
102002110111
102010001000
102010010011
102021000101
102021011110
102101201011
102101210000
102110100101
102110111110
102112200110
102112211101
102121100010
102121111001
102201000110
102201011101
102212001011
102212010000
102220200101
102220201000
102220210011
102220211110
110001201100
110001210111
110002000110
110002001011
110002010000
110002011101
110010001111
110010010100
110010201000
110010210011
110021001000
110021010011
110102101011
110102101100
110102110000
110102110111
110110100010
110110111001
110121101111
110121110100
110202201000
110202210011
110210200001
110210201100
110210210111
110210211010
110221200110
110221201011
110221210000
110221211101
111001201111
111001210100
111012200010
111012211001
111020100001
111020101100
111020110111
111020111010
111100200101
111100211110
111111000010
111111000101
111111011001
111111011110
111122200001
111122211010
111200000001
111200011010
111201100010
111201111001
111212101111
111212110100
111222001100
111222010111
112000200010
112000211001
112010101100
112010110111
112011100101
112011101000
112011110011
112011111110
112022200101
112022211110
112101200001
112101211010
112112201111
112112210100
112120000010
112120001111
112120010100
112120011001
112200101111
112200110100
112201000101
112201011110
112212000001
112212011010
112222100010
112222111001
120001100101
120001101011
120001110000
120001111110
120012100010
120012101100
120012110111
120012111001
120020100001
120020111010
120101200110
120101211101
120112200001
120112211010
120120200010
120120201111
120120210100
120120211001
120201001011
120201010000
120212000110
120212011101
120220000010
120220000101
120220011001
120220011110
121000000110
121000011101
121010201100
121010210111
121021000110
121021011101
121021200001
121021211010
121022001000
121022010011
121100101000
121100110011
121111001011
121111001100
121111010000
121111010111
121122100110
121122111101
121202200001
121202201111
121202210100
121202211010
121210100001
121210111010
121221101100
121221110111
122000201011
122000210000
122010000001
122010011010
122021001111
122021010100
122022200110
122022211101
122102000001
122102001100
122102010111
122102011010
122110101111
122110110100
122121100001
122121111010
122200100110
122200111101
122211200110
122211201000
122211210011
122211211101
122222101011
122222110000
200001001111
200001010100
200010101100
200012001000
200012010011
200020001011
200020001100
200020010000
200020010111
200101101000
200101110011
200112101111
200112110100
200120101011
200120101100
200120110000
200120110111
200201200010
200201200110
200201211001
200201211101
200212201011
200212201100
200212210000
200212210111
200220200001
200220211010
200221211001
201000201000
201000210011
201011100010
201011100110
201011111001
201011111101
201022200101
201022211110
201102000010
201102001111
201102010100
201102011001
201110200001
201110211010
201121201111
201121210100
201200100101
201200111110
201210001111
201210010100
201221000001
201221011010
201222101000
201222110011
202002100001
202002100101
202002111010
202002111110
202010201111
202010210100
202021200010
202021211001
202100200110
202100211101
202111000101
202111001000
202111010011
202111011110
202122201000
202122210011
202200001000
202200010011
202210100010
202210111001
202221101111
202221110100
202222000110
202222011101
210000100001
210000101111
210000110100
210000111010
210011100001
210011111010
210022100010
210022101111
210022110100
210022111001
210100201011
210100210000
210102000001
210102011010
210111200101
210111201000
210111210011
210111211110
210122200110
210122211101
210200000110
210200011101
210211000010
210211001111
210211010100
210211011001
210222001011
210222010000
211001200110
211001211101
211010000010
211010011001
211012201011
211012210000
211021000101
211021011110
211102001011
211102001100
211102010000
211102010111
211110100110
211110111101
211121101000
211121110011
211201101011
211201110000
211212100101
211212111110
211220200110
211220201000
211220210011
211220211101
212001001000
212001010011
212010201100
212010210111
212012000110
212012011101
212021201011
212021210000
212101100110
212101111101
212112101000
212112110011
212120000010
212120000101
212120011001
212120011110
212202200001
212202200101
212202211010
212202211110
212210101011
212210110000
212221101100
212221110111
220002200101
220002201000
220002210011
220002211110
220010200010
220010211001
220021201100
220021210111
220110000101
220110001000
220110010011
220110011110
220121000110
220121001000
220121010011
220121011101
220202000101
220202011110
220202100001
220202100110
220202111010
220202111101
220210101100
220210110111
220221100010
220221111001
221000001111
221000010100
221011101011
221011101100
221011110000
221011110111
221022000001
221022011010
221100100010
221100111001
221101200001
221101211010
221112201100
221112210111
221122100101
221122111110
221201001100
221201010111
221212001011
221212010000
221220200010
221220201111
221220210100
221220211001
222001000010
222001011001
222012001111
222012010100
222020100001
222020101100
222020110111
222020111010
222100201100
222100210111
222101101111
222101110100
222112100010
222112111001
222122201011
222122210000
222200001011
222200010000
222211200010
222211200101
222211211001
222211211110
222222001100
222222010111