00000000110
00000000111
00000001000
00000001001
00000121100
00000221111
00001021001
00001100011
00001200000
00001211011
00002011010
00002020100
00002110101
00002210110
00010010000
00010111001
00011020110
00011101010
00011200111
00011210010
00011211101
00012001111
00012110100
00012220001
00012221010
00020010011
00020120111
00020200010
00020200101
00020201110
00021020101
00021110101
00021111110
00021221100
00022001100
00022021011
00022120010
00022121001
00022211000
00022211111
01200000100
01200000101
01200001011
01200110010
01200120001
01201010111
01201011100
01201021010
01201120110
01201201110
01201220101
01202020011
01202100000
01202201101
01202221000
01210100110
01210121010
01210201000
01210210111
01210220100
01211000001
01211011011
01211121111
01212000010
01212010101
01212021000
01212101001
01212111011
01212111100
01220011101
01220020000
01220021110
01220101011
01220221001
01221100100
01221110001
01221111010
01221201001
01221220011
01222100111
01222210000
01222210111
02100001010
02100111111
02100210001
02100211100
02100220010
02101010000
02101010100
02101101101
02101111000
02102011001
02102020111
02102021111
02102101110
02102121011
02102200011
02110011110
02110020011
02110021101
02110100001
02110100101
02110101101
02110201011
02111001100
02111120000
02111120111
02111121000
02111210110
02111211001
02112110011
02112200100
02112220101
02112221110
02120101000
02120110100
02120200110
02120211010
02121000010
02121001111
02121011000
02121220100
02121221011
02122000001
02122010110
02122120110
02122121101
02122201010
10100000100
10100000101
10100001011
10100110010
10100120001
10101010111
10101011100
10101021010
10101120110
10101201110
10101220101
10102020011
10102100000
10102201101
10102221000
10110100110
10110121010
10110201000
10110210111
10110220100
10111000001
10111011011
10111121111
10112000010
10112010101
10112021000
10112101001
10112111011
10112111100
10120011101
10120020000
10120021110
10120101011
10120221001
10121100100
10121110001
10121111010
10121201001
10121220011
10122100111
10122210000
10122210111
11000001010
11000111111
11000210001
11000211100
11000220010
11001010000
11001010100
11001101101
11001111000
11002011001
11002020111
11002021111
11002101110
11002121011
11002200011
11010011110
11010020011
11010021101
11010100001
11010100101
11010101101
11010201011
11011001100
11011120000
11011120111
11011121000
11011210110
11011211001
11012110011
11012200100
11012220101
11012221110
11020101000
11020110100
11020200110
11020211010
11021000010
11021001111
11021011000
11021220100
11021221011
11022000001
11022010110
11022120110
11022121101
11022201010
12200000110
12200000111
12200001000
12200001001
12200121100
12200221111
12201021001
12201100011
12201200000
12201211011
12202011010
12202020100
12202110101
12202210110
12210010000
12210111001
12211020110
12211101010
12211200111
12211210010
12211211101
12212001111
12212110100
12212220001
12212221010
12220010011
12220120111
12220200010
12220200101
12220201110
12221020101
12221110101
12221111110
12221221100
12222001100
12222021011
12222120010
12222121001
12222211000
12222211111
20200001010
20200111111
20200210001
20200211100
20200220010
20201010000
20201010100
20201101101
20201111000
20202011001
20202020111
20202021111
20202101110
20202121011
20202200011
20210011110
20210020011
20210021101
20210100001
20210100101
20210101101
20210201011
20211001100
20211120000
20211120111
20211121000
20211210110
20211211001
20212110011
20212200100
20212220101
20212221110
20220101000
20220110100
20220200110
20220211010
20221000010
20221001111
20221011000
20221220100
20221221011
20222000001
20222010110
20222120110
20222121101
20222201010
21100000110
21100000111
21100001000
21100001001
21100121100
21100221111
21101021001
21101100011
21101200000
21101211011
21102011010
21102020100
21102110101
21102210110
21110010000
21110111001
21111020110
21111101010
21111200111
21111210010
21111211101
21112001111
21112110100
21112220001
21112221010
21120010011
21120120111
21120200010
21120200101
21120201110
21121020101
21121110101
21121111110
21121221100
21122001100
21122021011
21122120010
21122121001
21122211000
21122211111
22000000100
22000000101
22000001011
22000110010
22000120001
22001010111
22001011100
22001021010
22001120110
22001201110
22001220101
22002020011
22002100000
22002201101
22002221000
22010100110
22010121010
22010201000
22010210111
22010220100
22011000001
22011011011
22011121111
22012000010
22012010101
22012021000
22012101001
22012111011
22012111100
22020011101
22020020000
22020021110
22020101011
22020221001
22021100100
22021110001
22021111010
22021201001
22021220011
22022100111
22022210000
22022210111