000022000
000110210
000111111
000202001
001012001
001102000
001220211
001221110
002000211
002001110
002122001
002212000
010021200
010110011
010112110
010201201
011011201
011101200
011220010
011222111
012000010
012002111
012121201
012211200
020020101
020111010
020112211
020200100
021010100
021100101
021221011
021222210
022001011
022002210
022120100
022210101
100022011
100110201
100111100
100202010
101012010
101102011
101220200
101221101
102000200
102001101
102122010
102212011
110021211
110110000
110112101
110201210
111011210
111101211
111220001
111222100
112000001
112002100
112121210
112211211
120020110
120111001
120112200
120200111
121010111
121100110
121221000
121222201
122001000
122002201
122120111
122210110
200022011
200110201
200111100
200202010
201012010
201102011
201220200
201221101
202000200
202001101
202122010
202212011
210021211
210110000
210112101
210201210
211011210
211101211
211220001
211222100
212000001
212002100
212121210
212211211
220020110
220111001
220112200
220200111
221010111
221100110
221221000
221222201
222001000
222002201
222120111
222210110