00000011111
00000110001
00000110010
00000110100
00000212111
00000221000
00001121011
00001121101
00001121110
00001202001
00001202010
00001202100
00002000011
00002000101
00002000110
00002012000
00002021000
00002222111
00010001001
00010001010
00010001100
00010220011
00010220101
00010220110
00011012011
00011012101
00011012110
00011111000
00011201111
00011210000
00012101111
00012110111
00012122001
00012122010
00012122100
00012200000
00020012000
00020021111
00020102011
00020102101
00020102110
00020222000
00021020001
00021020010
00021020100
00021101000
00021110111
00021200111
00022022111
00022100000
00022211001
00022211010
00022211011
00022211100
00022211101
00022211110
01200000000
01200102000
01200120111
01200201011
01200201101
01200201110
01201002111
01201011001
01201011010
01201011100
01201020111
01201122000
01202112011
01202112101
01202112110
01202220001
01202220010
01202220100
01210002111
01210020000
01210122111
01210212001
01210212010
01210212100
01211022000
01211100001
01211100010
01211100011
01211100100
01211100101
01211100110
01211211111
01212021011
01212021101
01212021110
01212111000
01212201000
01212210111
01220010011
01220010101
01220010110
01220121001
01220121010
01220121100
01221111111
01221201000
01221210000
01221222011
01221222101
01221222110
01222002001
01222002010
01222002100
01222101111
01222110000
01222200111
02100022001
02100022010
02100022011
02100022100
02100022101
02100022110
02100100111
02100211000
02101000000
02101102111
02101120000
02101210011
02101210101
02101210110
02102011111
02102101001
02102101010
02102101100
02102212000
02102221111
02110000111
02110102000
02110111011
02110111101
02110111110
02110120000
02111002000
02111020111
02111122111
02111221001
02111221010
02111221100
02112010001
02112010010
02112010100
02112202011
02112202101
02112202110
02120011000
02120200001
02120200010
02120200100
02120212111
02120221111
02121001011
02121001101
02121001110
02121112001
02121112010
02121112100
02122012111
02122021000
02122120011
02122120101
02122120110
02122222000
10200022001
10200022010
10200022011
10200022100
10200022101
10200022110
10200100111
10200211000
10201000000
10201102111
10201120000
10201210011
10201210101
10201210110
10202011111
10202101001
10202101010
10202101100
10202212000
10202221111
10210000111
10210102000
10210111011
10210111101
10210111110
10210120000
10211002000
10211020111
10211122111
10211221001
10211221010
10211221100
10212010001
10212010010
10212010100
10212202011
10212202101
10212202110
10220011000
10220200001
10220200010
10220200100
10220212111
10220221111
10221001011
10221001101
10221001110
10221112001
10221112010
10221112100
10222012111
10222021000
10222120011
10222120101
10222120110
10222222000
11100011111
11100110001
11100110010
11100110100
11100212111
11100221000
11101121011
11101121101
11101121110
11101202001
11101202010
11101202100
11102000011
11102000101
11102000110
11102012000
11102021000
11102222111
11110001001
11110001010
11110001100
11110220011
11110220101
11110220110
11111012011
11111012101
11111012110
11111111000
11111201111
11111210000
11112101111
11112110111
11112122001
11112122010
11112122100
11112200000
11120012000
11120021111
11120102011
11120102101
11120102110
11120222000
11121020001
11121020010
11121020100
11121101000
11121110111
11121200111
11122022111
11122100000
11122211001
11122211010
11122211011
11122211100
11122211101
11122211110
12000000000
12000102000
12000120111
12000201011
12000201101
12000201110
12001002111
12001011001
12001011010
12001011100
12001020111
12001122000
12002112011
12002112101
12002112110
12002220001
12002220010
12002220100
12010002111
12010020000
12010122111
12010212001
12010212010
12010212100
12011022000
12011100001
12011100010
12011100011
12011100100
12011100101
12011100110
12011211111
12012021011
12012021101
12012021110
12012111000
12012201000
12012210111
12020010011
12020010101
12020010110
12020121001
12020121010
12020121100
12021111111
12021201000
12021210000
12021222011
12021222101
12021222110
12022002001
12022002010
12022002100
12022101111
12022110000
12022200111
20100000000
20100102000
20100120111
20100201011
20100201101
20100201110
20101002111
20101011001
20101011010
20101011100
20101020111
20101122000
20102112011
20102112101
20102112110
20102220001
20102220010
20102220100
20110002111
20110020000
20110122111
20110212001
20110212010
20110212100
20111022000
20111100001
20111100010
20111100011
20111100100
20111100101
20111100110
20111211111
20112021011
20112021101
20112021110
20112111000
20112201000
20112210111
20120010011
20120010101
20120010110
20120121001
20120121010
20120121100
20121111111
20121201000
20121210000
20121222011
20121222101
20121222110
20122002001
20122002010
20122002100
20122101111
20122110000
20122200111
21000022001
21000022010
21000022011
21000022100
21000022101
21000022110
21000100111
21000211000
21001000000
21001102111
21001120000
21001210011
21001210101
21001210110
21002011111
21002101001
21002101010
21002101100
21002212000
21002221111
21010000111
21010102000
21010111011
21010111101
21010111110
21010120000
21011002000
21011020111
21011122111
21011221001
21011221010
21011221100
21012010001
21012010010
21012010100
21012202011
21012202101
21012202110
21020011000
21020200001
21020200010
21020200100
21020212111
21020221111
21021001011
21021001101
21021001110
21021112001
21021112010
21021112100
21022012111
21022021000
21022120011
21022120101
21022120110
21022222000
22200011111
22200110001
22200110010
22200110100
22200212111
22200221000
22201121011
22201121101
22201121110
22201202001
22201202010
22201202100
22202000011
22202000101
22202000110
22202012000
22202021000
22202222111
22210001001
22210001010
22210001100
22210220011
22210220101
22210220110
22211012011
22211012101
22211012110
22211111000
22211201111
22211210000
22212101111
22212110111
22212122001
22212122010
22212122100
22212200000
22220012000
22220021111
22220102011
22220102101
22220102110
22220222000
22221020001
22221020010
22221020100
22221101000
22221110111
22221200111
22222022111
22222100000
22222211001
22222211010
22222211011
22222211100
22222211101
22222211110