000000200011
000000200100
000000201010
000000201101
000001100001
000001100110
000001101010
000001101101
000002000000
000002000111
000002001000
000002001111
000010111010
000010111101
000010120011
000010120100
000011011000
000011011111
000011020000
000011020111
000012211001
000012211110
000012220011
000012220100
000020010000
000020010111
000020021000
000020021111
000021210001
000021210110
000021221010
000021221101
000022110001
000022110110
000022121011
000022121100
000100111010
000100111101
000100120001
000100120110
000101011011
000101011100
000101020001
000101020110
000102211000
000102211111
000102220000
000102220111
000110010010
000110010101
000110021001
000110021110
000111210000
000111210111
000111221000
000111221111
000112110010
000112110101
000112121011
000112121100
000120200000
000120200111
000120201000
000120201111
000121100001
000121100110
000121101011
000121101100
000122000010
000122000101
000122001011
000122001100
000200010011
000200010100
000200021001
000200021110
000201210011
000201210100
000201221010
000201221101
000202110000
000202110111
000202121000
000202121111
000210200011
000210200100
000210201001
000210201110
000211100000
000211100111
000211101000
000211101111
000212000010
000212000101
000212001001
000212001110
000220111000
000220111111
000220120000
000220120111
000221011011
000221011100
000221020010
000221020101
000222211001
000222211110
000222220010
000222220101
012000110000
012000110111
012000121000
012000121111
012001010010
012001010101
012001021011
012001021100
012002210010
012002210101
012002221001
012002221110
012010000001
012010000110
012010001011
012010001100
012011200010
012011200101
012011201011
012011201100
012012100000
012012100111
012012101000
012012101111
012020211011
012020211100
012020220001
012020220110
012021111000
012021111111
012021120000
012021120111
012022011010
012022011101
012022020001
012022020110
012100000000
012100000111
012100001000
012100001111
012101200010
012101200101
012101201001
012101201110
012102100011
012102100100
012102101001
012102101110
012110211011
012110211100
012110220010
012110220101
012111111001
012111111110
012111120010
012111120101
012112011000
012112011111
012112020000
012112020111
012120110011
012120110100
012120121010
012120121101
012121010000
012121010111
012121021000
012121021111
012122210011
012122210100
012122221001
012122221110
012200211000
012200211111
012200220000
012200220111
012201111001
012201111110
012201120011
012201120100
012202011010
012202011101
012202020011
012202020100
012210110001
012210110110
012210121010
012210121101
012211010001
012211010110
012211021011
012211021100
012212210000
012212210111
012212221000
012212221111
012220000001
012220000110
012220001010
012220001101
012221200000
012221200111
012221201000
012221201111
012222100011
012222100100
012222101010
012222101101
021000011001
021000011110
021000020010
021000020101
021001211000
021001211111
021001220000
021001220111
021002111011
021002111100
021002120010
021002120101
021010210000
021010210111
021010221000
021010221111
021011110011
021011110100
021011121001
021011121110
021012010011
021012010100
021012021010
021012021101
021020100010
021020100101
021020101001
021020101110
021021000011
021021000100
021021001001
021021001110
021022200000
021022200111
021022201000
021022201111
021100210001
021100210110
021100221011
021100221100
021101110000
021101110111
021101121000
021101121111
021102010001
021102010110
021102021010
021102021101
021110100000
021110100111
021110101000
021110101111
021111000011
021111000100
021111001010
021111001101
021112200001
021112200110
021112201010
021112201101
021120011001
021120011110
021120020011
021120020100
021121211010
021121211101
021121220011
021121220100
021122111000
021122111111
021122120000
021122120111
021200100010
021200100101
021200101011
021200101100
021201000000
021201000111
021201001000
021201001111
021202200001
021202200110
021202201011
021202201100
021210011000
021210011111
021210020000
021210020111
021211211010
021211211101
021211220001
021211220110
021212111011
021212111100
021212120001
021212120110
021220210010
021220210101
021220221011
021220221100
021221110010
021221110101
021221121001
021221121110
021222010000
021222010111
021222021000
021222021111
102000011001
102000011110
102000020010
102000020101
102001211000
102001211111
102001220000
102001220111
102002111011
102002111100
102002120010
102002120101
102010210000
102010210111
102010221000
102010221111
102011110011
102011110100
102011121001
102011121110
102012010011
102012010100
102012021010
102012021101
102020100010
102020100101
102020101001
102020101110
102021000011
102021000100
102021001001
102021001110
102022200000
102022200111
102022201000
102022201111
102100210001
102100210110
102100221011
102100221100
102101110000
102101110111
102101121000
102101121111
102102010001
102102010110
102102021010
102102021101
102110100000
102110100111
102110101000
102110101111
102111000011
102111000100
102111001010
102111001101
102112200001
102112200110
102112201010
102112201101
102120011001
102120011110
102120020011
102120020100
102121211010
102121211101
102121220011
102121220100
102122111000
102122111111
102122120000
102122120111
102200100010
102200100101
102200101011
102200101100
102201000000
102201000111
102201001000
102201001111
102202200001
102202200110
102202201011
102202201100
102210011000
102210011111
102210020000
102210020111
102211211010
102211211101
102211220001
102211220110
102212111011
102212111100
102212120001
102212120110
102220210010
102220210101
102220221011
102220221100
102221110010
102221110101
102221121001
102221121110
102222010000
102222010111
102222021000
102222021111
111000200011
111000200100
111000201010
111000201101
111001100001
111001100110
111001101010
111001101101
111002000000
111002000111
111002001000
111002001111
111010111010
111010111101
111010120011
111010120100
111011011000
111011011111
111011020000
111011020111
111012211001
111012211110
111012220011
111012220100
111020010000
111020010111
111020021000
111020021111
111021210001
111021210110
111021221010
111021221101
111022110001
111022110110
111022121011
111022121100
111100111010
111100111101
111100120001
111100120110
111101011011
111101011100
111101020001
111101020110
111102211000
111102211111
111102220000
111102220111
111110010010
111110010101
111110021001
111110021110
111111210000
111111210111
111111221000
111111221111
111112110010
111112110101
111112121011
111112121100
111120200000
111120200111
111120201000
111120201111
111121100001
111121100110
111121101011
111121101100
111122000010
111122000101
111122001011
111122001100
111200010011
111200010100
111200021001
111200021110
111201210011
111201210100
111201221010
111201221101
111202110000
111202110111
111202121000
111202121111
111210200011
111210200100
111210201001
111210201110
111211100000
111211100111
111211101000
111211101111
111212000010
111212000101
111212001001
111212001110
111220111000
111220111111
111220120000
111220120111
111221011011
111221011100
111221020010
111221020101
111222211001
111222211110
111222220010
111222220101
120000110000
120000110111
120000121000
120000121111
120001010010
120001010101
120001021011
120001021100
120002210010
120002210101
120002221001
120002221110
120010000001
120010000110
120010001011
120010001100
120011200010
120011200101
120011201011
120011201100
120012100000
120012100111
120012101000
120012101111
120020211011
120020211100
120020220001
120020220110
120021111000
120021111111
120021120000
120021120111
120022011010
120022011101
120022020001
120022020110
120100000000
120100000111
120100001000
120100001111
120101200010
120101200101
120101201001
120101201110
120102100011
120102100100
120102101001
120102101110
120110211011
120110211100
120110220010
120110220101
120111111001
120111111110
120111120010
120111120101
120112011000
120112011111
120112020000
120112020111
120120110011
120120110100
120120121010
120120121101
120121010000
120121010111
120121021000
120121021111
120122210011
120122210100
120122221001
120122221110
120200211000
120200211111
120200220000
120200220111
120201111001
120201111110
120201120011
120201120100
120202011010
120202011101
120202020011
120202020100
120210110001
120210110110
120210121010
120210121101
120211010001
120211010110
120211021011
120211021100
120212210000
120212210111
120212221000
120212221111
120220000001
120220000110
120220001010
120220001101
120221200000
120221200111
120221201000
120221201111
120222100011
120222100100
120222101010
120222101101
201000110000
201000110111
201000121000
201000121111
201001010010
201001010101
201001021011
201001021100
201002210010
201002210101
201002221001
201002221110
201010000001
201010000110
201010001011
201010001100
201011200010
201011200101
201011201011
201011201100
201012100000
201012100111
201012101000
201012101111
201020211011
201020211100
201020220001
201020220110
201021111000
201021111111
201021120000
201021120111
201022011010
201022011101
201022020001
201022020110
201100000000
201100000111
201100001000
201100001111
201101200010
201101200101
201101201001
201101201110
201102100011
201102100100
201102101001
201102101110
201110211011
201110211100
201110220010
201110220101
201111111001
201111111110
201111120010
201111120101
201112011000
201112011111
201112020000
201112020111
201120110011
201120110100
201120121010
201120121101
201121010000
201121010111
201121021000
201121021111
201122210011
201122210100
201122221001
201122221110
201200211000
201200211111
201200220000
201200220111
201201111001
201201111110
201201120011
201201120100
201202011010
201202011101
201202020011
201202020100
201210110001
201210110110
201210121010
201210121101
201211010001
201211010110
201211021011
201211021100
201212210000
201212210111
201212221000
201212221111
201220000001
201220000110
201220001010
201220001101
201221200000
201221200111
201221201000
201221201111
201222100011
201222100100
201222101010
201222101101
210000011001
210000011110
210000020010
210000020101
210001211000
210001211111
210001220000
210001220111
210002111011
210002111100
210002120010
210002120101
210010210000
210010210111
210010221000
210010221111
210011110011
210011110100
210011121001
210011121110
210012010011
210012010100
210012021010
210012021101
210020100010
210020100101
210020101001
210020101110
210021000011
210021000100
210021001001
210021001110
210022200000
210022200111
210022201000
210022201111
210100210001
210100210110
210100221011
210100221100
210101110000
210101110111
210101121000
210101121111
210102010001
210102010110
210102021010
210102021101
210110100000
210110100111
210110101000
210110101111
210111000011
210111000100
210111001010
210111001101
210112200001
210112200110
210112201010
210112201101
210120011001
210120011110
210120020011
210120020100
210121211010
210121211101
210121220011
210121220100
210122111000
210122111111
210122120000
210122120111
210200100010
210200100101
210200101011
210200101100
210201000000
210201000111
210201001000
210201001111
210202200001
210202200110
210202201011
210202201100
210210011000
210210011111
210210020000
210210020111
210211211010
210211211101
210211220001
210211220110
210212111011
210212111100
210212120001
210212120110
210220210010
210220210101
210220221011
210220221100
210221110010
210221110101
210221121001
210221121110
210222010000
210222010111
210222021000
210222021111
222000200011
222000200100
222000201010
222000201101
222001100001
222001100110
222001101010
222001101101
222002000000
222002000111
222002001000
222002001111
222010111010
222010111101
222010120011
222010120100
222011011000
222011011111
222011020000
222011020111
222012211001
222012211110
222012220011
222012220100
222020010000
222020010111
222020021000
222020021111
222021210001
222021210110
222021221010
222021221101
222022110001
222022110110
222022121011
222022121100
222100111010
222100111101
222100120001
222100120110
222101011011
222101011100
222101020001
222101020110
222102211000
222102211111
222102220000
222102220111
222110010010
222110010101
222110021001
222110021110
222111210000
222111210111
222111221000
222111221111
222112110010
222112110101
222112121011
222112121100
222120200000
222120200111
222120201000
222120201111
222121100001
222121100110
222121101011
222121101100
222122000010
222122000101
222122001011
222122001100
222200010011
222200010100
222200021001
222200021110
222201210011
222201210100
222201221010
222201221101
222202110000
222202110111
222202121000
222202121111
222210200011
222210200100
222210201001
222210201110
222211100000
222211100111
222211101000
222211101111
222212000010
222212000101
222212001001
222212001110
222220111000
222220111111
222220120000
222220120111
222221011011
222221011100
222221020010
222221020101
222222211001
222222211110
222222220010
222222220101