0010000000
0010022211
0010100101
0010102210
0010110111
0010121010
0010201100
0010212000
0010220201
0010222011
0011000111
0011001001
0011011011
0011012200
0011020100
0011100101
0011111100
0011122201
0011202110
0011210010
0011211201
0011221211
0012002011
0012010210
0012021110
0012101200
0012111211
0012112101
0012120000
0012200001
0012220011
0012221101
0100001111
0100002201
0100010101
0100020211
0100101001
0100110011
0100122100
0100202011
0100211210
0100220001
0101001101
0101010111
0101022010
0101100011
0101110001
0101111110
0101112211
0101121201
0101200200
0101212101
0101221111
0102002211
0102011000
0102020201
0102022001
0102100110
0102112201
0102121211
0102201010
0102202001
0102212111
0102222200
0220000010
0220011011
0220011101
0220012110
0220021200
0220022001
0220101111
0220110200
0220111001
0220200211
0220202201
0220220110
0221001210
0221010001
0221101011
0221102000
0221120210
0221122111
0221212211
0221221000
0221222101
0222000201
0222002100
0222020011
0222112010
0222121101
0222122111
0222200211
0222210100
0222211111
0222211201
0222222210
1000000010
1000011011
1000011101
1000012110
1000021200
1000022001
1000101111
1000110200
1000111001
1000200211
1000202201
1000220110
1001001210
1001010001
1001101011
1001102000
1001120210
1001122111
1001212211
1001221000
1001222101
1002000201
1002002100
1002020011
1002112010
1002121101
1002122111
1002200211
1002210100
1002211111
1002211201
1002222210
1120000000
1120022211
1120100101
1120102210
1120110111
1120121010
1120201100
1120212000
1120220201
1120222011
1121000111
1121001001
1121011011
1121012200
1121020100
1121100101
1121111100
1121122201
1121202110
1121210010
1121211201
1121221211
1122002011
1122010210
1122021110
1122101200
1122111211
1122112101
1122120000
1122200001
1122220011
1122221101
1210001111
1210002201
1210010101
1210020211
1210101001
1210110011
1210122100
1210202011
1210211210
1210220001
1211001101
1211010111
1211022010
1211100011
1211110001
1211111110
1211112211
1211121201
1211200200
1211212101
1211221111
1212002211
1212011000
1212020201
1212022001
1212100110
1212112201
1212121211
1212201010
1212202001
1212212111
1212222200
2020001111
2020002201
2020010101
2020020211
2020101001
2020110011
2020122100
2020202011
2020211210
2020220001
2021001101
2021010111
2021022010
2021100011
2021110001
2021111110
2021112211
2021121201
2021200200
2021212101
2021221111
2022002211
2022011000
2022020201
2022022001
2022100110
2022112201
2022121211
2022201010
2022202001
2022212111
2022222200
2110000010
2110011011
2110011101
2110012110
2110021200
2110022001
2110101111
2110110200
2110111001
2110200211
2110202201
2110220110
2111001210
2111010001
2111101011
2111102000
2111120210
2111122111
2111212211
2111221000
2111222101
2112000201
2112002100
2112020011
2112112010
2112121101
2112122111
2112200211
2112210100
2112211111
2112211201
2112222210
2200000000
2200022211
2200100101
2200102210
2200110111
2200121010
2200201100
2200212000
2200220201
2200222011
2201000111
2201001001
2201011011
2201012200
2201020100
2201100101
2201111100
2201122201
2201202110
2201210010
2201211201
2201221211
2202002011
2202010210
2202021110
2202101200
2202111211
2202112101
2202120000
2202200001
2202220011
2202221101