0000001100010
0000001111101
0000010001100
0000010010011
0000022200010
0000022211101
0000102201000
0000102201010
0000102210101
0000102210111
0000111101111
0000111110000
0000120000001
0000120011110
0000200001101
0000200010010
0000212200000
0000212200011
0000212211100
0000212211111
0000221101110
0000221110001
0001000200001
0001000211110
0001012101111
0001012110000
0001021000010
0001021011101
0001101000100
0001101011011
0001110201010
0001110210101
0001122100100
0001122111011
0001202101000
0001202110111
0001211000101
0001211011010
0001220201011
0001220210100
0002002000100
0002002011011
0002011201001
0002011210110
0002020100111
0002020111000
0002100100001
0002100111110
0002112001111
0002112010000
0002121200010
0002121211101
0002201201000
0002201210111
0002210100110
0002210111001
0002222001000
0002222010111
0010002000001
0010002011110
0010011201111
0010011210000
0010020100010
0010020111101
0010100101000
0010100110111
0010112000110
0010112011001
0010121201000
0010121210111
0010201200100
0010201211011
0010210101001
0010210110110
0010222000111
0010222011000
0011001101000
0011001101010
0011001110101
0011001110111
0011010001111
0011010010000
0011022200001
0011022211110
0011102201101
0011102210010
0011111100000
0011111100011
0011111111100
0011111111111
0011120001110
0011120010001
0011200000010
0011200011101
0011212201100
0011212210011
0011221100010
0011221111101
0012000200100
0012000211011
0012012101010
0012012110101
0012021000100
0012021011011
0012101001000
0012101010111
0012110200101
0012110211010
0012122101011
0012122110100
0012202100001
0012202111110
0012211001111
0012211010000
0012220200010
0012220211101
0020000201000
0020000210111
0020012100101
0020012111010
0020021001011
0020021010100
0020101000001
0020101011110
0020110201111
0020110210000
0020122100010
0020122111101
0020202100100
0020202111011
0020211001010
0020211010101
0020220200100
0020220211011
0021002001000
0021002010111
0021011200110
0021011211001
0021020101000
0021020110111
0021100100100
0021100111011
0021112001001
0021112010110
0021121200111
0021121211000
0021201200001
0021201211110
0021210101111
0021210110000
0021222000010
0021222011101
0022001101101
0022001110010
0022010000000
0022010000011
0022010011100
0022010011111
0022022201110
0022022210001
0022102200010
0022102211101
0022111101100
0022111110011
0022120000010
0022120011101
0022200001000
0022200001010
0022200010101
0022200010111
0022212201111
0022212210000
0022221100001
0022221111110
0100001201111
0100001210000
0100010100010
0100010111101
0100022000001
0100022011110
0100102001010
0100102010101
0100111200100
0100111211011
0100120100100
0100120111011
0100200100101
0100200111010
0100212001011
0100212010100
0100221201000
0100221210111
0101000001001
0101000010110
0101012200111
0101012211000
0101021100100
0101021111011
0101101101111
0101101110000
0101110000010
0101110011101
0101122200001
0101122211110
0101202200110
0101202211001
0101211101000
0101211110111
0101220001000
0101220010111
0102002101100
0102002110011
0102011000010
0102011011101
0102020200010
0102020211101
0102100201111
0102100210000
0102112100001
0102112111110
0102121001000
0102121001010
0102121010101
0102121010111
0102201000000
0102201000011
0102201011100
0102201011111
0102210201110
0102210210001
0102222101101
0102222110010
0110002101111
0110002110000
0110011000001
0110011011110
0110020201000
0110020201010
0110020210101
0110020210111
0110100200000
0110100200011
0110100211100
0110100211111
0110112101110
0110112110001
0110121001101
0110121010010
0110201001100
0110201010011
0110210200010
0110210211101
0110222100010
0110222111101
0111001201010
0111001210101
0111010100100
0111010111011
0111022000100
0111022011011
0111102000101
0111102011010
0111111201011
0111111210100
0111120101000
0111120110111
0111200101111
0111200110000
0111212000010
0111212011101
0111221200001
0111221211110
0112000001111
0112000010000
0112012200010
0112012211101
0112021100001
0112021111110
0112101100110
0112101111001
0112110001000
0112110010111
0112122201000
0112122210111
0112202201001
0112202210110
0112211100111
0112211111000
0112220000100
0112220011011
0120000000110
0120000011001
0120012201000
0120012210111
0120021101000
0120021110111
0120101101001
0120101110110
0120110000111
0120110011000
0120122200100
0120122211011
0120202201111
0120202210000
0120211100010
0120211111101
0120220000001
0120220011110
0121002100000
0121002100011
0121002111100
0121002111111
0121011001110
0121011010001
0121020201101
0121020210010
0121100201100
0121100210011
0121112100010
0121112111101
0121121000010
0121121011101
0121201001111
0121201010000
0121210200001
0121210211110
0121222101000
0121222101010
0121222110101
0121222110111
0122001200101
0122001211010
0122010101011
0122010110100
0122022001000
0122022010111
0122102001111
0122102010000
0122111200010
0122111211101
0122120100001
0122120111110
0122200101010
0122200110101
0122212000100
0122212011011
0122221200100
0122221211011
0200001000111
0200001011000
0200010200100
0200010211011
0200022101001
0200022110110
0200102100010
0200102111101
0200111000001
0200111011110
0200120201111
0200120210000
0200200201000
0200200210111
0200212101000
0200212110111
0200221000110
0200221011001
0201000100010
0201000111101
0201012000010
0201012011101
0201021201100
0201021210011
0201101200001
0201101211110
0201110101000
0201110101010
0201110110101
0201110110111
0201122001111
0201122010000
0201202001110
0201202010001
0201211201101
0201211210010
0201220100000
0201220100011
0201220111100
0201220111111
0202002200010
0202002211101
0202011100001
0202011111110
0202020001111
0202020010000
0202100000100
0202100011011
0202112200100
0202112211011
0202121101010
0202121110101
0202201101011
0202201110100
0202210001000
0202210010111
0202222200101
0202222211010
0210002200100
0210002211011
0210011100100
0210011111011
0210020001010
0210020010101
0210100001011
0210100010100
0210112201000
0210112210111
0210121100101
0210121111010
0210201100010
0210201111101
0210210000001
0210210011110
0210222201111
0210222210000
0211001000010
0211001011101
0211010200001
0211010211110
0211022101111
0211022110000
0211102101000
0211102110111
0211111001000
0211111010111
0211120200110
0211120211001
0211200200111
0211200211000
0211212100100
0211212111011
0211221001001
0211221010110
0212000100001
0212000111110
0212012001000
0212012001010
0212012010101
0212012010111
0212021201111
0212021210000
0212101201110
0212101210001
0212110101101
0212110110010
0212122000000
0212122000011
0212122011100
0212122011111
0212202000010
0212202011101
0212211200010
0212211211101
0212220101100
0212220110011
0220000101110
0220000110001
0220012001101
0220012010010
0220021200000
0220021200011
0220021211100
0220021211111
0220101200010
0220101211101
0220110100010
0220110111101
0220122001100
0220122010011
0220202000001
0220202011110
0220211201000
0220211201010
0220211210101
0220211210111
0220220101111
0220220110000
0221002201011
0221002210100
0221011101000
0221011110111
0221020000101
0221020011010
0221100000010
0221100011101
0221112200001
0221112211110
0221121101111
0221121110000
0221201100100
0221201111011
0221210000100
0221210011011
0221222201010
0221222210101
0222001001000
0222001010111
0222010201000
0222010210111
0222022100110
0222022111001
0222102100111
0222102111000
0222111000100
0222111011011
0222120201001
0222120210110
0222200200010
0222200211101
0222212100001
0222212111110
0222221001111
0222221010000
1000002101111
1000002110000
1000011000010
1000011011101
1000020200001
1000020211110
1000100200110
1000100211001
1000112101000
1000112110111
1000121001000
1000121010111
1000201001001
1000201010110
1000210200111
1000210211000
1000222100100
1000222111011
1001001201111
1001001210000
1001010100001
1001010111110
1001022001000
1001022001010
1001022010101
1001022010111
1001102000000
1001102000011
1001102011100
1001102011111
1001111201110
1001111210001
1001120101101
1001120110010
1001200101100
1001200110011
1001212000010
1001212011101
1001221200010
1001221211101
1002000001010
1002000010101
1002012200100
1002012211011
1002021100100
1002021111011
1002101100101
1002101111010
1002110001011
1002110010100
1002122201000
1002122210111
1002202201111
1002202210000
1002211100010
1002211111101
1002220000001
1002220011110
1010000000101
1010000011010
1010012201011
1010012210100
1010021101000
1010021110111
1010101101111
1010101110000
1010110000010
1010110011101
1010122200001
1010122211110
1010202201010
1010202210101
1010211100100
1010211111011
1010220000100
1010220011011
1011002100110
1011002111001
1011011001000
1011011010111
1011020201000
1011020210111
1011100201001
1011100210110
1011112100111
1011112111000
1011121000100
1011121011011
1011201001111
1011201010000
1011210200010
1011210211101
1011222100001
1011222111110
1012001200000
1012001200011
1012001211100
1012001211111
1012010101110
1012010110001
1012022001101
1012022010010
1012102001100
1012102010011
1012111200010
1012111211101
1012120100010
1012120111101
1012200101111
1012200110000
1012212000001
1012212011110
1012221201000
1012221201010
1012221210101
1012221210111
1020001201100
1020001210011
1020010100010
1020010111101
1020022000010
1020022011101
1020102001111
1020102010000
1020111200001
1020111211110
1020120101000
1020120101010
1020120110101
1020120110111
1020200100000
1020200100011
1020200111100
1020200111111
1020212001110
1020212010001
1020221201101
1020221210010
1021000001111
1021000010000
1021012200010
1021012211101
1021021100001
1021021111110
1021101101010
1021101110101
1021110000100
1021110011011
1021122200100
1021122211011
1021202200101
1021202211010
1021211101011
1021211110100
1021220001000
1021220010111
1022002101001
1022002110110
1022011000111
1022011011000
1022020200100
1022020211011
1022100201111
1022100210000
1022112100010
1022112111101
1022121000001
1022121011110
1022201000110
1022201011001
1022210201000
1022210210111
1022222101000
1022222110111
1100002200001
1100002211110
1100011101000
1100011101010
1100011110101
1100011110111
1100020001111
1100020010000
1100100001110
1100100010001
1100112201101
1100112210010
1100121100000
1100121100011
1100121111100
1100121111111
1100201100010
1100201111101
1100210000010
1100210011101
1100222201100
1100222210011
1101001000100
1101001011011
1101010200100
1101010211011
1101022101010
1101022110101
1101102101011
1101102110100
1101111001000
1101111010111
1101120200101
1101120211010
1101200200010
1101200211101
1101212100001
1101212111110
1101221001111
1101221010000
1102000100010
1102000111101
1102012000001
1102012011110
1102021201111
1102021210000
1102101201000
1102101210111
1102110101000
1102110110111
1102122000110
1102122011001
1102202000111
1102202011000
1102211200100
1102211211011
1102220101001
1102220110110
1110000101000
1110000110111
1110012001000
1110012010111
1110021200110
1110021211001
1110101200111
1110101211000
1110110100100
1110110111011
1110122001001
1110122010110
1110202000010
1110202011101
1110211200001
1110211211110
1110220101111
1110220110000
1111002201110
1111002210001
1111011101101
1111011110010
1111020000000
1111020000011
1111020011100
1111020011111
1111100000010
1111100011101
1111112200010
1111112211101
1111121101100
1111121110011
1111201100001
1111201111110
1111210001000
1111210001010
1111210010101
1111210010111
1111222201111
1111222210000
1112001001011
1112001010100
1112010201000
1112010210111
1112022100101
1112022111010
1112102100010
1112102111101
1112111000001
1112111011110
1112120201111
1112120210000
1112200200100
1112200211011
1112212100100
1112212111011
1112221001010
1112221010101
1120001000010
1120001011101
1120010200001
1120010211110
1120022101111
1120022110000
1120102100100
1120102111011
1120111000100
1120111011011
1120120201010
1120120210101
1120200201011
1120200210100
1120212101000
1120212110111
1120221000101
1120221011010
1121000100111
1121000111000
1121012000100
1121012011011
1121021201001
1121021210110
1121101200010
1121101211101
1121110100001
1121110111110
1121122001111
1121122010000
1121202001000
1121202010111
1121211201000
1121211210111
1121220100110
1121220111001
1122002200010
1122002211101
1122011100010
1122011111101
1122020001100
1122020010011
1122100000001
1122100011110
1122112201000
1122112201010
1122112210101
1122112210111
1122121101111
1122121110000
1122201101110
1122201110001
1122210001101
1122210010010
1122222200000
1122222200011
1122222211100
1122222211111
1200002000100
1200002011011
1200011201010
1200011210101
1200020100100
1200020111011
1200100101000
1200100110111
1200112000101
1200112011010
1200121201011
1200121210100
1200201200001
1200201211110
1200210101111
1200210110000
1200222000010
1200222011101
1201001100001
1201001111110
1201010001111
1201010010000
1201022200010
1201022211101
1201102201000
1201102210111
1201111100110
1201111111001
1201120001000
1201120010111
1201200000100
1201200011011
1201212201001
1201212210110
1201221100111
1201221111000
1202000201000
1202000201010
1202000210101
1202000210111
1202012101111
1202012110000
1202021000001
1202021011110
1202101001101
1202101010010
1202110200000
1202110200011
1202110211100
1202110211111
1202122101110
1202122110001
1202202100010
1202202111101
1202211001100
1202211010011
1202220200010
1202220211101
1210000201101
1210000210010
1210012100000
1210012100011
1210012111100
1210012111111
1210021001110
1210021010001
1210101000010
1210101011101
1210110201100
1210110210011
1210122100010
1210122111101
1210202101000
1210202101010
1210202110101
1210202110111
1210211001111
1210211010000
1210220200001
1210220211110
1211002001000
1211002010111
1211011200101
1211011211010
1211020101011
1211020110100
1211100100001
1211100111110
1211112001111
1211112010000
1211121200010
1211121211101
1211201200100
1211201211011
1211210101010
1211210110101
1211222000100
1211222011011
1212001101000
1212001110111
1212010000110
1212010011001
1212022201000
1212022210111
1212102200100
1212102211011
1212111101001
1212111110110
1212120000111
1212120011000
1212200000001
1212200011110
1212212201111
1212212210000
1212221100010
1212221111101
1220001100100
1220001111011
1220010001001
1220010010110
1220022200111
1220022211000
1220102200001
1220102211110
1220111101111
1220111110000
1220120000010
1220120011101
1220200001000
1220200010111
1220212200110
1220212211001
1220221101000
1220221110111
1221000200010
1221000211101
1221012101100
1221012110011
1221021000010
1221021011101
1221101001000
1221101001010
1221101010101
1221101010111
1221110201111
1221110210000
1221122100001
1221122111110
1221202101101
1221202110010
1221211000000
1221211000011
1221211011100
1221211011111
1221220201110
1221220210001
1222002000001
1222002011110
1222011201111
1222011210000
1222020100010
1222020111101
1222100100100
1222100111011
1222112001010
1222112010101
1222121200100
1222121211011
1222201201000
1222201210111
1222210100101
1222210111010
1222222001011
1222222010100
2000000101011
2000000110100
2000012001000
2000012010111
2000021200101
2000021211010
2000101200010
2000101211101
2000110100001
2000110111110
2000122001111
2000122010000
2000202000100
2000202011011
2000211200100
2000211211011
2000220101010
2000220110101
2001002201000
2001002210111
2001011101000
2001011110111
2001020000110
2001020011001
2001100000111
2001100011000
2001112200100
2001112211011
2001121101001
2001121110110
2001201100010
2001201111101
2001210000001
2001210011110
2001222201111
2001222210000
2002001001110
2002001010001
2002010201101
2002010210010
2002022100000
2002022100011
2002022111100
2002022111111
2002102100010
2002102111101
2002111000010
2002111011101
2002120201100
2002120210011
2002200200001
2002200211110
2002212101000
2002212101010
2002212110101
2002212110111
2002221001111
2002221010000
2010001000010
2010001011101
2010010200010
2010010211101
2010022101100
2010022110011
2010102100001
2010102111110
2010111001000
2010111001010
2010111010101
2010111010111
2010120201111
2010120210000
2010200201110
2010200210001
2010212101101
2010212110010
2010221000000
2010221000011
2010221011100
2010221011111
2011000100010
2011000111101
2011012000001
2011012011110
2011021201111
2011021210000
2011101200100
2011101211011
2011110100100
2011110111011
2011122001010
2011122010101
2011202001011
2011202010100
2011211201000
2011211210111
2011220100101
2011220111010
2012002200111
2012002211000
2012011100100
2012011111011
2012020001001
2012020010110
2012100000010
2012100011101
2012112200001
2012112211110
2012121101111
2012121110000
2012201101000
2012201110111
2012210001000
2012210010111
2012222200110
2012222211001
2020002200010
2020002211101
2020011100001
2020011111110
2020020001111
2020020010000
2020100001000
2020100010111
2020112201000
2020112210111
2020121100110
2020121111001
2020201100111
2020201111000
2020210000100
2020210011011
2020222201001
2020222210110
2021001000001
2021001011110
2021010201000
2021010201010
2021010210101
2021010210111
2021022101111
2021022110000
2021102101110
2021102110001
2021111001101
2021111010010
2021120200000
2021120200011
2021120211100
2021120211111
2021200200010
2021200211101
2021212100010
2021212111101
2021221001100
2021221010011
2022000100100
2022000111011
2022012000100
2022012011011
2022021201010
2022021210101
2022101201011
2022101210100
2022110101000
2022110110111
2022122000101
2022122011010
2022202000010
2022202011101
2022211200001
2022211211110
2022220101111
2022220110000
2100000201000
2100000210111
2100012100110
2100012111001
2100021001000
2100021010111
2100101000100
2100101011011
2100110201001
2100110210110
2100122100111
2100122111000
2100202100001
2100202111110
2100211001111
2100211010000
2100220200010
2100220211101
2101002001101
2101002010010
2101011200000
2101011200011
2101011211100
2101011211111
2101020101110
2101020110001
2101100100010
2101100111101
2101112001100
2101112010011
2101121200010
2101121211101
2101201201000
2101201201010
2101201210101
2101201210111
2101210101111
2101210110000
2101222000001
2101222011110
2102001101000
2102001110111
2102010000101
2102010011010
2102022201011
2102022210100
2102102200001
2102102211110
2102111101111
2102111110000
2102120000010
2102120011101
2102200000100
2102200011011
2102212201010
2102212210101
2102221100100
2102221111011
2110001100001
2110001111110
2110010001111
2110010010000
2110022200010
2110022211101
2110102200100
2110102211011
2110111101010
2110111110101
2110120000100
2110120011011
2110200001000
2110200010111
2110212200101
2110212211010
2110221101011
2110221110100
2111000200100
2111000211011
2111012101001
2111012110110
2111021000111
2111021011000
2111101000001
2111101011110
2111110201111
2111110210000
2111122100010
2111122111101
2111202101000
2111202110111
2111211000110
2111211011001
2111220201000
2111220210111
2112002000010
2112002011101
2112011201100
2112011210011
2112020100010
2112020111101
2112100101000
2112100101010
2112100110101
2112100110111
2112112001111
2112112010000
2112121200001
2112121211110
2112201201101
2112201210010
2112210100000
2112210100011
2112210111100
2112210111111
2112222001110
2112222010001
2120002001000
2120002001010
2120002010101
2120002010111
2120011201111
2120011210000
2120020100001
2120020111110
2120100101101
2120100110010
2120112000000
2120112000011
2120112011100
2120112011111
2120121201110
2120121210001
2120201200010
2120201211101
2120210101100
2120210110011
2120222000010
2120222011101
2121001100100
2121001111011
2121010001010
2121010010101
2121022200100
2121022211011
2121102201000
2121102210111
2121111100101
2121111111010
2121120001011
2121120010100
2121200000001
2121200011110
2121212201111
2121212210000
2121221100010
2121221111101
2122000200001
2122000211110
2122012101111
2122012110000
2122021000010
2122021011101
2122101001000
2122101010111
2122110200110
2122110211001
2122122101000
2122122110111
2122202100100
2122202111011
2122211001001
2122211010110
2122220200111
2122220211000
2200000000000
2200000000011
2200000011100
2200000011111
2200012201110
2200012210001
2200021101101
2200021110010
2200101101100
2200101110011
2200110000010
2200110011101
2200122200010
2200122211101
2200202201111
2200202210000
2200211100001
2200211111110
2200220001000
2200220001010
2200220010101
2200220010111
2201002100101
2201002111010
2201011001011
2201011010100
2201020201000
2201020210111
2201100201111
2201100210000
2201112100010
2201112111101
2201121000001
2201121011110
2201201001010
2201201010101
2201210200100
2201210211011
2201222100100
2201222111011
2202001200110
2202001211001
2202010101000
2202010110111
2202022001000
2202022010111
2202102001001
2202102010110
2202111200111
2202111211000
2202120100100
2202120111011
2202200101111
2202200110000
2202212000010
2202212011101
2202221200001
2202221211110
2210001201001
2210001210110
2210010100111
2210010111000
2210022000100
2210022011011
2210102001111
2210102010000
2210111200010
2210111211101
2210120100001
2210120111110
2210200100110
2210200111001
2210212001000
2210212010111
2210221201000
2210221210111
2211000001100
2211000010011
2211012200010
2211012211101
2211021100010
2211021111101
2211101101111
2211101110000
2211110000001
2211110011110
2211122201000
2211122201010
2211122210101
2211122210111
2211202200000
2211202200011
2211202211100
2211202211111
2211211101110
2211211110001
2211220001101
2211220010010
2212002101111
2212002110000
2212011000010
2212011011101
2212020200001
2212020211110
2212100201010
2212100210101
2212112100100
2212112111011
2212121000100
2212121011011
2212201000101
2212201011010
2212210201011
2212210210100
2212222101000
2212222110111
2220002101010
2220002110101
2220011000100
2220011011011
2220020200100
2220020211011
2220100200101
2220100211010
2220112101011
2220112110100
2220121001000
2220121010111
2220201001111
2220201010000
2220210200010
2220210211101
2220222100001
2220222111110
2221001201111
2221001210000
2221010100010
2221010111101
2221022000001
2221022011110
2221102000110
2221102011001
2221111201000
2221111210111
2221120101000
2221120110111
2221200101001
2221200110110
2221212000111
2221212011000
2221221200100
2221221211011
2222000001111
2222000010000
2222012200001
2222012211110
2222021101000
2222021101010
2222021110101
2222021110111
2222101100000
2222101100011
2222101111100
2222101111111
2222110001110
2222110010001
2222122201101
2222122210010
2222202201100
2222202210011
2222211100010
2222211111101
2222220000010
2222220011101