000011000
000011001
000110120
000110121
000212210
000212211
001021220
001021221
001120010
001120011
001222100
001222101
002001110
002001111
002100200
002100201
002202020
002202021
010020010
010020011
010122100
010122101
010221220
010221221
011000200
011000201
011102020
011102021
011201110
011201111
012010120
012010121
012112210
012112211
012211000
012211001
020002020
020002021
020101110
020101111
020200200
020200201
021012210
021012211
021111000
021111001
021210120
021210121
022022100
022022101
022121220
022121221
022220010
022220011
100022100
100022101
100121220
100121221
100220010
100220011
101002020
101002021
101101110
101101111
101200200
101200201
102012210
102012211
102111000
102111001
102210120
102210121
110001110
110001111
110100200
110100201
110202020
110202021
111011000
111011001
111110120
111110121
111212210
111212211
112021220
112021221
112120010
112120011
112222100
112222101
120010120
120010121
120112210
120112211
120211000
120211001
121020010
121020011
121122100
121122101
121221220
121221221
122000200
122000201
122102020
122102021
122201110
122201111
200000200
200000201
200102020
200102021
200201110
200201111
201010120
201010121
201112210
201112211
201211000
201211001
202020010
202020011
202122100
202122101
202221220
202221221
210012210
210012211
210111000
210111001
210210120
210210121
211022100
211022101
211121220
211121221
211220010
211220011
212002020
212002021
212101110
212101111
212200200
212200201
220021220
220021221
220120010
220120011
220222100
220222101
221001110
221001111
221100200
221100201
221202020
221202021
222011000
222011001
222110120
222110121
222212210
222212211