00001100
00011012
00021221
00102122
00112001
00122210
00200111
00210020
00220202
01002001
01012210
01022122
01100020
01110202
01120111
01201012
01211221
01221100
02000202
02010111
02020020
02101221
02111100
02121012
02202210
02212122
02222001
10002210
10012122
10022001
10100202
10110111
10120020
10201221
10211100
10221012
11000111
11010020
11020202
11101100
11111012
11121221
11202122
11212001
11222210
12001012
12011221
12021100
12102001
12112210
12122122
12200020
12210202
12220111
20000020
20010202
20020111
20101012
20111221
20121100
20202001
20212210
20222122
21001221
21011100
21021012
21102210
21112122
21122001
21200202
21210111
21220020
22002122
22012001
22022210
22100111
22110020
22120202
22201100
22211012
22221221