000000010000
000001222101
000002101100
000002101110
000002201100
000002211010
000010022101
000011120110
000011201011
000012110001
000020001011
000021210000
000021210111
000022122010
000022122110
000100010110
000100121011
000101000001
000102212101
000110100000
000110100111
000111012010
000111012110
000112221011
000120112101
000121021100
000121021110
000121101010
000121121100
000122200000
000200202010
000200202110
000201111011
000202020000
000202020111
000210011100
000210021010
000210211100
000210211110
000211120000
000212002101
000220220001
000221102101
000222011011
000222200110
001000102001
001001011101
001002112110
001002220011
001010111010
001010111110
001011020011
001012202000
001012202111
001020120100
001020120110
001020200010
001020220100
001021002000
001022211101
001100210011
001101122000
001101122111
001102001010
001102001110
001110222000
001111101101
001112010100
001112010110
001112110100
001112120010
001120201101
001121002110
001121110011
001122022001
001200021101
001201000100
001201010010
001201200100
001201200110
001202112000
001210000011
001210222110
001211212001
001212121101
001220012000
001220012111
001221221010
001221221110
001222100011
002000221000
002000221111
002001100010
002001100110
002002012011
002010200101
002011112100
002011112110
002011212100
002011222010
002012021000
002020101110
002020212011
002021121001
002022000101
002100002100
002100002110
002100102100
002100112010
002101211000
002102120101
002110011001
002111220101
002112021110
002112102011
002120020010
002120020110
002121202011
002122111000
002122111111
002200110101
002201022011
002201211110
002202201001
002210122011
002211001000
002211001111
002212210010
002212210110
002220101000
002221010101
002222002010
002222022100
002222222100
002222222110
010000120011
010001002000
010001002111
010002211010
010002211110
010010102000
010011011101
010012000010
010012020100
010012220100
010012220110
010020111101
010021020011
010021212110
010022202001
010100201101
010101110100
010101110110
010101210100
010101220010
010102022000
010110102110
010110210011
010111122001
010112001101
010120222000
010120222111
010121101010
010121101110
010122010011
010200012001
010201221101
010202022110
010202100011
010210021010
010210021110
010211200011
010212112000
010212112111
010220000100
010220000110
010220100100
010220110010
010221212000
010222121101
011000012100
011000022010
011000212100
011000212110
011001121000
011002000101
011010221001
011011100101
011012012011
011012201110
011020200010
011020200110
011021112011
011022021000
011022021111
011100020101
011101121110
011101202011
011102111001
011110002011
011111211000
011111211111
011112120010
011112120110
011120011000
011121220101
011122102100
011122102110
011122202100
011122212010
011200101000
011200101111
011201010010
011201010110
011202222011
011210110101
011211022100
011211022110
011211102010
011211122100
011212201000
011220011110
011220122011
011221001001
011222210101
012000001011
012000220110
012001210001
012002122101
012010010000
012010010111
012011222010
012011222110
012012101011
012020022101
012021001100
012021011010
012021201100
012021201110
012022110000
012100112010
012100112110
012101021011
012102200000
012102200111
012110121100
012110121110
012110201010
012110221100
012111000000
012112212101
012120100001
012121012101
012122110110
012122221011
012200220000
012201102101
012202011100
012202011110
012202111100
012202121010
012210202101
012211000110
012211111011
012212020001
012220211011
012221120000
012221120111
012222002010
012222002110
020000200101
020001001110
020001112011
020002021001
020010212011
020011121000
020011121111
020012000010
020012000110
020020221000
020021100101
020022012100
020022012110
020022112100
020022122010
020100011000
020100011111
020101220010
020101220110
020102102011
020110020101
020111002100
020111012010
020111202100
020111202110
020112111000
020120002011
020120221110
020121211001
020122120101
020200122100
020200122110
020200202010
020200222100
020201001000
020202210101
020210101001
020211010101
020212111110
020212222011
020220110010
020220110110
020221022011
020222201000
020222201111
021000022010
021000022110
021001201011
021002110000
021002110111
021010001100
021010001110
021010101100
021010111010
021011210000
021012122101
021020010001
021021222101
021022020110
021022101011
021100100000
021101012101
021102001010
021102021100
021102221100
021102221110
021110112101
021111021011
021111210110
021112200001
021120121011
021121000000
021121000111
021122212010
021122212110
021200100110
021200211011
021201120001
021202002101
021210220000
021210220111
021211102010
021211102110
021212011011
021220202101
021221111100
021221111110
021221211100
021221221010
021222020000
022000111101
022001020100
022001020110
022001100010
022001120100
022002202000
022010012110
022010120011
022011002001
022012211101
022020102000
022020102111
022021011010
022021011110
022022220011
022100222001
022101101101
022102010011
022102202110
022110201010
022110201110
022111110011
022112022000
022112022111
022120010100
022120020010
022120210100
022120210110
022121122000
022122001101
022200000011
022201212000
022201212111
022202121010
022202121110
022210012000
022211221101
022212100100
022212100110
022212200100
022212210010
022220021101
022221122110
022221200011
022222112001
100000112000
100000112111
100001021010
100001021110
100002200011
100010121101
100011000100
100011000110
100011100100
100011110010
100012212000
100020022110
100020100011
100021012001
100022221101
100100000010
100100020100
100100220100
100100220110
100101102000
100102011101
100110202001
100111111101
100112020011
100112212110
100120211010
100120211110
100121120011
100122002000
100122002111
100200001101
100201102110
100201210011
100202122001
100210010011
100211222000
100211222111
100212101010
100212101110
100220022000
100221201101
100222110100
100222110110
100222210100
100222220010
101000201000
101001110101
101002022100
101002022110
101002102010
101002122100
101010210101
101011011110
101011122011
101012001001
101020222011
101021101000
101021101111
101022010010
101022010110
101100012011
101100201110
101101221001
101102100101
101110021000
101110021111
101111200010
101111200110
101112112011
101120000101
101121012100
101121022010
101121212100
101121212110
101122121000
101200120010
101200120110
101201002011
101202211000
101202211111
101210102100
101210102110
101210202100
101210212010
101211011000
101212220101
101220111001
101221020101
101222121110
101222202011
102000020001
102001202101
102002000110
102002111011
102010002010
102010002110
102011211011
102012120000
102012120111
102020011100
102020011110
102020111100
102020121010
102021220000
102022102101
102100101011
102101010000
102101010111
102102222010
102102222110
102110110000
102111022101
102112001100
102112011010
102112201100
102112201110
102120122101
102121001011
102121220110
102122210001
102200212101
102201121100
102201121110
102201201010
102201221100
102202000000
102210110110
102210221011
102211100001
102212012101
102220200000
102220200111
102221112010
102221112110
102222021011
110000111110
110000222011
110001101001
110002010101
110010201000
110010201111
110011110010
110011110110
110012022011
110020210101
110021122100
110021122110
110021202010
110021222100
110022001000
110100000010
110100000110
110101212011
110102121000
110102121111
110110012100
110110012110
110110112100
110110122010
110111221000
110112100101
110120021001
110121200101
110122001110
110122112011
110200111000
110201020101
110202002100
110202012010
110202202100
110202202110
110210120101
110211002011
110211221110
110212211001
110220102011
110221011000
110221011111
110222220010
110222220110
111000011011
111001220000
111001220111
111002102010
111002102110
111010020000
111011202101
111012111100
111012111110
111012211100
111012221010
111020002101
111021100110
111021211011
111022120001
111100122101
111101001100
111101001110
111101101100
111101111010
111102210000
111110020110
111110101011
111111010001
111112222101
111120110000
111120110111
111121022010
111121022110
111122201011
111200200001
111201112101
111202021011
111202210110
111210212010
111210212110
111211121011
111212000000
111212000111
111220001010
111220021100
111220221100
111220221110
111221100000
111222012101
112000100100
112000100110
112000200100
112000210010
112001012000
112002221101
112010112001
112011021101
112012122110
112012200011
112020121010
112020121110
112021000011
112022212000
112022212111
112100211101
112101012110
112101120011
112102002001
112110220011
112111102000
112111102111
112112011010
112112011110
112120202000
112121111101
112122020100
112122020110
112122100010
112122120100
112200022000
112200022111
112201201010
112201201110
112202110011
112210001101
112211010100
112211020010
112211210100
112211210110
112212122000
112220010011
112220202110
112221222001
112222101101
120000002101
120001011100
120001021010
120001211100
120001211110
120002120000
120010011011
120010200110
120011220001
120012102101
120020020000
120020020111
120021202010
120021202110
120022111011
120100110001
120101022101
120102120110
120102201011
120110122010
120110122110
120111001011
120112210000
120112210111
120120101100
120120101110
120120201100
120120211010
120121010000
120122222101
120200221011
120201100000
120201100111
120202012010
120202012110
120210200000
120211112101
120212021100
120212021110
120212101010
120212121100
120220212101
120221010110
120221121011
120222000001
121000121101
121001000011
121001222110
121002212001
121010100011
121011012000
121011012111
121012221010
121012221110
121020112000
121021021101
121022000100
121022010010
121022200100
121022200110
121100202000
121100202111
121101111010
121101111110
121102020011
121110211101
121111120100
121111120110
121111200010
121111220100
121112002000
121120112110
121120220011
121121102001
121122011101
121200010100
121200010110
121200110100
121200120010
121201222000
121202101101
121210022001
121211201101
121212002110
121212110011
121220001010
121220001110
121221210011
121222122000
121222122111
122000210010
122000210110
122001122011
122002001000
122002001111
122010002010
122010022100
122010222100
122010222110
122011101000
122012010101
122020201001
122021110101
122022022011
122022211110
122100021000
122101200101
122102112100
122102112110
122102212100
122102222010
122110000101
122111101110
122111212011
122112121001
122120012011
122121221000
122121221111
122122100010
122122100110
122200021110
122200102011
122201011001
122202220101
122210111000
122210111111
122211020010
122211020110
122212202011
122220120101
122221002100
122221002110
122221102100
122221112010
122222211000
200000211001
200001120101
200002002011
200002221110
200010220010
200010220110
200011102011
200012011000
200012011111
200020002100
200020012010
200020202100
200020202110
200021111000
200022020101
200100022011
200101201000
200101201111
200102110010
200102110110
200110001000
200111210101
200112122100
200112122110
200112202010
200112222100
200120010101
200121111110
200121222011
200122101001
200200100101
200201012100
200201012110
200201112100
200201122010
200202221000
200210001110
200210112011
200211021001
200212200101
200220121000
200220121111
200221000010
200221000110
200222212011
201000000000
201000000111
201001212010
201001212110
201002121011
201010012101
201011001010
201011021100
201011221100
201011221110
201012100000
201020021011
201020210110
201021200001
201022112101
201100111100
201100111110
201100211100
201100221010
201101020000
201102202101
201110120001
201111002101
201112100110
201112211011
201120102010
201120102110
201121011011
201122220000
201122220111
201200222101
201201020110
201201101011
201202010001
201210201011
201211110000
201211110111
201212022010
201212022110
201220210000
201221122101
201222001100
201222001110
201222101100
201222111010
202000122000
202001001101
202002010100
202002020010
202002210100
202002210110
202010101101
202011010011
202011202110
202012222001
202020110011
202021022000
202021022111
202022201010
202022201110
202100122110
202100200011
202101112001
202102021101
202110212000
202110212111
202111121010
202111121110
202112000011
202120221101
202121100100
202121100110
202121200100
202121210010
202122012000
202200011010
202200011110
202201220011
202202102000
202202102111
202210020100
202210020110
202210100010
202210120100
202211202000
202212111101
202220002001
202221211101
202222012110
202222120011
210000021100
210000021110
210000101010
210000121100
210001200000
210002112101
210010000001
210011212101
210012010110
210012121011
210020012010
210020012110
210021221011
210022100000
210022100111
210100102101
210101011011
210101200110
210102220001
210110111011
210111020000
210111020111
210112202010
210112202110
210120120000
210121002101
210122011100
210122021010
210122211100
210122211110
210200210000
210200210111
210201122010
210201122110
210202001011
210210222101
210211101100
210211101110
210211201100
210211211010
210212010000
210220120110
210220201011
210221110001
210222022101
211000002110
211000110011
211001022001
211002201101
211010122000
211010122111
211011001010
211011001110
211012210011
211020101101
211021010100
211021010110
211021110100
211021120010
211022222000
211100221010
211100221110
211101100011
211102012000
211102012111
211110000100
211110010010
211110200100
211110200110
211111112000
211112021101
211120212001
211121121101
211122000011
211122222110
211200002000
211201211101
211202120100
211202120110
211202200010
211202220100
211210011101
211211112110
211211220011
211212102001
211220020011
211221202000
211221202111
211222111010
211222111110
212000202011
212001111000
212001111111
212002020010
212002020110
212010211000
212011120101
212012002100
212012002110
212012102100
212012112010
212020220101
212021021110
212021102011
212022011001
212100010101
212101002010
212101022100
212101222100
212101222110
212102101000
212110022011
212110211110
212111201001
212112110101
212120001000
212120001111
212121210010
212121210110
212122122011
212200121001
212201000101
212202101110
212202212011
212210100010
212210100110
212211012011
212212221000
212212221111
212220112100
212220112110
212220212100
212220222010
212221021000
212222200101
220000101010
220000101110
220001010011
220002222000
220002222111
220010110100
220010110110
220010210100
220010220010
220011022000
220012201101
220020122001
220021001101
220022102110
220022210011
220100212000
220101121101
220102000100
220102000110
220102100100
220102110010
220110221101
220111022110
220111100011
220112012001
220120200011
220121112000
220121112111
220122021010
220122021110
220200020011
220200212110
220201202001
220202111101
220210002000
220210002111
220211211010
220211211110
220212120011
220220011101
220221000010
220221020100
220221220100
220221220110
220222102000
221000220101
221001102100
221001102110
221001202100
221001212010
221002011000
221010121110
221010202011
221011111001
221012020101
221020211000
221020211111
221021120010
221021120110
221022002011
221100001001
221101210101
221102011110
221102122011
221110010010
221110010110
221111222011
221112101000
221112101111
221120022100
221120022110
221120102010
221120122100
221121201000
221122110101
221200112011
221201021000
221201021111
221202200010
221202200110
221210121000
221211000101
221212012100
221212022010
221212212100
221212212110
221220100101
221221012011
221221201110
221222221001
222000012101
222001110110
222001221011
222002100001
222010021011
222011200000
222011200111
222012112010
222012112110
222020000000
222021212101
222022121100
222022121110
222022201010
222022221100
222100120000
222100120111
222101002010
222101002110
222102211011
222110102101
222111011100
222111011110
222111111100
222111121010
222112220000
222120000110
222120111011
222121020001
222122202101
222200001100
222200011010
222200201100
222200201110
222201110000
222202022101
222210210001
222211122101
222212001011
222212220110
222220222010
222220222110
222221101011
222222010000
222222010111