0000000000000
0000000000001
0000000000110
0000000000111
0000011111010
0000011111101
0000022220011
0000022220100
0000101220010
0000101220101
0000112001011
0000112001100
0000120110000
0000120110110
0000120111011
0000202110011
0000202110100
0000210221000
0000210221001
0000210221110
0000210221111
0000221000010
0000221000101
0001002010010
0001002010101
0001010120011
0001010120100
0001021201000
0001021201001
0001021201110
0001021201111
0001100200011
0001100200100
0001111010000
0001111010001
0001111010110
0001111010111
0001122121010
0001122121101
0001201120000
0001201120110
0001201121011
0001212200010
0001212200101
0001220011011
0001220011100
0002001021011
0002001021100
0002012100000
0002012100110
0002012101101
0002020210010
0002020210101
0002102211000
0002102211001
0002102211110
0002102211111
0002110020010
0002110020101
0002121100011
0002121100100
0002200101010
0002200101101
0002211210011
0002211210100
0002222020000
0002222020001
0002222020110
0002222020111
0010002201010
0010002201101
0010010010011
0010010010100
0010021120000
0010021120001
0010021120110
0010021120111
0010100121011
0010100121100
0010111200000
0010111200110
0010111201101
0010122010010
0010122010101
0010201011000
0010201011001
0010201011110
0010201011111
0010212120010
0010212120101
0010220200011
0010220200100
0011001210011
0011001210100
0011012021000
0011012021001
0011012021110
0011012021111
0011020100010
0011020100101
0011102100000
0011102100001
0011102100110
0011102100111
0011110211010
0011110211101
0011121020011
0011121020100
0011200020010
0011200020101
0011211101011
0011211101100
0011222210000
0011222210110
0011222211011
0012000220000
0012000220110
0012000221101
0012011000010
0012011000101
0012022111011
0012022111100
0012101110010
0012101110101
0012112220011
0012112220100
0012120001000
0012120001001
0012120001110
0012120001111
0012202000011
0012202000100
0012210110000
0012210110001
0012210110110
0012210110111
0012221221010
0012221221101
0020001100011
0020001100100
0020012210000
0020012210001
0020012210110
0020012210111
0020020021010
0020020021101
0020102020000
0020102020110
0020102021101
0020110100010
0020110100101
0020121211011
0020121211100
0020200210010
0020200210101
0020211020011
0020211020100
0020222101000
0020222101001
0020222101110
0020222101111
0021000111000
0021000111001
0021000111110
0021000111111
0021011220010
0021011220101
0021022000011
0021022000100
0021101001010
0021101001101
0021112110011
0021112110100
0021120220000
0021120220001
0021120220110
0021120220111
0021202221011
0021202221100
0021210000000
0021210000110
0021210001011
0021221110010
0021221110101
0022002120010
0022002120101
0022010201011
0022010201100
0022021010000
0022021010110
0022021011011
0022100010011
0022100010100
0022111121000
0022111121001
0022111121110
0022111121111
0022122200010
0022122200101
0022201200000
0022201200001
0022201200110
0022201200111
0022212011010
0022212011101
0022220120011
0022220120100
0100000120010
0100000120101
0100011200011
0100011200100
0100022011000
0100022011001
0100022011110
0100022011111
0100101010011
0100101010100
0100112120000
0100112120001
0100112120110
0100112120111
0100120201010
0100120201101
0100202200000
0100202200110
0100202201101
0100210010010
0100210010101
0100221121011
0100221121100
0101002101011
0101002101100
0101010210000
0101010210110
0101010211011
0101021020010
0101021020101
0101100021000
0101100021001
0101100021110
0101100021111
0101111100010
0101111100101
0101122210011
0101122210100
0101201211010
0101201211101
0101212020011
0101212020100
0101220100000
0101220100001
0101220100110
0101220100111
0102001110000
0102001110001
0102001110110
0102001110111
0102012221010
0102012221101
0102020000011
0102020000100
0102102000010
0102102000101
0102110111011
0102110111100
0102121220000
0102121220110
0102121221011
0102200220011
0102200220100
0102211001000
0102211001001
0102211001110
0102211001111
0102222110010
0102222110101
0110002020011
0110002020100
0110010101000
0110010101001
0110010101110
0110010101111
0110021210010
0110021210101
0110100210000
0110100210001
0110100210110
0110100210111
0110111021010
0110111021101
0110122100011
0110122100100
0110201100010
0110201100101
0110212211011
0110212211100
0110220020000
0110220020110
0110220021011
0111001000000
0111001000110
0111001001011
0111012110010
0111012110101
0111020221011
0111020221100
0111102220010
0111102220101
0111110000011
0111110000100
0111121111000
0111121111001
0111121111110
0111121111111
0111200110011
0111200110100
0111211220000
0111211220001
0111211220110
0111211220111
0111222001010
0111222001101
0112000011010
0112000011101
0112011120011
0112011120100
0112022200000
0112022200001
0112022200110
0112022200111
0112101201011
0112101201100
0112112010000
0112112010110
0112112011101
0112120120010
0112120120101
0112202121000
0112202121001
0112202121110
0112202121111
0112210200010
0112210200101
0112221010011
0112221010100
0120001221000
0120001221001
0120001221110
0120001221111
0120012000010
0120012000101
0120020110011
0120020110100
0120102111010
0120102111101
0120110220011
0120110220100
0120121000000
0120121000001
0120121000110
0120121000111
0120200001011
0120200001100
0120211110000
0120211110110
0120211111101
0120222220010
0120222220101
0121000200010
0121000200101
0121011011011
0121011011100
0121022120000
0121022120110
0121022121011
0121101120011
0121101120100
0121112201000
0121112201001
0121112201110
0121112201111
0121120010010
0121120010101
0121202010000
0121202010001
0121202010110
0121202010111
0121210121010
0121210121101
0121221200011
0121221200100
0122002210011
0122002210100
0122010020000
0122010020001
0122010020110
0122010020111
0122021101010
0122021101101
0122100100000
0122100100110
0122100101011
0122111210010
0122111210101
0122122021011
0122122021100
0122201020010
0122201020101
0122212100011
0122212100100
0122220211000
0122220211001
0122220211110
0122220211111
0200000211011
0200000211100
0200011020000
0200011020110
0200011021011
0200022100010
0200022100101
0200101101000
0200101101001
0200101101110
0200101101111
0200112210010
0200112210101
0200120020011
0200120020100
0200202021010
0200202021101
0200210100011
0200210100100
0200221210000
0200221210001
0200221210110
0200221210111
0201002220000
0201002220001
0201002220110
0201002220111
0201010001010
0201010001101
0201021110011
0201021110100
0201100110010
0201100110101
0201111221011
0201111221100
0201122000000
0201122000110
0201122001011
0201201000011
0201201000100
0201212111000
0201212111001
0201212111110
0201212111111
0201220220010
0201220220101
0202001200010
0202001200101
0202012010011
0202012010100
0202020121000
0202020121001
0202020121110
0202020121111
0202102120011
0202102120100
0202110200000
0202110200001
0202110200110
0202110200111
0202121011010
0202121011101
0202200010000
0202200010110
0202200011101
0202211120010
0202211120101
0202222201011
0202222201100
0210002110000
0210002110110
0210002111011
0210010220010
0210010220101
0210021001011
0210021001100
0210100000010
0210100000101
0210111110011
0210111110100
0210122221000
0210122221001
0210122221110
0210122221111
0210201220011
0210201220100
0210212000000
0210212000001
0210212000110
0210212000111
0210220111010
0210220111101
0211001121010
0211001121101
0211012200011
0211012200100
0211020010000
0211020010001
0211020010110
0211020010111
0211102011011
0211102011100
0211110120000
0211110120110
0211110121101
0211121200010
0211121200101
0211200201000
0211200201001
0211200201110
0211200201111
0211211010010
0211211010101
0211222120011
0211222120100
0212000100011
0212000100100
0212011211000
0212011211001
0212011211110
0212011211111
0212022020010
0212022020101
0212101020000
0212101020001
0212101020110
0212101020111
0212112101010
0212112101101
0212120210011
0212120210100
0212202210010
0212202210101
0212210021011
0212210021100
0212221100000
0212221100110
0212221101011
0220001010010
0220001010101
0220012121011
0220012121100
0220020200000
0220020200110
0220020201011
0220102200011
0220102200100
0220110011000
0220110011001
0220110011110
0220110011111
0220121120010
0220121120101
0220200120000
0220200120001
0220200120110
0220200120111
0220211201010
0220211201101
0220222010011
0220222010100
0221000020011
0221000020100
0221011100000
0221011100001
0221011100110
0221011100111
0221022211010
0221022211101
0221101210000
0221101210110
0221101211011
0221112020010
0221112020101
0221120101011
0221120101100
0221202100010
0221202100101
0221210210011
0221210210100
0221221021000
0221221021001
0221221021110
0221221021111
0222002001000
0222002001001
0222002001110
0222002001111
0222010110010
0222010110101
0222021220011
0222021220100
0222100221010
0222100221101
0222111000011
0222111000100
0222122110000
0222122110001
0222122110110
0222122110111
0222201111011
0222201111100
0222212220000
0222212220110
0222212221101
0222220000010
0222220000101
1000001210000
1000001210110
1000001211101
1000012020010
1000012020101
1000020101011
1000020101100
1000102100010
1000102100101
1000110210011
1000110210100
1000121021000
1000121021001
1000121021110
1000121021111
1000200020011
1000200020100
1000211100000
1000211100001
1000211100110
1000211100111
1000222211010
1000222211101
1001000221010
1001000221101
1001011000011
1001011000100
1001022110000
1001022110001
1001022110110
1001022110111
1001101111011
1001101111100
1001112220000
1001112220110
1001112221011
1001120000010
1001120000101
1001202001000
1001202001001
1001202001110
1001202001111
1001210110010
1001210110101
1001221220011
1001221220100
1002002200011
1002002200100
1002010011000
1002010011001
1002010011110
1002010011111
1002021120010
1002021120101
1002100120000
1002100120001
1002100120110
1002100120111
1002111201010
1002111201101
1002122010011
1002122010100
1002201010010
1002201010101
1002212121011
1002212121100
1002220200000
1002220200110
1002220201011
1010000110010
1010000110101
1010011221011
1010011221100
1010022000000
1010022000110
1010022001011
1010101000011
1010101000100
1010112111000
1010112111001
1010112111110
1010112111111
1010120220010
1010120220101
1010202220000
1010202220001
1010202220110
1010202220111
1010210001010
1010210001101
1010221110011
1010221110100
1011002120011
1011002120100
1011010200000
1011010200001
1011010200110
1011010200111
1011021011010
1011021011101
1011100010000
1011100010110
1011100011101
1011111120010
1011111120101
1011122201011
1011122201100
1011201200010
1011201200101
1011212010011
1011212010100
1011220121000
1011220121001
1011220121110
1011220121111
1012001101000
1012001101001
1012001101110
1012001101111
1012012210010
1012012210101
1012020020011
1012020020100
1012102021010
1012102021101
1012110100011
1012110100100
1012121210000
1012121210001
1012121210110
1012121210111
1012200211011
1012200211100
1012211020000
1012211020110
1012211021011
1012222100010
1012222100101
1020002011011
1020002011100
1020010120000
1020010120110
1020010121101
1020021200010
1020021200101
1020100201000
1020100201001
1020100201110
1020100201111
1020111010010
1020111010101
1020122120011
1020122120100
1020201121010
1020201121101
1020212200011
1020212200100
1020220010000
1020220010001
1020220010110
1020220010111
1021001020000
1021001020001
1021001020110
1021001020111
1021012101010
1021012101101
1021020210011
1021020210100
1021102210010
1021102210101
1021110021011
1021110021100
1021121100000
1021121100110
1021121101101
1021200100011
1021200100100
1021211211000
1021211211001
1021211211110
1021211211111
1021222020010
1021222020101
1022000000010
1022000000101
1022011110011
1022011110100
1022022221000
1022022221001
1022022221110
1022022221111
1022101220011
1022101220100
1022112000000
1022112000001
1022112000110
1022112000111
1022120111010
1022120111101
1022202110000
1022202110110
1022202111101
1022210220010
1022210220101
1022221001011
1022221001100
1100001001010
1100001001101
1100012110011
1100012110100
1100020220000
1100020220001
1100020220110
1100020220111
1100102221011
1100102221100
1100110000000
1100110000110
1100110001011
1100121110010
1100121110101
1100200111000
1100200111001
1100200111110
1100200111111
1100211220010
1100211220101
1100222000011
1100222000100
1101000010011
1101000010100
1101011121000
1101011121001
1101011121110
1101011121111
1101022200010
1101022200101
1101101200000
1101101200001
1101101200110
1101101200111
1101112011010
1101112011101
1101120120011
1101120120100
1101202120010
1101202120101
1101210201011
1101210201100
1101221010000
1101221010110
1101221011101
1102002020000
1102002020110
1102002021011
1102010100010
1102010100101
1102021211011
1102021211100
1102100210010
1102100210101
1102111020011
1102111020100
1102122101000
1102122101001
1102122101110
1102122101111
1102201100011
1102201100100
1102212210000
1102212210001
1102212210110
1102212210111
1102220021010
1102220021101
1110000200011
1110000200100
1110011010000
1110011010001
1110011010110
1110011010111
1110022121010
1110022121101
1110101120000
1110101120110
1110101121101
1110112200010
1110112200101
1110120011011
1110120011100
1110202010010
1110202010101
1110210120011
1110210120100
1110221201000
1110221201001
1110221201110
1110221201111
1111002211000
1111002211001
1111002211110
1111002211111
1111010020010
1111010020101
1111021100011
1111021100100
1111100101010
1111100101101
1111111210011
1111111210100
1111122020000
1111122020001
1111122020110
1111122020111
1111201021011
1111201021100
1111212100000
1111212100110
1111212101101
1111220210010
1111220210101
1112001220010
1112001220101
1112012001011
1112012001100
1112020110000
1112020110110
1112020111101
1112102110011
1112102110100
1112110221000
1112110221001
1112110221110
1112110221111
1112121000010
1112121000101
1112200000000
1112200000001
1112200000110
1112200000111
1112211111010
1112211111101
1112222220011
1112222220100
1120002100000
1120002100001
1120002100110
1120002100111
1120010211010
1120010211101
1120021020011
1120021020100
1120100020010
1120100020101
1120111101011
1120111101100
1120122210000
1120122210110
1120122211011
1120201210011
1120201210100
1120212021000
1120212021001
1120212021110
1120212021111
1120220100010
1120220100101
1121001110010
1121001110101
1121012220011
1121012220100
1121020001000
1121020001001
1121020001110
1121020001111
1121102000011
1121102000100
1121110110000
1121110110001
1121110110110
1121110110111
1121121221010
1121121221101
1121200220000
1121200220110
1121200221101
1121211000010
1121211000101
1121222111011
1121222111100
1122000121011
1122000121100
1122011200000
1122011200110
1122011201011
1122022010010
1122022010101
1122101011000
1122101011001
1122101011110
1122101011111
1122112120010
1122112120101
1122120200011
1122120200100
1122202201010
1122202201101
1122210010011
1122210010100
1122221120000
1122221120001
1122221120110
1122221120111
1200001120011
1200001120100
1200012201000
1200012201001
1200012201110
1200012201111
1200020010010
1200020010101
1200102010000
1200102010001
1200102010110
1200102010111
1200110121010
1200110121101
1200121200011
1200121200100
1200200200010
1200200200101
1200211011011
1200211011100
1200222120000
1200222120110
1200222121101
1201000100000
1201000100110
1201000101101
1201011210010
1201011210101
1201022021011
1201022021100
1201101020010
1201101020101
1201112100011
1201112100100
1201120211000
1201120211001
1201120211110
1201120211111
1201202210011
1201202210100
1201210020000
1201210020001
1201210020110
1201210020111
1201221101010
1201221101101
1202002111010
1202002111101
1202010220011
1202010220100
1202021000000
1202021000001
1202021000110
1202021000111
1202100001011
1202100001100
1202111110000
1202111110110
1202111111101
1202122220010
1202122220101
1202201221000
1202201221001
1202201221110
1202201221111
1202212000010
1202212000101
1202220110011
1202220110100
1210000021000
1210000021001
1210000021110
1210000021111
1210011100010
1210011100101
1210022210011
1210022210100
1210101211010
1210101211101
1210112020011
1210112020100
1210120100000
1210120100001
1210120100110
1210120100111
1210202101011
1210202101100
1210210210000
1210210210110
1210210211011
1210221020010
1210221020101
1211002000010
1211002000101
1211010111011
1211010111100
1211021220000
1211021220110
1211021221011
1211100220011
1211100220100
1211111001000
1211111001001
1211111001110
1211111001111
1211122110010
1211122110101
1211201110000
1211201110001
1211201110110
1211201110111
1211212221010
1211212221101
1211220000011
1211220000100
1212001010011
1212001010100
1212012120000
1212012120001
1212012120110
1212012120111
1212020201010
1212020201101
1212102200000
1212102200110
1212102201101
1212110010010
1212110010101
1212121121011
1212121121100
1212200120010
1212200120101
1212211200011
1212211200100
1212222011000
1212222011001
1212222011110
1212222011111
1220002220010
1220002220101
1220010000011
1220010000100
1220021111000
1220021111001
1220021111110
1220021111111
1220100110011
1220100110100
1220111220000
1220111220001
1220111220110
1220111220111
1220122001010
1220122001101
1220201000000
1220201000110
1220201001011
1220212110010
1220212110101
1220220221011
1220220221100
1221001201011
1221001201100
1221012010000
1221012010110
1221012011011
1221020120010
1221020120101
1221102121000
1221102121001
1221102121110
1221102121111
1221110200010
1221110200101
1221121010011
1221121010100
1221200011010
1221200011101
1221211120011
1221211120100
1221222200000
1221222200001
1221222200110
1221222200111
1222000210000
1222000210001
1222000210110
1222000210111
1222011021010
1222011021101
1222022100011
1222022100100
1222101100010
1222101100101
1222112211011
1222112211100
1222120020000
1222120020110
1222120021011
1222202020011
1222202020100
1222210101000
1222210101001
1222210101110
1222210101111
1222221210010
1222221210101
2000002121000
2000002121001
2000002121110
2000002121111
2000010200010
2000010200101
2000021010011
2000021010100
2000100011010
2000100011101
2000111120011
2000111120100
2000122200000
2000122200001
2000122200110
2000122200111
2000201201011
2000201201100
2000212010000
2000212010110
2000212011011
2000220120010
2000220120101
2001001100010
2001001100101
2001012211011
2001012211100
2001020020000
2001020020110
2001020021101
2001102020011
2001102020100
2001110101000
2001110101001
2001110101110
2001110101111
2001121210010
2001121210101
2001200210000
2001200210001
2001200210110
2001200210111
2001211021010
2001211021101
2001222100011
2001222100100
2002000110011
2002000110100
2002011220000
2002011220001
2002011220110
2002011220111
2002022001010
2002022001101
2002101000000
2002101000110
2002101001011
2002112110010
2002112110101
2002120221011
2002120221100
2002202220010
2002202220101
2002210000011
2002210000100
2002221111000
2002221111001
2002221111110
2002221111111
2010001020010
2010001020101
2010012100011
2010012100100
2010020211000
2010020211001
2010020211110
2010020211111
2010102210011
2010102210100
2010110020000
2010110020001
2010110020110
2010110020111
2010121101010
2010121101101
2010200100000
2010200100110
2010200101011
2010211210010
2010211210101
2010222021011
2010222021100
2011000001011
2011000001100
2011011110000
2011011110110
2011011111101
2011022220010
2011022220101
2011101221000
2011101221001
2011101221110
2011101221111
2011112000010
2011112000101
2011120110011
2011120110100
2011202111010
2011202111101
2011210220011
2011210220100
2011221000000
2011221000001
2011221000110
2011221000111
2012002010000
2012002010001
2012002010110
2012002010111
2012010121010
2012010121101
2012021200011
2012021200100
2012100200010
2012100200101
2012111011011
2012111011100
2012122120000
2012122120110
2012122121101
2012201120011
2012201120100
2012212201000
2012212201001
2012212201110
2012212201111
2012220010010
2012220010101
2020000220011
2020000220100
2020011001000
2020011001001
2020011001110
2020011001111
2020022110010
2020022110101
2020101110000
2020101110001
2020101110110
2020101110111
2020112221010
2020112221101
2020120000011
2020120000100
2020202000010
2020202000101
2020210111011
2020210111100
2020221220000
2020221220110
2020221221011
2021002200000
2021002200110
2021002201011
2021010010010
2021010010101
2021021121011
2021021121100
2021100120010
2021100120101
2021111200011
2021111200100
2021122011000
2021122011001
2021122011110
2021122011111
2021201010011
2021201010100
2021212120000
2021212120001
2021212120110
2021212120111
2021220201010
2021220201101
2022001211010
2022001211101
2022012020011
2022012020100
2022020100000
2022020100001
2022020100110
2022020100111
2022102101011
2022102101100
2022110210000
2022110210110
2022110211101
2022121020010
2022121020101
2022200021000
2022200021001
2022200021110
2022200021111
2022211100010
2022211100101
2022222210011
2022222210100
2100002210010
2100002210101
2100010021011
2100010021100
2100021100000
2100021100110
2100021101101
2100100100011
2100100100100
2100111211000
2100111211001
2100111211110
2100111211111
2100122020010
2100122020101
2100201020000
2100201020001
2100201020110
2100201020111
2100212101010
2100212101101
2100220210011
2100220210100
2101001220011
2101001220100
2101012000000
2101012000001
2101012000110
2101012000111
2101020111010
2101020111101
2101102110000
2101102110110
2101102111101
2101110220010
2101110220101
2101121001011
2101121001100
2101200000010
2101200000101
2101211110011
2101211110100
2101222221000
2101222221001
2101222221110
2101222221111
2102000201000
2102000201001
2102000201110
2102000201111
2102011010010
2102011010101
2102022120011
2102022120100
2102101121010
2102101121101
2102112200011
2102112200100
2102120010000
2102120010001
2102120010110
2102120010111
2102202011011
2102202011100
2102210120000
2102210120110
2102210121101
2102221200010
2102221200101
2110001111011
2110001111100
2110012220000
2110012220110
2110012221101
2110020000010
2110020000101
2110102001000
2110102001001
2110102001110
2110102001111
2110110110010
2110110110101
2110121220011
2110121220100
2110200221010
2110200221101
2110211000011
2110211000100
2110222110000
2110222110001
2110222110110
2110222110111
2111000120000
2111000120001
2111000120110
2111000120111
2111011201010
2111011201101
2111022010011
2111022010100
2111101010010
2111101010101
2111112121011
2111112121100
2111120200000
2111120200110
2111120201011
2111202200011
2111202200100
2111210011000
2111210011001
2111210011110
2111210011111
2111221120010
2111221120101
2112002100010
2112002100101
2112010210011
2112010210100
2112021021000
2112021021001
2112021021110
2112021021111
2112100020011
2112100020100
2112111100000
2112111100001
2112111100110
2112111100111
2112122211010
2112122211101
2112201210000
2112201210110
2112201211011
2112212020010
2112212020101
2112220101011
2112220101100
2120000010000
2120000010110
2120000011011
2120011120010
2120011120101
2120022201011
2120022201100
2120101200010
2120101200101
2120112010011
2120112010100
2120120121000
2120120121001
2120120121110
2120120121111
2120202120011
2120202120100
2120210200000
2120210200001
2120210200110
2120210200111
2120221011010
2120221011101
2121002021010
2121002021101
2121010100011
2121010100100
2121021210000
2121021210001
2121021210110
2121021210111
2121100211011
2121100211100
2121111020000
2121111020110
2121111021101
2121122100010
2121122100101
2121201101000
2121201101001
2121201101110
2121201101111
2121212210010
2121212210101
2121220020011
2121220020100
2122001000011
2122001000100
2122012111000
2122012111001
2122012111110
2122012111111
2122020220010
2122020220101
2122102220000
2122102220001
2122102220110
2122102220111
2122110001010
2122110001101
2122121110011
2122121110100
2122200110010
2122200110101
2122211221011
2122211221100
2122222000000
2122222000110
2122222001011
2200002000011
2200002000100
2200010110000
2200010110001
2200010110110
2200010110111
2200021221010
2200021221101
2200100220000
2200100220110
2200100221011
2200111000010
2200111000101
2200122111011
2200122111100
2200201110010
2200201110101
2200212220011
2200212220100
2200220001000
2200220001001
2200220001110
2200220001111
2201001011000
2201001011001
2201001011110
2201001011111
2201012120010
2201012120101
2201020200011
2201020200100
2201102201010
2201102201101
2201110010011
2201110010100
2201121120000
2201121120001
2201121120110
2201121120111
2201200121011
2201200121100
2201211200000
2201211200110
2201211201101
2201222010010
2201222010101
2202000020010
2202000020101
2202011101011
2202011101100
2202022210000
2202022210110
2202022211011
2202101210011
2202101210100
2202112021000
2202112021001
2202112021110
2202112021111
2202120100010
2202120100101
2202202100000
2202202100001
2202202100110
2202202100111
2202210211010
2202210211101
2202221020011
2202221020100
2210001200000
2210001200001
2210001200110
2210001200111
2210012011010
2210012011101
2210020120011
2210020120100
2210102120010
2210102120101
2210110201011
2210110201100
2210121010000
2210121010110
2210121011011
2210200010011
2210200010100
2210211121000
2210211121001
2210211121110
2210211121111
2210222200010
2210222200101
2211000210010
2211000210101
2211011020011
2211011020100
2211022101000
2211022101001
2211022101110
2211022101111
2211101100011
2211101100100
2211112210000
2211112210001
2211112210110
2211112210111
2211120021010
2211120021101
2211202020000
2211202020110
2211202021101
2211210100010
2211210100101
2211221211011
2211221211100
2212002221011
2212002221100
2212010000000
2212010000110
2212010001101
2212021110010
2212021110101
2212100111000
2212100111001
2212100111110
2212100111111
2212111220010
2212111220101
2212122000011
2212122000100
2212201001010
2212201001101
2212212110011
2212212110100
2212220220000
2212220220001
2212220220110
2212220220111
2220000101010
2220000101101
2220011210011
2220011210100
2220022020000
2220022020001
2220022020110
2220022020111
2220101021011
2220101021100
2220112100000
2220112100110
2220112101101
2220120210010
2220120210101
2220202211000
2220202211001
2220202211110
2220202211111
2220210020010
2220210020101
2220221100011
2220221100100
2221002110011
2221002110100
2221010221000
2221010221001
2221010221110
2221010221111
2221021000010
2221021000101
2221100000000
2221100000001
2221100000110
2221100000111
2221111111010
2221111111101
2221122220011
2221122220100
2221201220010
2221201220101
2221212001011
2221212001100
2221220110000
2221220110110
2221220111101
2222001120000
2222001120110
2222001121011
2222012200010
2222012200101
2222020011011
2222020011100
2222102010010
2222102010101
2222110120011
2222110120100
2222121201000
2222121201001
2222121201110
2222121201111
2222200200011
2222200200100
2222211010000
2222211010001
2222211010110
2222211010111
2222222121010
2222222121101