0010000000
0010011021
0010012211
0010021120
0010101221
0010112020
0010122101
0010202110
0010210121
0010211200
0010221011
0011001111
0011002220
0011010110
0011011101
0011020200
0011020221
0011100111
0011101001
0011101010
0011101100
0011110000
0011110011
0011111220
0011200200
0011202021
0011202201
0011211211
0011212120
0011220001
0011220020
0011221210
0011222000
0012000000
0012000001
0012021120
0012022010
0012102200
0012112020
0012120210
0012122101
0012210121
0012211200
0012221011
0100000001
0100010220
0100020111
0100102200
0100111110
0100111111
0100120021
0100120210
0100201020
0100201101
0100212001
0100220100
0100222220
0101000110
0101000221
0101001011
0101002020
0101010101
0101011000
0101011010
0101022021
0101022200
0101100101
0101110100
0101112121
0101112210
0101121211
0101122110
0101200220
0101211221
0101221121
0101222111
0102001210
0102002121
0102012211
0102021201
0102100120
0102111110
0102120021
0102121000
0102200211
0102202110
0102210010
0102212001
0220001210
0220002121
0220012100
0220021201
0220022010
0220100120
0220102011
0220110201
0220121000
0220200211
0220210010
0220222221
0221001100
0221002201
0221010011
0221020020
0221022001
0221100010
0221111001
0221112221
0221121121
0221121220
0221122120
0221122211
0221200021
0221202000
0221211120
0221212111
0221212210
0221220201
0221221110
0222010220
0222011021
0222012100
0222020111
0222101221
0222102011
0222110201
0222111111
0222201020
0222201101
0222220100
0222222220
0222222221
1000001210
1000002121
1000012100
1000021201
1000022010
1000100120
1000102011
1000110201
1000121000
1000200211
1000210010
1000222221
1001001100
1001002201
1001010011
1001020020
1001022001
1001100010
1001111001
1001112221
1001121121
1001121220
1001122120
1001122211
1001200021
1001202000
1001211120
1001212111
1001212210
1001220201
1001221110
1002010220
1002011021
1002012100
1002020111
1002101221
1002102011
1002110201
1002111111
1002201020
1002201101
1002220100
1002222220
1002222221
1120000000
1120011021
1120012211
1120021120
1120101221
1120112020
1120122101
1120202110
1120210121
1120211200
1120221011
1121001111
1121002220
1121010110
1121011101
1121020200
1121020221
1121100111
1121101001
1121101010
1121101100
1121110000
1121110011
1121111220
1121200200
1121202021
1121202201
1121211211
1121212120
1121220001
1121220020
1121221210
1121222000
1122000000
1122000001
1122021120
1122022010
1122102200
1122112020
1122120210
1122122101
1122210121
1122211200
1122221011
1210000001
1210010220
1210020111
1210102200
1210111110
1210111111
1210120021
1210120210
1210201020
1210201101
1210212001
1210220100
1210222220
1211000110
1211000221
1211001011
1211002020
1211010101
1211011000
1211011010
1211022021
1211022200
1211100101
1211110100
1211112121
1211112210
1211121211
1211122110
1211200220
1211211221
1211221121
1211222111
1212001210
1212002121
1212012211
1212021201
1212100120
1212111110
1212120021
1212121000
1212200211
1212202110
1212210010
1212212001
2020000001
2020010220
2020020111
2020102200
2020111110
2020111111
2020120021
2020120210
2020201020
2020201101
2020212001
2020220100
2020222220
2021000110
2021000221
2021001011
2021002020
2021010101
2021011000
2021011010
2021022021
2021022200
2021100101
2021110100
2021112121
2021112210
2021121211
2021122110
2021200220
2021211221
2021221121
2021222111
2022001210
2022002121
2022012211
2022021201
2022100120
2022111110
2022120021
2022121000
2022200211
2022202110
2022210010
2022212001
2110001210
2110002121
2110012100
2110021201
2110022010
2110100120
2110102011
2110110201
2110121000
2110200211
2110210010
2110222221
2111001100
2111002201
2111010011
2111020020
2111022001
2111100010
2111111001
2111112221
2111121121
2111121220
2111122120
2111122211
2111200021
2111202000
2111211120
2111212111
2111212210
2111220201
2111221110
2112010220
2112011021
2112012100
2112020111
2112101221
2112102011
2112110201
2112111111
2112201020
2112201101
2112220100
2112222220
2112222221
2200000000
2200011021
2200012211
2200021120
2200101221
2200112020
2200122101
2200202110
2200210121
2200211200
2200221011
2201001111
2201002220
2201010110
2201011101
2201020200
2201020221
2201100111
2201101001
2201101010
2201101100
2201110000
2201110011
2201111220
2201200200
2201202021
2201202201
2201211211
2201212120
2201220001
2201220020
2201221210
2201222000
2202000000
2202000001
2202021120
2202022010
2202102200
2202112020
2202120210
2202122101
2202210121
2202211200
2202221011