001000010
001000121
001002002
001010200
001011110
001020021
001021022
001022120
001101100
001102210
001110002
001111001
001111012
001111220
001112122
001120112
001122201
001200222
001210001
001211011
001212010
001212221
001221101
001221212
010001122
010001201
010010222
010011021
010012020
010020102
010022011
010100100
010100222
010101012
010102021
010110111
010112100
010120020
010120201
010122202
010202111
010202112
010202200
010210012
010220210
010221121
010221210
010222000
022000222
022001211
022001221
022012101
022012212
022020112
022021000
022022220
022102100
022110011
022110211
022121111
022121121
022121202
022122010
022200001
022201020
022202110
022210120
022211002
022211102
022211202
022220102
022220211
022222022
100000222
100001211
100001221
100012101
100012212
100020112
100021000
100022220
100102100
100110011
100110211
100121111
100121121
100121202
100122010
100200001
100201020
100202110
100210120
100211002
100211102
100211202
100220102
100220211
100222022
112000010
112000121
112002002
112010200
112011110
112020021
112021022
112022120
112101100
112102210
112110002
112111001
112111012
112111220
112112122
112120112
112122201
112200222
112210001
112211011
112212010
112212221
112221101
112221212
121001122
121001201
121010222
121011021
121012020
121020102
121022011
121100100
121100222
121101012
121102021
121110111
121112100
121120020
121120201
121122202
121202111
121202112
121202200
121210012
121220210
121221121
121221210
121222000
202001122
202001201
202010222
202011021
202012020
202020102
202022011
202100100
202100222
202101012
202102021
202110111
202112100
202120020
202120201
202122202
202202111
202202112
202202200
202210012
202220210
202221121
202221210
202222000
211000222
211001211
211001221
211012101
211012212
211020112
211021000
211022220
211102100
211110011
211110211
211121111
211121121
211121202
211122010
211200001
211201020
211202110
211210120
211211002
211211102
211211202
211220102
211220211
211222022
220000010
220000121
220002002
220010200
220011110
220020021
220021022
220022120
220101100
220102210
220110002
220111001
220111012
220111220
220112122
220120112
220122201
220200222
220210001
220211011
220212010
220212221
220221101
220221212