000000000
000001111
000010011
000010101
000011001
000101100
000110001
000110110
000111010
001000111
001001010
001011100
001100100
001101001
001110010
001111111
010000110
010001011
010011100
010100101
010101000
010110010
010111111
011001100
011010000
011010001
011011111
011100011
011110110
011111010
011111101
100000100
100001000
100010000
100011110
100100010
100100011
100100111
100101011
100111101
101000001
101001101
101010110
101011011
101101110
101110101
101111000
110000001
110001101
110010111
110011010
110101110
110110100
110111001
111000010
111000101
111001001
111011100
111100000
111101110
111101111
111110011