000000000000
000000001011
000000010100
000000010101
000000100111
000000101100
000001010010
000001100001
000001101001
000001111110
000001111111
000010001110
000010010000
000010110110
000010111001
000010111011
000011000011
000011000111
000011011100
000011011101
000011100100
000011101010
000100010000
000100011000
000100011111
000100100010
000100101100
000101000100
000101000101
000101001010
000101011111
000101110011
000101111011
000110001001
000110001110
000110010011
000110100010
000110100101
000110110101
000111001001
000111010110
000111101111
000111110000
000111111000
001000000110
001000001011
001000010000
001000110000
001000111101
001001001000
001001001100
001001010111
001001011111
001001100010
001001111011
001010000101
001010001101
001010011010
001010100011
001010101000
001010110110
001011010001
001011011010
001011100100
001011101111
001011110001
001100000001
001100000110
001100100001
001100101111
001100110111
001100111010
001100111101
001100111110
001101011001
001101011011
001101011111
001101100111
001101101101
001101101110
001101110100
001101110101
001101110110
001101111100
001110010011
001110010100
001110011100
001110101000
001110111111
001111000000
001111000010
001111101011
001111110111
001111111101
001111111110
010000001101
010000010000
010000011110
010000101010
010000110011
010001000110
010001001101
010001011011
010001100110
010001110101
010001111000
010010000100
010010010111
010010100000
010010100001
010010101111
010010111100
010011001000
010011011011
010011101111
010011110010
010011110101
010100000011
010100000111
010100101001
010100110100
010100110110
010100111001
010101001010
010101010001
010101011100
010101100000
010101101111
010110000000
010110000100
010110011010
010110011101
010110111010
010111010001
010111010110
010111100011
010111101011
010111101100
010111111111
011000011001
011000011110
011000100100
011000100101
011000101010
011000110011
011001000001
011001000011
011001010100
011001101111
011001111000
011010000000
011010000010
011010010111
011010011001
011010111100
011011001110
011011010100
011011101001
011011101011
011011110010
011011111111
011100001000
011100001100
011100010010
011100010101
011100111111
011101010010
011101100000
011101101011
011101110111
011101111101
011101111110
011110001011
011110001111
011110100110
011110100111
011110101101
011110101110
011110110000
011110110001
011111000101
011111000111
011111001101
011111001110
011111001111
011111011000
011111100101
011111100110
011111101100
011111111011
100000000100
100000010011
100000011001
100000011010
100000100111
100000110000
100000110001
100000110010
100000111000
100000111010
100001001110
100001001111
100001010001
100001010010
100001011000
100001011001
100001110000
100001110100
100010000001
100010000010
100010001000
100010010100
100010011111
100010101101
100011000000
100011101010
100011101101
100011110011
100011110111
100100000000
100100001101
100100010100
100100010110
100100101011
100100110001
100101000011
100101100110
100101101000
100101111101
100101111111
100110000111
100110010000
100110101011
100110111100
100110111110
100111001100
100111010101
100111011010
100111011011
100111100001
100111100110
101000000000
101000010011
101000010100
101000011100
101000101001
101000101110
101001000101
101001100010
101001100101
101001111011
101001111111
101010010000
101010011111
101010100011
101010101110
101010110101
101011000110
101011001001
101011001011
101011010110
101011111000
101011111100
101100001010
101100001101
101100010000
101100100100
101100110111
101101000011
101101010000
101101011110
101101011111
101101101000
101101111011
101110000111
101110001010
101110011001
101110100100
101110110010
101110111001
101111001100
101111010101
101111100001
101111101111
101111110010
110000000001
110000000010
110000001000
110000010100
110000111101
110000111111
110001000000
110001010111
110001100011
110001101011
110001101100
110010000011
110010001001
110010001010
110010001011
110010010001
110010010010
110010011000
110010100000
110010100100
110010100110
110011000001
110011000010
110011000101
110011001000
110011010000
110011011110
110011111001
110011111110
110100001110
110100010000
110100011011
110100100101
110100101110
110101001001
110101010111
110101011100
110101100101
110101110010
110101111010
110110000100
110110011101
110110100000
110110101000
110110110011
110110110111
110111000010
110111001111
110111101111
110111110100
110111111001
111000000111
111000001111
111000010000
111000101001
111000110110
111001001010
111001011010
111001011101
111001101100
111001110001
111001110110
111010000100
111010001100
111010100000
111010110101
111010111010
111010111011
111011010011
111011011101
111011100000
111011100111
111011101111
111100010101
111100011011
111100100010
111100100011
111100111000
111100111100
111101000100
111101000110
111101001001
111101101111
111101110001
111110000000
111110000001
111110010110
111110011110
111110101101
111111010011
111111011000
111111101010
111111101011
111111110100
111111111111