0000000000
0000000001
0000000010
0000000011
0000000101
0000000110
0000000111
0000001001
0000001010
0000001011
0000001100
0000001101
0000001110
0000110100
0000111000
0000111111
0001110011
0001111101
0001111110
0010110011
0010111101
0010111110
0011000100
0011001000
0011001111
0011010001
0011010010
0011011100
0011100001
0011100010
0011101100
0011110000
0011110111
0011111011
0100110001
0100110010
0100111100
0101010000
0101010100
0101010110
0101011001
0101011011
0101011111
0101100101
0101100111
0101101000
0101101010
0110010101
0110010111
0110011000
0110011010
0110100000
0110100100
0110100110
0110101001
0110101011
0110101111
0111000011
0111001101
0111001110
1000110001
1000110010
1000111100
1001010101
1001010111
1001011000
1001011010
1001100000
1001100100
1001100110
1001101001
1001101011
1001101111
1010010000
1010010100
1010010110
1010011001
1010011011
1010011111
1010100101
1010100111
1010101000
1010101010
1011000011
1011001101
1011001110
1100000100
1100001000
1100001111
1100010011
1100011101
1100011110
1100100011
1100101101
1100101110
1100110000
1100110111
1100111011
1101000001
1101000010
1101001100
1110000001
1110000010
1110001100
1111000000
1111000111
1111001011
1111110001
1111110010
1111110011
1111110100
1111110101
1111110110
1111111000
1111111001
1111111010
1111111100
1111111101
1111111110
1111111111