00000000110
00000001011
00000010101
00000101000
00000110011
00000111110
00001001100
00001010010
00001011001
00001100001
00001101111
00001110100
00010000000
00010010011
00010011100
00010101101
00011000101
00011001010
00011011111
00011100110
00011110011
00011111000
00100001100
00100010000
00100011111
00100100010
00100100101
00100111001
00101000011
00101101100
00101110111
00101111010
00110000111
00110001001
00110011010
00110101110
00110110011
00110110100
00111001100
00111010001
00111010110
00111100000
00111101011
00111111101
01000000001
01000001100
01000011010
01000100111
01000110000
01000111101
01001010111
01001100010
01001101100
01001111011
01010001111
01010010110
01010011001
01010100100
01010101010
01010110011
01011000011
01011001100
01011010000
01011101001
01011110101
01011111110
01100010011
01100101011
01100101100
01100110110
01101000000
01101000100
01101000101
01101000110
01101001000
01101001001
01101001010
01101001101
01101001110
01101001111
01101010100
01101011000
01101011100
01101011101
01101011110
01101110001
01110000010
01110001100
01110010101
01110100001
01110111000
01110111111
01111011011
01111100111
01111101100
01111110010
10000001101
10000010011
10000011000
10000100100
10001000000
10001000111
10001011110
10001101010
10001110011
10001111101
10010001110
10010100001
10010100010
10010100011
10010100111
10010101011
10010110000
10010110001
10010110010
10010110101
10010110110
10010110111
10010111001
10010111010
10010111011
10010111111
10011001001
10011010011
10011010100
10011101100
10100000001
10100001010
10100010110
10100101111
10100110011
10100111100
10101001100
10101010101
10101011011
10101100110
10101101001
10101110000
10110000100
10110010011
10110011101
10110101000
10111000010
10111001111
10111011000
10111100101
10111110011
10111111110
11000000010
11000010100
11000011111
11000101001
11000101110
11000110011
11001001011
11001001100
11001010001
11001100101
11001110110
11001111000
11010000101
11010001000
11010010011
11010111100
11011000110
11011011010
11011011101
11011100000
11011101111
11011110011
11100000111
11100001100
11100011001
11100100000
11100110101
11100111010
11101010010
11101100011
11101101100
11101111111
11110001011
11110010000
11110011110
11110100110
11110101101
11110110011
11111000001
11111001100
11111010111
11111101010
11111110100
11111111001