0000000000100
0000000001010
0000000010011
0000000100111
0000001010110
0000001011001
0000001011110
0000001101101
0000001110110
0000001111110
0000010010000
0000010011000
0000010100010
0000010111101
0000011010110
0000011011110
0000011101000
0000011110001
0000011110110
0000011111110
0000100100000
0000100100001
0000100101000
0000100101001
0000100110000
0000100110001
0000100111000
0000100111001
0000101000101
0000101001011
0000101010110
0000101011110
0000101110110
0000101111110
0000110001100
0000110010101
0000110011011
0000110101111
0000111000000
0000111010110
0000111011110
0000111100011
0000111110110
0000111111110
0001000001101
0001000001111
0001000011101
0001000011111
0001000110100
0001000111010
0001001000000
0001001000001
0001001000010
0001001000011
0001001100000
0001001100001
0001001100010
0001001100011
0001010000110
0001010010000
0001010011000
0001010101001
0001010110011
0001010110111
0001011001100
0001011010101
0001011011011
0001011101111
0001100001101
0001100001111
0001100010010
0001100011101
0001100011111
0001100100110
0001101011000
0001101101100
0001101110101
0001101111011
0001110000001
0001110001010
0001110101010
0001110110011
0001110110111
0001110111100
0001111000111
0001111001010
0001111101010
0001111110000
0010000011100
0010000111111
0010001010000
0010001100100
0010001101010
0010001110011
0010010000001
0010010000011
0010010000101
0010010000111
0010010001001
0010010001011
0010010001101
0010010001111
0010010110100
0010010111010
0010011000001
0010011000011
0010011000101
0010011000111
0010011001001
0010011001011
0010011001101
0010011001111
0010100001110
0010100010111
0010100100000
0010100100001
0010100101000
0010100101001
0010100110000
0010100110001
0010100111000
0010100111001
0010101000010
0010101011101
0010101100111
0010101101111
0010110010010
0010110100110
0010111011000
0010111101100
0010111110101
0010111111011
0011000001000
0011000010001
0011000100101
0011000101011
0011001001110
0011001010111
0011001111000
0011001111001
0011001111100
0011001111101
0011010011110
0011010100000
0011010110011
0011010110111
0011011010010
0011011100110
0011011111000
0011011111001
0011011111100
0011011111101
0011100000011
0011100000100
0011100010100
0011100111110
0011101000100
0011101001001
0011101010100
0011101100111
0011101101111
0011101110010
0011110000100
0011110001010
0011110010100
0011110011001
0011110101010
0011110101101
0011110110011
0011110110111
0011111000100
0011111001010
0011111010100
0011111011111
0011111100001
0011111101010
0100000001001
0100000010101
0100000101100
0100000101110
0100000110010
0100000110101
0100001001111
0100001010101
0100001110101
0100001111000
0100010010000
0100010011000
0100010011111
0100010100001
0100010101100
0100010101110
0100011000100
0100011001010
0100011010011
0100011100111
0100100000010
0100100000011
0100100000110
0100100000111
0100100011100
0100100111111
0100101010000
0100101100100
0100101101010
0100101110011
0100110000010
0100110000011
0100110000110
0100110000111
0100110110100
0100110111010
0100111001001
0100111001101
0100111011001
0100111011101
0100111101001
0100111101101
0100111111001
0100111111101
0101000010110
0101000101100
0101000101110
0101000111001
0101001000000
0101001000001
0101001000010
0101001000011
0101001011100
0101001100000
0101001100001
0101001100010
0101001100011
0101001111111
0101010000101
0101010001011
0101010010000
0101010011000
0101010101100
0101010101110
0101010110011
0101010110111
0101011110100
0101011111010
0101100001000
0101100010001
0101100100101
0101100101011
0101101001110
0101101010111
0101110011110
0101110100000
0101110110011
0101110110111
0101111001001
0101111001101
0101111010010
0101111011001
0101111011101
0101111100110
0101111101001
0101111101101
0101111111001
0101111111101
0110000000000
0110000010101
0110000011010
0110000011011
0110000100011
0110000101100
0110000101110
0110000110101
0110001000110
0110001010101
0110001011010
0110001011011
0110001101001
0110001110101
0110010010110
0110010101100
0110010101110
0110010111001
0110011011100
0110011100000
0110011100010
0110011110000
0110011110010
0110011111111
0110100001101
0110100011010
0110100011011
0110100110110
0110101000001
0110101011010
0110101011011
0110101100111
0110101101111
0110101111100
0110110001000
0110110010001
0110110100101
0110110101011
0110111001110
0110111010111
0110111100000
0110111100010
0110111110000
0110111110010
0111000000111
0111000011010
0111000011011
0111000101100
0111000101110
0111000110000
0111001001101
0111001011010
0111001011011
0111001110110
0111010000010
0111010011101
0111010101100
0111010101110
0111010110011
0111010110111
0111011001000
0111011010001
0111011100101
0111011101011
0111100000100
0111100010100
0111100011010
0111100011011
0111100100010
0111100111101
0111101000100
0111101010100
0111101011010
0111101011011
0111101100111
0111101101000
0111101101111
0111101110001
0111110000100
0111110001111
0111110010100
0111110110011
0111110110111
0111110111000
0111111000011
0111111000100
0111111010100
0111111111110
1000000000001
1000000101011
1000000111011
1000000111100
1000001000111
1000001001000
1000001001100
1000001101011
1000001110000
1000001111011
1000010001110
1000010010000
1000010010111
1000010011000
1000010100100
1000010100101
1000010101011
1000010111011
1000011000010
1000011011101
1000011100100
1000011100101
1000011101011
1000011111011
1000100010100
1000100011010
1000100101110
1000100110111
1000101001000
1000101001100
1000101010001
1000101010011
1000101100010
1000101111101
1000110001001
1000110100100
1000110100101
1000110110010
1000111001111
1000111010001
1000111010011
1000111100100
1000111100101
1000111111000
1001000001101
1001000001111
1001000011101
1001000011111
1001000101000
1001000110001
1001001010100
1001001011010
1001001101110
1001001110111
1001010000011
1001010010000
1001010011000
1001010100100
1001010100101
1001010111110
1001011001001
1001011100100
1001011100101
1001011110010
1001100000000
1001100001101
1001100001111
1001100011101
1001100011111
1001100100011
1001101000110
1001101010001
1001101010011
1001101101001
1001110001010
1001110010110
1001110100100
1001110100101
1001110101010
1001110111001
1001111001010
1001111010001
1001111010011
1001111011100
1001111100100
1001111100101
1001111101010
1001111111111
1010000000010
1010000000110
1010000010010
1010000010110
1010000011001
1010000100010
1010000100110
1010000101101
1010000110010
1010000110110
1010001001000
1010001001100
1010001011111
1010001100001
1010010101000
1010010110001
1010011010100
1010011011010
1010011101110
1010011110111
1010100000101
1010100001011
1010101001000
1010101001100
1010101010001
1010101010011
1010101100111
1010101101111
1010101110100
1010101111010
1010110000000
1010110011100
1010110011101
1010110011110
1010110011111
1010110100011
1010110111100
1010110111101
1010110111110
1010110111111
1010111000110
1010111010001
1010111010011
1010111101001
1011000000010
1011000000110
1011000010010
1011000010110
1011000100010
1011000100110
1011000110010
1011000110110
1011001000101
1011001001011
1011001111000
1011001111001
1011001111100
1011001111101
1011010001100
1011010010101
1011010011011
1011010101111
1011011000000
1011011100011
1011011111000
1011011111001
1011011111100
1011011111101
1011100011000
1011100101100
1011100110101
1011100111011
1011101010001
1011101010011
1011101011110
1011101100000
1011101100111
1011101101111
1011110000111
1011110001010
1011110101010
1011110110000
1011111001010
1011111001101
1011111010001
1011111010011
1011111101010
1011111110110
1100000010101
1100000011110
1100000100000
1100000101011
1100000110101
1100000111011
1100001001000
1100001001100
1100001010010
1100001010101
1100001100110
1100001101011
1100001110101
1100001111011
1100010001101
1100010010000
1100010011000
1100010101011
1100010110110
1100010111011
1100011000001
1100011101011
1100011111011
1100011111100
1100100000010
1100100000011
1100100000110
1100100000111
1100100011001
1100100101101
1100101001000
1100101001100
1100101011111
1100101100001
1100110000010
1100110000011
1100110000110
1100110000111
1100110101000
1100110110001
1100111010100
1100111011010
1100111101110
1100111110111
1101000000100
1101000001010
1101000010011
1101000100111
1101001011001
1101001101101
1101010010000
1101010011000
1101010100010
1101010111101
1101011000110
1101011000111
1101011001110
1101011001111
1101011010110
1101011010111
1101011011110
1101011011111
1101011101000
1101011110001
1101100110000
1101100110010
1101100110100
1101100110110
1101100111000
1101100111010
1101100111100
1101100111110
1101101000101
1101101001011
1101101110000
1101101110010
1101101110100
1101101110110
1101101111000
1101101111010
1101101111100
1101101111110
1101110001100
1101110010101
1101110011011
1101110101111
1101111000000
1101111100011
1110000001111
1110000010101
1110000110101
1110000111000
1110001000011
1110001001000
1110001001100
1110001010101
1110001110101
1110001111110
1110010000100
1110010001010
1110010010011
1110010100111
1110011011001
1110011100000
1110011100010
1110011101101
1110011110000
1110011110010
1110100010000
1110100100100
1110100101010
1110100110011
1110101001000
1110101001100
1110101010110
1110101100111
1110101101111
1110101111001
1110110011100
1110110011101
1110110011110
1110110011111
1110110111100
1110110111101
1110110111110
1110110111111
1110111000101
1110111001011
1110111100000
1110111100010
1110111110000
1110111110010
1111000000001
1111000001001
1111000011100
1111000100001
1111000101001
1111000111111
1111001010000
1111001100100
1111001101010
1111001110011
1111010000001
1111010001001
1111010100001
1111010101001
1111010110100
1111010111010
1111011000110
1111011000111
1111011001110
1111011001111
1111011010110
1111011010111
1111011011110
1111011011111
1111100000001
1111100001001
1111100001110
1111100010111
1111100100001
1111100101001
1111101000010
1111101011101
1111101100111
1111101101111
1111110000001
1111110001001
1111110010010
1111110100001
1111110100110
1111110101001
1111111011000
1111111101100
1111111110101
1111111111011