00000000110
00000002020
00000011000
00000011111
00000012221
00000020200
00000021221
00000022121
00000022211
00000100021
00000100201
00000101010
00000102001
00000110100
00000111220
00000120001
00000122110
00000122221
00000200001
00000200220
00000201111
00000210111
00000211011
00000211101
00000212120
00000221210
00000222000
00001001011
00001001220
00001002100
00001002101
00001010020
00001010021
00001021210
00001021211
00001022010
00001022221
00001100001
00001100120
00001102020
00001102021
00001110210
00001110211
00001112000
00001112121
00001121100
00001121101
00001202210
00001202211
00001210100
00001210101
00001211111
00001211200
00001220110
00001220201
00001221020
00001221021
00002000211
00002001121
00002010200
00002012011
00002012120
00002020100
00002020220
00002021001
00002022200
00002100010
00002101000
00002101210
00002102111
00002111021
00002112201
00002120121
00002120200
00002121010
00002201010
00002201201
00002202120
00002210221
00002211120
00002212020
00002212110
00002220011
00002222101
00010001101
00010002011
00010010010
00010010201
00010011120
00010020120
00010021020
00010021110
00010022221
00010100001
00010101200
00010102100
00010102220
00010110121
00010112211
00010121011
00010121120
00010122200
00010200010
00010202121
00010202200
00010210000
00010210210
00010211111
00010212010
00010220021
00010221201
00011000210
00011001000
00011010111
00011012001
00011012220
00011020011
00011020101
00011021120
00011022111
00011100221
00011101121
00011101211
00011102200
00011111020
00011112110
00011120000
00011120111
00011121221
00011201110
00011201221
00011202001
00011210010
00011211001
00011212021
00011212201
00011220220
00011222100
00012000020
00012000021
00012002110
00012002201
00012011210
00012011211
00012020111
00012020200
00012022100
00012022101
00012100210
00012100211
00012101010
00012101221
00012110011
00012110220
00012111100
00012111101
00012122020
00012122021
00012200100
00012200101
00012211020
00012211021
00012212001
00012212120
00012221000
00012221121
00012222210
00012222211
00020000000
00020000121
00020001210
00020001211
00020012100
00020012101
00020020020
00020020021
00020021001
00020021120
00020101100
00020101101
00020102111
00020102200
00020111110
00020111201
00020112020
00020112021
00020120210
00020120211
00020201020
00020201021
00020210010
00020210221
00020212210
00020212211
00020220100
00020220101
00020222011
00020222220
00021000201
00021002021
00021011121
00021011200
00021012010
00021020111
00021021010
00021022000
00021022210
00021100020
00021100110
00021101221
00021102120
00021110101
00021111011
00021120120
00021122010
00021122201
00021200011
00021200120
00021201200
00021210200
00021211100
00021211220
00021212001
00021221211
00021222121
00022001100
00022002220
00022010110
00022010221
00022011001
00022020001
00022021021
00022021201
00022022010
00022100120
00022101111
00022102011
00022102101
00022110000
00022112210
00022121001
00022121220
00022122111
00022200221
00022202000
00022202111
00022210121
00022210211
00022211200
00022212221
00022220020
00022221110
00100001021
00100001100
00100002210
00100010011
00100011210
00100012110
00100012200
00100020101
00100022221
00100100001
00100101211
00100110020
00100112101
00100112210
00100120010
00100120220
00100121121
00100122020
00100200100
00100201000
00100201120
00100202201
00100211111
00100212021
00100220020
00100220211
00100221100
00101000010
00101000121
00101001201
00101010201
00101011101
00101011221
00101012210
00101021000
00101022120
00101100200
00101102110
00101111120
00101111201
00101112011
00101120020
00101121011
00101122001
00101122211
00101200021
00101200111
00101201100
00101202121
00101210220
00101211010
00101220121
00101222011
00101222200
00102002000
00102002001
00102010220
00102010221
00102011020
00102011201
00102020021
00102020200
00102021110
00102021111
00102101010
00102101101
00102102220
00102102221
00102110110
00102110111
00102121000
00102121001
00102122011
00102122100
00102200121
00102200210
00102202110
00102202111
00102210000
00102210001
00102212120
00102212211
00102221220
00102221221
00110000220
00110000221
00110011110
00110011111
00110012121
00110012210
00110021120
00110021211
00110022000
00110022001
00110100110
00110100111
00110102021
00110102200
00110111000
00110111001
00110120020
00110120201
00110122220
00110122221
00110200000
00110200001
00110201011
00110201100
00110210010
00110210101
00110211220
00110211221
00110222110
00110222111
00111000100
00111002020
00111002211
00111010000
00111010120
00111011201
00111012100
00111020111
00111021021
00111101221
00111102101
00111110021
00111110100
00111111210
00111120210
00111121110
00111121200
00111122011
00111200121
00111201020
00111202010
00111202220
00111210211
00111212001
00111221101
00111221210
00111222020
00112001011
00112001200
00112002121
00112010100
00112011121
00112012021
00112012111
00112020010
00112022220
00112100000
00112101120
00112110201
00112112010
00112112121
00112120101
00112120221
00112121210
00112122201
00112200011
00112201001
00112201211
00112202020
00112211110
00112212200
00112220120
00112220201
00112221011
00120000011
00120002120
00120002201
00120010001
00120010211
00120011020
00120012011
00120020110
00120021200
00120101220
00120102010
00120110011
00120110200
00120111121
00120120121
00120121021
00120121111
00120122100
00120200210
00120201201
00120202101
00120202221
00120210120
00120212000
00120221010
00120221121
00120222201
00121001110
00121001111
00121010011
00121010100
00121012000
00121012001
00121020220
00121020221
00121022010
00121022101
00121100120
00121100211
00121101000
00121101001
00121112220
00121112221
00121120110
00121120111
00121121121
00121121210
00121201220
00121201221
00121202020
00121202201
00121211021
00121211200
00121212110
00121212111
00121220000
00121220001
00122000101
00122000210
00122001020
00122010020
00122011010
00122011220
00122012121
00122021001
00122022211
00122100021
00122102111
00122111020
00122111211
00122112100
00122120201
00122121100
00122122000
00122122120
00122200110
00122200200
00122201011
00122202210
00122210221
00122211101
00122220210
00122222021
00122222100
00200000000
00200000211
00200002200
00200002201
00200010120
00200010121
00200012001
00200012210
00200021010
00200021011
00200102120
00200102121
00200110010
00200110011
00200111021
00200111110
00200120020
00200120111
00200121200
00200121201
00200201100
00200201221
00200202010
00200202011
00200210200
00200210201
00200221120
00200221121
00200222101
00200222220
00201000220
00201001120
00201001210
00201002021
00201011201
00201012111
00201020001
00201020110
00201021220
00201101111
00201101220
00201102000
00201110101
00201111000
00201112020
00201112200
00201120221
00201122011
00201200121
00201201001
00201210110
00201212000
00201212221
00201220010
00201220100
00201221211
00201222110
00202000111
00202000201
00202001220
00202002211
00202010010
00202011100
00202020211
00202022020
00202022101
00202100100
00202100211
00202101021
00202110021
00202111011
00202111221
00202112000
00202121120
00202122210
00202200020
00202202200
00202211021
00202211210
00202212101
00202220110
00202221101
00202222001
00202222121
00210000101
00210001001
00210001121
00210002110
00210011200
00210012020
00210020021
00210020210
00210021101
00210101020
00210101101
00210102211
00210110220
00210111211
00210112111
00210112201
00210120100
00210122010
00210200120
00210201210
00210210021
00210212100
00210212211
00210220011
00210220221
00210221000
00210222021
00211000120
00211000121
00211001101
00211001220
00211010100
00211010221
00211011010
00211011011
00211022200
00211022201
00211100010
00211100011
00211111200
00211111201
00211112000
00211112211
00211121001
00211121210
00211122120
00211122121
00211200200
00211200201
00211202020
00211202111
00211211120
00211211121
00211220021
00211220110
00211222010
00211222011
00212000211
00212001110
00212002010
00212002100
00212010001
00212012121
00212021000
00212021221
00212022110
00212100220
00212102001
00212102110
00212110120
00212110210
00212111021
00212112220
00212120201
00212121111
00212201011
00212202221
00212210111
00212210220
00212211000
00212220000
00212221020
00212221200
00212222101
00220000020
00220000200
00220001101
00220002000
00220010011
00220011221
00220020000
00220022111
00220022220
00220100000
00220100221
00220101110
00220110110
00220111010
00220111100
00220112211
00220121121
00220122001
00220200111
00220202201
00220211001
00220211110
00220212220
00220220021
00220221220
00220222120
00220222210
00221000000
00221001021
00221002011
00221002221
00221010210
00221012120
00221021100
00221021211
00221022021
00221100101
00221102021
00221102210
00221110001
00221110121
00221111110
00221112101
00221120200
00221121020
00221201010
00221202100
00221210020
00221210101
00221211211
00221220211
00221221111
00221221201
00221222220
00222001010
00222001011
00222002021
00222002110
00222011020
00222011111
00222012200
00222012201
00222020120
00222020121
00222101200
00222101201
00222110101
00222110220
00222112120
00222112121
00222120010
00222120011
00222122100
00222122221
00222200001
00222200210
00222201120
00222201121
00222212010
00222212011
00222220200
00222220201
00222221000
00222221211
01000001200
01000001201
01000010101
01000010220
01000012120
01000012121
01000020010
01000020011
01000022100
01000022221
01000100001
01000100210
01000101120
01000101121
01000112010
01000112011
01000120200
01000120201
01000121000
01000121211
01000201010
01000201011
01000202021
01000202110
01000211020
01000211111
01000212200
01000212201
01000220120
01000220121
01001000000
01001000221
01001001110
01001010110
01001011010
01001011100
01001012211
01001021121
01001022001
01001100111
01001102201
01001111001
01001111110
01001112220
01001120021
01001121220
01001122120
01001122210
01001200020
01001200200
01001201101
01001202000
01001210011
01001211221
01001220000
01001222111
01001222220
01002000101
01002002021
01002002210
01002010001
01002010121
01002011110
01002012101
01002020200
01002021020
01002101010
01002102100
01002110020
01002110101
01002111211
01002120211
01002121111
01002121201
01002122220
01002200000
01002201021
01002202011
01002202221
01002210210
01002212120
01002221100
01002221211
01002222021
01010000100
01010000211
01010001021
01010010021
01010011011
01010011221
01010012000
01010021120
01010022210
01010100020
01010102200
01010111021
01010111210
01010112101
01010120110
01010121101
01010122001
01010122121
01010200111
01010200201
01010201220
01010202211
01010210010
01010211100
01010220211
01010222020
01010222101
01011002120
01011002121
01011010010
01011010011
01011011021
01011011110
01011020020
01011020111
01011021200
01011021201
01011101100
01011101221
01011102010
01011102011
01011110200
01011110201
01011121120
01011121121
01011122101
01011122220
01011200000
01011200211
01011202200
01011202201
01011210120
01011210121
01011212001
01011212210
01011221010
01011221011
01012001111
01012001220
01012002000
01012010101
01012011000
01012012020
01012012200
01012020221
01012022011
01012100121
01012101001
01012110110
01012112000
01012112221
01012120010
01012120100
01012121211
01012122110
01012200220
01012201120
01012201210
01012202021
01012211201
01012212111
01012220001
01012220110
01012221220
01020000220
01020002001
01020002110
01020010120
01020010210
01020011021
01020012220
01020020201
01020021111
01020101011
01020102221
01020110111
01020110220
01020111000
01020120000
01020121020
01020121200
01020122101
01020200211
01020201110
01020202010
01020202100
01020210001
01020212121
01020221000
01020221221
01020222110
01021001020
01021001101
01021002211
01021010220
01021011211
01021012111
01021012201
01021020100
01021022010
01021100120
01021101210
01021110021
01021112100
01021112211
01021120011
01021120221
01021121000
01021122021
01021200101
01021201001
01021201121
01021202110
01021211200
01021212020
01021220021
01021220210
01021221101
01022000010
01022000011
01022011200
01022011201
01022012000
01022012211
01022021001
01022021210
01022022120
01022022121
01022100200
01022100201
01022102020
01022102111
01022111120
01022111121
01022120021
01022120110
01022122010
01022122011
01022200120
01022200121
01022201101
01022201220
01022210100
01022210221
01022211010
01022211011
01022222200
01022222201
01100000120
01100001111
01100002011
01100002101
01100010000
01100012210
01100021001
01100021220
01100022111
01100100221
01100102000
01100102111
01100110121
01100110211
01100111200
01100112221
01100120020
01100121110
01100201100
01100202220
01100210110
01100210221
01100211001
01100220001
01100221021
01100221201
01100222010
01101001100
01101001101
01101002111
01101002200
01101011110
01101011201
01101012020
01101012021
01101020210
01101020211
01101101020
01101101021
01101110010
01101110221
01101112210
01101112211
01101120100
01101120101
01101122011
01101122220
01101200000
01101200121
01101201210
01101201211
01101212100
01101212101
01101220020
01101220021
01101221001
01101221120
01102000020
01102000110
01102001221
01102002120
01102010101
01102011011
01102020120
01102022010
01102022201
01102100011
01102100120
01102101200
01102110200
01102111100
01102111220
01102112001
01102121211
01102122121
01102200201
01102202021
01102211121
01102211200
01102212010
01102220111
01102221010
01102222000
01102222210
01110000010
01110001000
01110001210
01110002111
01110011021
01110012201
01110020121
01110020200
01110021010
01110101010
01110101201
01110102120
01110110221
01110111120
01110112020
01110112110
01110120011
01110122101
01110200211
01110201121
01110210200
01110212011
01110212120
01110220100
01110220220
01110221001
01110222200
01111000021
01111000201
01111001010
01111002001
01111010100
01111011220
01111020001
01111022110
01111022221
01111100001
01111100220
01111101111
01111110111
01111111011
01111111101
01111112120
01111121210
01111122000
01111200110
01111202020
01111211000
01111211111
01111212221
01111220200
01111221221
01111222121
01111222211
01112000001
01112000120
01112002020
01112002021
01112010210
01112010211
01112012000
01112012121
01112021100
01112021101
01112102210
01112102211
01112110100
01112110101
01112111111
01112111200
01112120110
01112120201
01112121020
01112121021
01112201011
01112201220
01112202100
01112202101
01112210020
01112210021
01112221210
01112221211
01112222010
01112222221
01120000210
01120000211
01120001010
01120001221
01120010011
01120010220
01120011100
01120011101
01120022020
01120022021
01120100100
01120100101
01120111020
01120111021
01120112001
01120112120
01120121000
01120121121
01120122210
01120122211
01120200020
01120200021
01120202110
01120202201
01120211210
01120211211
01120220111
01120220200
01120222100
01120222101
01121000001
01121001200
01121002100
01121002220
01121010121
01121012211
01121021011
01121021120
01121022200
01121100010
01121102121
01121102200
01121110000
01121110210
01121111111
01121112010
01121120021
01121121201
01121201101
01121202011
01121210010
01121210201
01121211120
01121220120
01121221020
01121221110
01121222221
01122000221
01122001121
01122001211
01122002200
01122011020
01122012110
01122020000
01122020111
01122021221
01122101110
01122101221
01122102001
01122110010
01122111001
01122112021
01122112201
01122120220
01122122100
01122200210
01122201000
01122210111
01122212001
01122212220
01122220011
01122220101
01122221120
01122222111
01200000021
01200002111
01200011020
01200011211
01200012100
01200020201
01200021100
01200022000
01200022120
01200100110
01200100200
01200101011
01200102210
01200110221
01200111101
01200120210
01200122021
01200122100
01200200101
01200200210
01200201020
01200210020
01200211010
01200211220
01200212121
01200221001
01200222211
01201001220
01201002010
01201010011
01201010200
01201011121
01201020121
01201021021
01201021111
01201022100
01201100210
01201101201
01201102101
01201102221
01201110120
01201112000
01201121010
01201121121
01201122201
01201200011
01201202120
01201202201
01201210001
01201210211
01201211020
01201212011
01201220110
01201221200
01202000120
01202000211
01202001000
01202001001
01202012220
01202012221
01202020110
01202020111
01202021121
01202021210
01202101220
01202101221
01202102020
01202102201
01202111021
01202111200
01202112110
01202112111
01202120000
01202120001
01202201110
01202201111
01202210011
01202210100
01202212000
01202212001
01202220220
01202220221
01202222010
01202222101
01210001010
01210001101
01210002220
01210002221
01210010110
01210010111
01210021000
01210021001
01210022011
01210022100
01210100121
01210100210
01210102110
01210102111
01210110000
01210110001
01210112120
01210112211
01210121220
01210121221
01210202000
01210202001
01210210220
01210210221
01210211020
01210211201
01210220021
01210220200
01210221110
01210221111
01211000001
01211001211
01211010020
01211012101
01211012210
01211020010
01211020220
01211021121
01211022020
01211100100
01211101000
01211101120
01211102201
01211111111
01211112021
01211120020
01211120211
01211121100
01211201021
01211201100
01211202210
01211210011
01211211210
01211212110
01211212200
01211220101
01211222221
01212000200
01212002110
01212011120
01212011201
01212012011
01212020020
01212021011
01212022001
01212022211
01212100021
01212100111
01212101100
01212102121
01212110220
01212111010
01212120121
01212122011
01212122200
01212200010
01212200121
01212201201
01212210201
01212211101
01212211221
01212212210
01212221000
01212222120
01220000000
01220001120
01220010201
01220012010
01220012121
01220020101
01220020221
01220021210
01220022201
01220100011
01220101001
01220101211
01220102020
01220111110
01220112200
01220120120
01220120201
01220121011
01220201011
01220201200
01220202121
01220210100
01220211121
01220212021
01220212111
01220220010
01220222220
01221000110
01221000111
01221002021
01221002200
01221011000
01221011001
01221020020
01221020201
01221022220
01221022221
01221100000
01221100001
01221101011
01221101100
01221110010
01221110101
01221111220
01221111221
01221122110
01221122111
01221200220
01221200221
01221211110
01221211111
01221212121
01221212210
01221221120
01221221211
01221222000
01221222001
01222001221
01222002101
01222010021
01222010100
01222011210
01222020210
01222021110
01222021200
01222022011
01222100121
01222101020
01222102010
01222102220
01222110211
01222112001
01222121101
01222121210
01222122020
01222200100
01222202020
01222202211
01222210000
01222210120
01222211201
01222212100
01222220111
01222221021
02000000121
02000001020
02000002010
02000002220
02000010211
02000012001
02000021101
02000021210
02000022020
02000100100
02000102020
02000102211
02000110000
02000110120
02000111201
02000112100
02000120111
02000121021
02000201221
02000202101
02000210021
02000210100
02000211210
02000220210
02000221110
02000221200
02000222011
02001000011
02001001001
02001001211
02001002020
02001011110
02001012200
02001020120
02001020201
02001021011
02001101011
02001101200
02001102121
02001110100
02001111121
02001112021
02001112111
02001120010
02001122220
02001200000
02001201120
02001210201
02001212010
02001212121
02001220101
02001220221
02001221210
02001222201
02002000000
02002000001
02002001011
02002001100
02002010010
02002010101
02002011220
02002011221
02002022110
02002022111
02002100220
02002100221
02002111110
02002111111
02002112121
02002112210
02002121120
02002121211
02002122000
02002122001
02002200110
02002200111
02002202021
02002202200
02002211000
02002211001
02002220020
02002220201
02002222220
02002222221
02010001220
02010001221
02010002020
02010002201
02010011021
02010011200
02010012110
02010012111
02010020000
02010020001
02010101110
02010101111
02010110011
02010110100
02010112000
02010112001
02010120220
02010120221
02010122010
02010122101
02010200120
02010200211
02010201000
02010201001
02010212220
02010212221
02010220110
02010220111
02010221121
02010221210
02011000110
02011000200
02011001011
02011002210
02011010221
02011011101
02011020210
02011022021
02011022100
02011100101
02011100210
02011101020
02011110020
02011111010
02011111220
02011112121
02011121001
02011122211
02011200021
02011202111
02011211020
02011211211
02011212100
02011220201
02011221100
02011222000
02011222120
02012000210
02012001201
02012002101
02012002221
02012010120
02012012000
02012021010
02012021121
02012022201
02012100011
02012102120
02012102201
02012110001
02012110211
02012111020
02012112011
02012120110
02012121200
02012201220
02012202010
02012210011
02012210200
02012211121
02012220121
02012221021
02012221111
02012222100
02020000021
02020000111
02020001100
02020002121
02020010220
02020011010
02020020121
02020022011
02020022200
02020100010
02020100121
02020101201
02020110201
02020111101
02020111221
02020112210
02020121000
02020122120
02020200200
02020202110
02020211120
02020211201
02020212011
02020220020
02020221011
02020222001
02020222211
02021000121
02021000210
02021002110
02021002111
02021010000
02021010001
02021012120
02021012211
02021021220
02021021221
02021102000
02021102001
02021110220
02021110221
02021111020
02021111201
02021120021
02021120200
02021121110
02021121111
02021201010
02021201101
02021202220
02021202221
02021210110
02021210111
02021221000
02021221001
02021222011
02021222100
02022000100
02022001000
02022001120
02022002201
02022011111
02022012021
02022020020
02022020211
02022021100
02022101021
02022101100
02022102210
02022110011
02022111210
02022112110
02022112200
02022120101
02022122221
02022200001
02022201211
02022210020
02022212101
02022212210
02022220010
02022220220
02022221121
02022222020
02100000200
02100000201
02100002020
02100002111
02100011120
02100011121
02100020021
02100020110
02100022010
02100022011
02100100120
02100100121
02100101101
02100101220
02100110100
02100110221
02100111010
02100111011
02100122200
02100122201
02100200010
02100200011
02100211200
02100211201
02100212000
02100212211
02100221001
02100221210
02100222120
02100222121
02101001011
02101002221
02101010111
02101010220
02101011000
02101020000
02101021020
02101021200
02101022101
02101100211
02101101110
02101102010
02101102100
02101110001
02101112121
02101121000
02101121221
02101122110
02101200220
02101202001
02101202110
02101210120
02101210210
02101211021
02101212220
02101220201
02101221111
02102000120
02102001210
02102010021
02102012100
02102012211
02102020011
02102020221
02102021000
02102022021
02102100101
02102101001
02102101121
02102102110
02102111200
02102112020
02102120021
02102120210
02102121101
02102201020
02102201101
02102202211
02102210220
02102211211
02102212111
02102212201
02102220100
02102222010
02110001010
02110002100
02110010020
02110010101
02110011211
02110020211
02110021111
02110021201
02110022220
02110100000
02110101021
02110102011
02110102221
02110110210
02110112120
02110121100
02110121211
02110122021
02110200101
02110202021
02110202210
02110210001
02110210121
02110211110
02110212101
02110220200
02110221020
02111000001
02111000210
02111001120
02111001121
02111012010
02111012011
02111020200
02111020201
02111021000
02111021211
02111101010
02111101011
02111102021
02111102110
02111111020
02111111111
02111112200
02111112201
02111120120
02111120121
02111201200
02111201201
02111210101
02111210220
02111212120
02111212121
02111220010
02111220011
02111222100
02111222221
02112000111
02112002201
02112011001
02112011110
02112012220
02112020021
02112021220
02112022120
02112022210
02112100020
02112100200
02112101101
02112102000
02112110011
02112111221
02112120000
02112122111
02112122220
02112200000
02112200221
02112201110
02112210110
02112211010
02112211100
02112212211
02112221121
02112222001
02120000121
02120001001
02120010110
02120012000
02120012221
02120020010
02120020100
02120021211
02120022110
02120100220
02120101120
02120101210
02120102021
02120111201
02120112111
02120120001
02120120110
02120121220
02120201111
02120201220
02120202000
02120210101
02120211000
02120212020
02120212200
02120220221
02120222011
02121000020
02121002200
02121011021
02121011210
02121012101
02121020110
02121021101
02121022001
02121022121
02121100111
02121100201
02121101220
02121102211
02121110010
02121111100
02121120211
02121122020
02121122101
02121200100
02121200211
02121201021
02121210021
02121211011
02121211221
02121212000
02121221120
02121222210
02122001100
02122001221
02122002010
02122002011
02122010200
02122010201
02122021120
02122021121
02122022101
02122022220
02122100000
02122100211
02122102200
02122102201
02122110120
02122110121
02122112001
02122112210
02122121010
02122121011
02122202120
02122202121
02122210010
02122210011
02122211021
02122211110
02122220020
02122220111
02122221200
02122221201
02200001110
02200001221
02200002001
02200010010
02200011001
02200012021
02200012201
02200020220
02200022100
02200100210
02200101000
02200110111
02200112001
02200112220
02200120011
02200120101
02200121120
02200122111
02200200221
02200201121
02200201211
02200202200
02200211020
02200212110
02200220000
02200220111
02200221221
02201000100
02201000101
02201011020
02201011021
02201012001
02201012120
02201021000
02201021121
02201022210
02201022211
02201100020
02201100021
02201102110
02201102201
02201111210
02201111211
02201120111
02201120200
02201122100
02201122101
02201200210
02201200211
02201201010
02201201221
02201210011
02201210220
02201211100
02201211101
02201222020
02201222021
02202000010
02202002121
02202002200
02202010000
02202010210
02202011111
02202012010
02202020021
02202021201
02202101101
02202102011
02202110010
02202110201
02202111120
02202120120
02202121020
02202121110
02202122221
02202200001
02202201200
02202202100
02202202220
02202210121
02202212211
02202221011
02202221120
02202222200
02210000011
02210000120
02210001200
02210010200
02210011100
02210011220
02210012001
02210021211
02210022121
02210100201
02210102021
02210111121
02210111200
02210112010
02210120111
02210121010
02210122000
02210122210
02210200020
02210200110
02210201221
02210202120
02210210101
02210211011
02210220120
02210222010
02210222201
02211000221
02211002000
02211002111
02211010121
02211010211
02211011200
02211012221
02211020020
02211021110
02211101100
02211102220
02211110110
02211110221
02211111001
02211120001
02211121021
02211121201
02211122010
02211200120
02211201111
02211202011
02211202101
02211210000
02211212210
02211221001
02211221220
02211222111
02212001020
02212001021
02212010010
02212010221
02212012210
02212012211
02212020100
02212020101
02212022011
02212022220
02212100000
02212100121
02212101210
02212101211
02212112100
02212112101
02212120020
02212120021
02212121001
02212121120
02212201100
02212201101
02212202111
02212202200
02212211110
02212211201
02212212020
02212212021
02212220210
02212220211
02220002210
02220002211
02220010100
02220010101
02220011111
02220011200
02220020110
02220020201
02220021020
02220021021
02220101011
02220101220
02220102100
02220102101
02220110020
02220110021
02220121210
02220121211
02220122010
02220122221
02220200001
02220200120
02220202020
02220202021
02220210210
02220210211
02220212000
02220212121
02220221100
02220221101
02221001010
02221001201
02221002120
02221010221
02221011120
02221012020
02221012110
02221020011
02221022101
02221100211
02221101121
02221110200
02221112011
02221112120
02221120100
02221120220
02221121001
02221122200
02221200010
02221201000
02221201210
02221202111
02221211021
02221212201
02221220121
02221220200
02221221010
02222000001
02222000220
02222001111
02222010111
02222011011
02222011101
02222012120
02222021210
02222022000
02222100110
02222102020
02222111000
02222111111
02222112221
02222120200
02222121221
02222122121
02222122211
02222200021
02222200201
02222201010
02222202001
02222210100
02222211220
02222220001
02222222110
02222222221
10000000110
10000000221
10000001001
10000010001
10000011021
10000011201
10000012010
10000021100
10000022220
10000100000
10000102210
10000111001
10000111220
10000112111
10000120120
10000121111
10000122011
10000122101
10000200121
10000200211
10000201200
10000202221
10000210020
10000211110
10000220221
10000222000
10000222111
10001002100
10001002101
10001010020
10001010021
10001011001
10001011120
10001020000
10001020121
10001021210
10001021211
10001101110
10001101201
10001102020
10001102021
10001110210
10001110211
10001121100
10001121101
10001122111
10001122200
10001200010
10001200221
10001202210
10001202211
10001210100
10001210101
10001212011
10001212220
10001221020
10001221021
10002001121
10002001200
10002002010
10002010111
10002011010
10002012000
10002012210
10002020201
10002022021
10002100101
10002101011
10002110120
10002112010
10002112201
10002120020
10002120110
10002121221
10002122120
10002200200
10002201100
10002201220
10002202001
10002211211
10002212121
10002220011
10002220120
10002221200
10010000200
10010002011
10010002120
10010010100
10010010220
10010011001
10010012200
10010020211
10010021121
10010101021
10010102201
10010110121
10010110200
10010111010
10010120010
10010121000
10010121210
10010122111
10010200221
10010201120
10010202020
10010202110
10010210011
10010212101
10010221010
10010221201
10010222120
10011001000
10011001111
10011002221
10011010200
10011011221
10011012121
10011012211
10011020110
10011022020
10011100100
10011101220
10011110001
10011112110
10011112221
10011120021
10011120201
10011121010
10011122001
10011200111
10011201011
10011201101
10011202120
10011211210
10011212000
10011220001
10011220220
10011221111
10012000020
10012000021
10012011210
10012011211
10012012010
10012012221
10012021011
10012021220
10012022100
10012022101
10012100210
10012100211
10012102000
10012102121
10012111100
10012111101
10012120001
10012120120
10012122020
10012122021
10012200100
10012200101
10012201111
10012201200
10012210110
10012210201
10012211020
10012211021
10012222210
10012222211
10020001210
10020001211
10020010111
10020010200
10020012100
10020012101
10020020020
10020020021
10020022110
10020022201
10020100011
10020100220
10020101100
10020101101
10020112020
10020112021
10020120210
10020120211
10020121010
10020121221
10020201020
10020201021
10020202001
10020202120
10020211000
10020211121
10020212210
10020212211
10020220100
10020220101
10021000010
10021000201
10021001120
10021010120
10021011020
10021011110
10021012221
10021021101
10021022011
10021100121
10021102211
10021111011
10021111120
10021112200
10021120001
10021121200
10021122100
10021122220
10021200000
10021200210
10021201111
10021202010
10021210021
10021211201
10021220010
10021222121
10021222200
10022000111
10022002001
10022002220
10022010011
10022010101
10022011120
10022012111
10022020210
10022021000
10022101020
10022102110
10022110000
10022110111
10022111221
10022120221
10022121121
10022121211
10022122200
10022200010
10022201001
10022202021
10022202201
10022210220
10022212100
10022221110
10022221221
10022222001
10100000020
10100001010
10100001220
10100002121
10100011001
10100012211
10100020101
10100020210
10100021020
10100101020
10100101211
10100102100
10100110201
10100111100
10100112000
10100112120
10100120021
10100122111
10100200221
10100201101
10100210210
10100212021
10100212100
10100220110
10100220200
10100221011
10100222210
10101000001
10101000211
10101001020
10101002011
10101010110
10101011200
10101020011
10101022120
10101022201
10101100011
10101100200
10101101121
10101110121
10101111021
10101111111
10101112100
10101121220
10101122010
10101200120
10101202000
10101211010
10101211121
10101212201
10101220210
10101221201
10101222101
10101222221
10102000011
10102000100
10102002000
10102002001
10102010220
10102010221
10102012010
10102012101
10102021110
10102021111
10102102220
10102102221
10102110110
10102110111
10102111121
10102111210
10102120120
10102120211
10102121000
10102121001
10102201021
10102201200
10102202110
10102202111
10102210000
10102210001
10102221220
10102221221
10102222020
10102222201
10110000220
10110000221
10110001020
10110001201
10110010021
10110010200
10110011110
10110011111
10110022000
10110022001
10110100110
10110100111
10110111000
10110111001
10110112011
10110112100
10110121010
10110121101
10110122220
10110122221
10110200000
10110200001
10110202120
10110202211
10110211220
10110211221
10110220121
10110220210
10110222110
10110222111
10111000011
10111001210
10111002110
10111002200
10111010101
10111012221
10111021021
10111021100
10111022210
10111100020
10111102101
10111102210
10111110010
10111110220
10111111121
10111112020
10111120001
10111121211
10111201111
10111202021
10111210020
10111210211
10111211100
10111220100
10111221000
10111221120
10111222201
10112000201
10112001101
10112001221
10112002210
10112011000
10112012120
10112020010
10112020121
10112021201
10112101120
10112101201
10112102011
10112110020
10112111011
10112112001
10112112211
10112120200
10112122110
10112200220
10112201010
10112210121
10112212011
10112212200
10112220021
10112220111
10112221100
10112222121
10120000100
10120001121
10120002021
10120002111
10120010010
10120012220
10120021011
10120021200
10120022121
10120100201
10120102010
10120102121
10120110101
10120110221
10120111210
10120112201
10120120000
10120121120
10120201110
10120202200
10120210120
10120210201
10120211011
10120220011
10120221001
10120221211
10120222020
10121001110
10121001111
10121002121
10121002210
10121011120
10121011211
10121012000
10121012001
10121020220
10121020221
10121101000
10121101001
10121110020
10121110201
10121112220
10121112221
10121120110
10121120111
10121122021
10121122200
10121200010
10121200101
10121201220
10121201221
10121212110
10121212111
10121220000
10121220001
10121221011
10121221100
10122000000
10122000120
10122001201
10122002100
10122010111
10122011021
10122020100
10122022020
10122022211
10122100021
10122100100
10122101210
10122110210
10122111110
10122111200
10122112011
10122121221
10122122101
10122200211
10122202001
10122211101
10122211210
10122212020
10122220121
10122221020
10122222010
10122222220
10200001020
10200001111
10200002200
10200002201
10200010120
10200010121
10200021010
10200021011
10200022021
10200022110
10200100101
10200100220
10200102120
10200102121
10200110010
10200110011
10200112100
10200112221
10200121200
10200121201
10200202010
10200202011
10200210200
10200210201
10200211000
10200211211
10200220001
10200220210
10200221120
10200221121
10201000011
10201001221
10201010000
10201012111
10201012220
10201020020
10201020200
10201021101
10201022000
10201100110
10201101010
10201101100
10201102211
10201111121
10201112001
10201120000
10201120221
10201121110
10201201001
10201201110
10201202220
10201210021
10201211220
10201212120
10201212210
10201220111
10201222201
10202000210
10202002120
10202011100
10202011211
10202012021
10202020000
10202021021
10202022011
10202022221
10202100001
10202100121
10202101110
10202102101
10202110200
10202111020
10202120101
10202122021
10202122210
10202200020
10202200101
10202201211
10202210211
10202211111
10202211201
10202212220
10202221010
10202222100
10210000010
10210001100
10210010211
10210012020
10210012101
10210020111
10210020201
10210021220
10210022211
10210100021
10210101011
10210101221
10210102000
10210111120
10210112210
10210120100
10210120211
10210121021
10210201021
10210201210
10210202101
10210210110
10210211101
10210212001
10210212121
10210220020
10210222200
10211000120
10211000121
10211002001
10211002210
10211011010
10211011011
10211020000
10211020211
10211022200
10211022201
10211100010
10211100011
10211101021
10211101110
10211110020
10211110111
10211111200
10211111201
10211122120
10211122121
10211200200
10211200201
10211211120
10211211121
10211212101
10211212220
10211221100
10211221221
10211222010
10211222011
10212001201
10212002111
10212010001
10212010110
10212011220
10212020220
10212021120
10212021210
10212022021
10212100101
10212101000
10212102020
10212102200
10212110221
10212112011
10212121111
10212121220
10212122000
10212200110
10212202000
10212202221
10212210010
10212210100
10212211211
10212212110
10212220121
10212221001
10220000001
10220002121
10220011000
10220011221
10220012110
10220020211
10220021110
10220022010
10220022100
10220100120
10220100210
10220101021
10220102220
10220110201
10220111111
10220120220
10220122001
10220122110
10220200111
10220200220
10220201000
10220210000
10220211020
10220211200
10220212101
10220221011
10220222221
10221001200
10221002020
10221010021
10221010210
10221011101
10221020101
10221021001
10221021121
10221022110
10221100220
10221101211
10221102111
10221102201
10221110100
10221112010
10221121020
10221121101
10221122211
10221200021
10221202100
10221202211
10221210011
10221210221
10221211000
10221212021
10221220120
10221221210
10222000100
10222000221
10222001010
10222001011
10222012200
10222012201
10222020120
10222020121
10222021101
10222021220
10222101200
10222101201
10222102000
10222102211
10222111001
10222111210
10222112120
10222112121
10222120010
10222120011
10222201120
10222201121
10222210021
10222210110
10222212010
10222212011
10222220200
10222220201
10222222020
10222222111
11000001200
11000001201
11000002000
11000002211
11000011001
11000011210
11000012120
11000012121
11000020010
11000020011
11000101120
11000101121
11000110021
11000110110
11000112010
11000112011
11000120200
11000120201
11000122020
11000122111
11000200100
11000200221
11000201010
11000201011
11000212200
11000212201
11000220120
11000220121
11000221101
11000221220
11001000120
11001000210
11001001021
11001002220
11001010201
11001011111
11001020220
11001022001
11001022110
11001100111
11001100220
11001101000
11001110000
11001111020
11001111200
11001112101
11001121011
11001122221
11001200001
11001202121
11001211000
11001211221
11001212110
11001220211
11001221110
11001222010
11001222100
11002000220
11002001211
11002002111
11002002201
11002010100
11002012010
11002021020
11002021101
11002022211
11002100021
11002102100
11002102211
11002110011
11002110221
11002111000
11002112021
11002120120
11002121210
11002201200
11002202020
11002210021
11002210210
11002211101
11002220101
11002221001
11002221121
11002222110
11010000001
11010000121
11010001110
11010002101
11010010200
11010011020
11010020101
11010022021
11010022210
11010100020
11010100101
11010101211
11010110211
11010111111
11010111201
11010112220
11010121010
11010122100
11010200210
11010202120
11010211100
11010211211
11010212021
11010220000
11010221021
11010222011
11010222221
11011000101
11011000220
11011002120
11011002121
11011010010
11011010011
11011012100
11011012221
11011021200
11011021201
11011102010
11011102011
11011110200
11011110201
11011111000
11011111211
11011120001
11011120210
11011121120
11011121121
11011201020
11011201111
11011202200
11011202201
11011210120
11011210121
11011221010
11011221011
11011222021
11011222110
11012000110
11012001010
11012001100
11012002211
11012011121
11012012001
11012020000
11012020221
11012021110
11012101001
11012101110
11012102220
11012110021
11012111220
11012112120
11012112210
11012120111
11012122201
11012200011
11012201221
11012210000
11012212111
11012212220
11012220020
11012220200
11012221101
11012222000
11020000101
11020001000
11020002020
11020002200
11020010221
11020012011
11020021111
11020021220
11020022000
11020100110
11020102000
11020102221
11020110010
11020110100
11020111211
11020112110
11020120121
11020121001
11020201201
11020202111
11020210001
11020210110
11020211220
11020220220
11020221120
11020221210
11020222021
11021000021
11021001011
11021001221
11021002000
11021011120
11021012210
11021020100
11021020211
11021021021
11021101021
11021101210
11021102101
11021110110
11021111101
11021112001
11021112121
11021120020
11021122200
11021200010
11021201100
11021210211
11021212020
11021212101
11021220111
11021220201
11021221220
11021222211
11022000010
11022000011
11022001021
11022001110
11022010020
11022010111
11022011200
11022011201
11022022120
11022022121
11022100200
11022100201
11022111120
11022111121
11022112101
11022112220
11022121100
11022121221
11022122010
11022122011
11022200120
11022200121
11022202001
11022202210
11022211010
11022211011
11022220000
11022220211
11022222200
11022222201
11100001020
11100002110
11100010000
11100010111
11100011221
11100020221
11100021121
11100021211
11100022200
11100100010
11100101001
11100102021
11100102201
11100110220
11100112100
11100121110
11100121221
11100122001
11100200111
11100202001
11100202220
11100210011
11100210101
11100211120
11100212111
11100220210
11100221000
11101000011
11101000220
11101001100
11101001101
11101012020
11101012021
11101020210
11101020211
11101021010
11101021221
11101101020
11101101021
11101102001
11101102120
11101111000
11101111121
11101112210
11101112211
11101120100
11101120101
11101201210
11101201211
11101210111
11101210200
11101212100
11101212101
11101220020
11101220021
11101222110
11101222201
11102000121
11102002211
11102011011
11102011120
11102012200
11102020001
11102021200
11102022100
11102022220
11102100000
11102100210
11102101111
11102102010
11102110021
11102111201
11102120010
11102122121
11102122200
11102200010
11102200201
11102201120
11102210120
11102211020
11102211110
11102212221
11102221101
11102222011
11110000101
11110001011
11110010120
11110012010
11110012201
11110020020
11110020110
11110021221
11110022120
11110100200
11110101100
11110101220
11110102001
11110111211
11110112121
11110120011
11110120120
11110121200
11110201121
11110201200
11110202010
11110210111
11110211010
11110212000
11110212210
11110220201
11110222021
11111000000
11111002210
11111011001
11111011220
11111012111
11111020120
11111021111
11111022011
11111022101
11111100121
11111100211
11111101200
11111102221
11111110020
11111111110
11111120221
11111122000
11111122111
11111200110
11111200221
11111201001
11111210001
11111211021
11111211201
11111212010
11111221100
11111222220
11112001110
11112001201
11112002020
11112002021
11112010210
11112010211
11112021100
11112021101
11112022111
11112022200
11112100010
11112100221
11112102210
11112102211
11112110100
11112110101
11112112011
11112112220
11112121020
11112121021
11112202100
11112202101
11112210020
11112210021
11112211001
11112211120
11112220000
11112220121
11112221210
11112221211
11120000210
11120000211
11120002000
11120002121
11120011100
11120011101
11120020001
11120020120
11120022020
11120022021
11120100100
11120100101
11120101111
11120101200
11120110110
11120110201
11120111020
11120111021
11120122210
11120122211
11120200020
11120200021
11120211210
11120211211
11120212010
11120212221
11120221011
11120221220
11120222100
11120222101
11121001021
11121002201
11121010121
11121010200
11121011010
11121020010
11121021000
11121021210
11121022111
11121100221
11121101120
11121102020
11121102110
11121110011
11121112101
11121121010
11121121201
11121122120
11121200200
11121202011
11121202120
11121210100
11121210220
11121211001
11121212200
11121220211
11121221121
11122000100
11122001220
11122010001
11122012110
11122012221
11122020021
11122020201
11122021010
11122022001
11122100111
11122101011
11122101101
11122102120
11122111210
11122112000
11122120001
11122120220
11122121111
11122201000
11122201111
11122202221
11122210200
11122211221
11122212121
11122212211
11122220110
11122222020
11200000021
11200000100
11200001210
11200010210
11200011110
11200011200
11200012011
11200021221
11200022101
11200100211
11200102001
11200111101
11200111210
11200112020
11200120121
11200121020
11200122010
11200122220
11200200000
11200200120
11200201201
11200202100
11200210111
11200211021
11200220100
11200222020
11200222211
11201000201
11201002010
11201002121
11201010101
11201010221
11201011210
11201012201
11201020000
11201021120
11201101110
11201102200
11201110120
11201110201
11201111011
11201120011
11201121001
11201121211
11201122020
11201200100
11201201121
11201202021
11201202111
11201210010
11201212220
11201221011
11201221200
11201222121
11202001000
11202001001
11202010020
11202010201
11202012220
11202012221
11202020110
11202020111
11202022021
11202022200
11202100010
11202100101
11202101220
11202101221
11202112110
11202112111
11202120000
11202120001
11202121011
11202121100
11202201110
11202201111
11202202121
11202202210
11202211120
11202211211
11202212000
11202212001
11202220220
11202220221
11210002220
11210002221
11210010110
11210010111
11210011121
11210011210
11210020120
11210020211
11210021000
11210021001
11210101021
11210101200
11210102110
11210102111
11210110000
11210110001
11210121220
11210121221
11210122020
11210122201
11210200011
11210200100
11210202000
11210202001
11210210220
11210210221
11210212010
11210212101
11210221110
11210221111
11211001020
11211001211
11211002100
11211010201
11211011100
11211012000
11211012120
11211020021
11211022111
11211100221
11211101101
11211110210
11211112021
11211112100
11211120110
11211120200
11211121011
11211122210
11211200020
11211201010
11211201220
11211202121
11211211001
11211212211
11211220101
11211220210
11211221020
11212000011
11212000200
11212001121
11212010121
11212011021
11212011111
11212012100
11212021220
11212022010
11212100120
11212102000
11212111010
11212111121
11212112201
11212120210
11212121201
11212122101
11212122221
11212200001
11212200211
11212201020
11212202011
11212210110
11212211200
11212220011
11212222120
11212222201
11220001120
11220001201
11220002011
11220010020
11220011011
11220012001
11220012211
11220020200
11220022110
11220100220
11220101010
11220110121
11220112011
11220112200
11220120021
11220120111
11220121100
11220122121
11220200201
11220201101
11220201221
11220202210
11220211000
11220212120
11220220010
11220220121
11220221201
11221000110
11221000111
11221011000
11221011001
11221012011
11221012100
11221021010
11221021101
11221022220
11221022221
11221100000
11221100001
11221102120
11221102211
11221111220
11221111221
11221120121
11221120210
11221122110
11221122111
11221200220
11221200221
11221201020
11221201201
11221210021
11221210200
11221211110
11221211111
11221222000
11221222001
11222000020
11222002101
11222002210
11222010010
11222010220
11222011121
11222012020
11222020001
11222021211
11222101111
11222102021
11222110020
11222110211
11222111100
11222120100
11222121000
11222121120
11222122201
11222200011
11222201210
11222202110
11222202200
11222210101
11222212221
11222221021
11222221100
11222222210
12000001111
12000002021
12000010020
12000010211
12000011100
12000020100
12000021000
12000021120
12000022201
12000100011
12000101210
12000102110
12000102200
12000110101
12000112221
12000121021
12000121100
12000122210
12000200020
12000202101
12000202210
12000210010
12000210220
12000211121
12000212020
12000220001
12000221211
12001000220
12001001010
12001010121
12001012011
12001012200
12001020021
12001020111
12001021100
12001022121
12001100201
12001101101
12001101221
12001102210
12001111000
12001112120
12001120010
12001120121
12001121201
12001201120
12001201201
12001202011
12001210020
12001211011
12001212001
12001212211
12001220200
12001222110
12002000000
12002000001
12002002120
12002002211
12002011220
12002011221
12002020121
12002020210
12002022110
12002022111
12002100220
12002100221
12002101020
12002101201
12002110021
12002110200
12002111110
12002111111
12002122000
12002122001
12002200110
12002200111
12002211000
12002211001
12002212011
12002212100
12002221010
12002221101
12002222220
12002222221
12010000010
12010000101
12010001220
12010001221
12010012110
12010012111
12010020000
12010020001
12010021011
12010021100
12010101110
12010101111
12010102121
12010102210
12010111120
12010111211
12010112000
12010112001
12010120220
12010120221
12010201000
12010201001
12010210020
12010210201
12010212220
12010212221
12010220110
12010220111
12010222021
12010222200
12011000211
12011002001
12011011101
12011011210
12011012020
12011020121
12011021020
12011022010
12011022220
12011100000
12011100120
12011101201
12011102100
12011110111
12011111021
12011120100
12011122020
12011122211
12011200021
12011200100
12011201210
12011210210
12011211110
12011211200
12011212011
12011221221
12011222101
12012001110
12012002200
12012010120
12012010201
12012011011
12012020011
12012021001
12012021211
12012022020
12012100100
12012101121
12012102021
12012102111
12012110010
12012112220
12012121011
12012121200
12012122121
12012200201
12012202010
12012202121
12012210101
12012210221
12012211210
12012212201
12012220000
12012221120
12020000120
12020002000
12020011010
12020011121
12020012201
12020020210
12020021201
12020022101
12020022221
12020100001
12020100211
12020101020
12020102011
12020110110
12020111200
12020120011
12020122120
12020122201
12020200011
12020200200
12020201121
12020210121
12020211021
12020211111
12020212100
12020221220
12020222010
12021001021
12021001200
12021002110
12021002111
12021010000
12021010001
12021021220
12021021221
12021022020
12021022201
12021100011
12021100100
12021102000
12021102001
12021110220
12021110221
12021112010
12021112101
12021121110
12021121111
12021202220
12021202221
12021210110
12021210111
12021211121
12021211210
12021220120
12021220211
12021221000
12021221001
12022000221
12022001101
12022010210
12022012021
12022012100
12022020110
12022020200
12022021011
12022022210
12022100020
12022101010
12022101220
12022102121
12022111001
12022112211
12022120101
12022120210
12022121020
12022201020
12022201211
12022202100
12022210201
12022211100
12022212000
12022212120
12022220021
12022222111
12100000200
12100000201
12100011120
12100011121
12100012101
12100012220
12100021100
12100021221
12100022010
12100022011
12100100120
12100100121
12100102001
12100102210
12100111010
12100111011
12100120000
12100120211
12100122200
12100122201
12100200010
12100200011
12100201021
12100201110
12100210020
12100210111
12100211200
12100211201
12100222120
12100222121
12101000110
12101002000
12101002221
12101010010
12101010100
12101011211
12101012110
12101020121
12101021001
12101101201
12101102111
12101110001
12101110110
12101111220
12101120220
12101121120
12101121210
12101122021
12101200101
12101201000
12101202020
12101202200
12101210221
12101212011
12101221111
12101221220
12101222000
12102001021
12102001210
12102002101
12102010110
12102011101
12102012001
12102012121
12102020020
12102022200
12102100010
12102101100
12102110211
12102112020
12102112101
12102120111
12102120201
12102121220
12102122211
12102200021
12102201011
12102201221
12102202000
12102211120
12102212210
12102220100
12102220211
12102221021
12110000021
12110002100
12110002211
12110010011
12110010221
12110011000
12110012021
12110020120
12110021210
12110101200
12110102020
12110110021
12110110210
12110111101
12110120101
12110121001
12110121121
12110122110
12110200220
12110201211
12110202111
12110202201
12110210100
12110212010
12110221020
12110221101
12110222211
12111001120
12111001121
12111010021
12111010110
12111012010
12111012011
12111020200
12111020201
12111022020
12111022111
12111100100
12111100221
12111101010
12111101011
12111112200
12111112201
12111120120
12111120121
12111121101
12111121220
12111201200
12111201201
12111202000
12111202211
12111211001
12111211210
12111212120
12111212121
12111220010
12111220011
12112000111
12112000220
12112001000
12112010000
12112011020
12112011200
12112012101
12112021011
12112022221
12112100001
12112102121
12112111000
12112111221
12112112110
12112120211
12112121110
12112122010
12112122100
12112200120
12112200210
12112201021
12112202220
12112210201
12112211111
12112220220
12112222001
12112222110
12120001001
12120001110
12120002220
12120010021
12120011220
12120012120
12120012210
12120020111
12120022201
12120100011
12120101221
12120110000
12120112111
12120112220
12120120020
12120120200
12120121101
12120122000
12120200110
12120201010
12120201100
12120202211
12120211121
12120212001
12120220000
12120220221
12120221110
12121000020
12121000101
12121001211
12121010211
12121011111
12121011201
12121012220
12121021010
12121022100
12121100210
12121102120
12121111100
12121111211
12121112021
12121120000
12121121021
12121122011
12121122221
12121200001
12121200121
12121201110
12121202101
12121210200
12121211020
12121220101
12121222021
12121222210
12122002010
12122002011
12122010200
12122010201
12122011000
12122011211
12122020001
12122020210
12122021120
12122021121
12122101020
12122101111
12122102200
12122102201
12122110120
12122110121
12122121010
12122121011
12122122021
12122122110
12122200101
12122200220
12122202120
12122202121
12122210010
12122210011
12122212100
12122212221
12122221200
12122221201
12200000111
12200001011
12200001101
12200002120
12200011210
12200012000
12200020001
12200020220
12200021111
12200101000
12200101111
12200102221
12200110200
12200111221
12200112121
12200112211
12200120110
12200122020
12200200100
12200201220
12200210001
12200212110
12200212221
12200220021
12200220201
12200221010
12200222001
12201000100
12201000101
12201001111
12201001200
12201010110
12201010201
12201011020
12201011021
12201022210
12201022211
12201100020
12201100021
12201111210
12201111211
12201112010
12201112221
12201121011
12201121220
12201122100
12201122101
12201200210
12201200211
12201202000
12201202121
12201211100
12201211101
12201220001
12201220120
12201222020
12201222021
12202000221
12202001120
12202002020
12202002110
12202010011
12202012101
12202021010
12202021201
12202022120
12202100200
12202102011
12202102120
12202110100
12202110220
12202111001
12202112200
12202120211
12202121121
12202201021
12202202201
12202210121
12202210200
12202211010
12202220010
12202221000
12202221210
12202222111
12210000000
12210000210
12210001111
12210002010
12210010021
12210011201
12210020010
12210022121
12210022200
12210100010
12210100201
12210101120
12210110120
12210111020
12210111110
12210112221
12210121101
12210122011
12210200121
12210202211
12210211011
12210211120
12210212200
12210220001
12210221200
12210222100
12210222220
12211000010
12211001001
12211002021
12211002201
12211010220
12211012100
12211021110
12211021221
12211022001
12211100111
12211102001
12211102220
12211110011
12211110101
12211111120
12211112111
12211120210
12211121000
12211201020
12211202110
12211210000
12211210111
12211211221
12211220221
12211221121
12211221211
12211222200
12212001020
12212001021
12212002001
12212002120
12212011000
12212011121
12212012210
12212012211
12212020100
12212020101
12212101210
12212101211
12212110111
12212110200
12212112100
12212112101
12212120020
12212120021
12212122110
12212122201
12212200011
12212200220
12212201100
12212201101
12212212020
12212212021
12212220210
12212220211
12212221010
12212221221
12220000010
12220000221
12220002210
12220002211
12220010100
12220010101
12220012011
12220012220
12220021020
12220021021
12220102100
12220102101
12220110020
12220110021
12220111001
12220111120
12220120000
12220120121
12220121210
12220121211
12220201110
12220201201
12220202020
12220202021
12220210210
12220210211
12220221100
12220221101
12220222111
12220222200
12221000200
12221001100
12221001220
12221002001
12221011211
12221012121
12221020011
12221020120
12221021200
12221101121
12221101200
12221102010
12221110111
12221111010
12221112000
12221112210
12221120201
12221122021
12221200101
12221201011
12221210120
12221212010
12221212201
12221220020
12221220110
12221221221
12221222120
12222000121
12222000211
12222001200
12222002221
12222010020
12222011110
12222020221
12222022000
12222022111
12222100110
12222100221
12222101001
12222110001
12222111021
12222111201
12222112010
12222121100
12222122220
12222200000
12222202210
12222211001
12222211220
12222212111
12222220120
12222221111
12222222011
12222222101
20000000011
20000000101
20000001120
20000002111
20000010210
20000011000
20000020111
20000022001
20000022220
20000100000
20000100111
20000101221
20000110221
20000111121
20000111211
20000112200
20000121020
20000122110
20000200220
20000202100
20000211110
20000211221
20000212001
20000220010
20000221001
20000222021
20000222201
20001000111
20001000200
20001002100
20001002101
20001010020
20001010021
20001012110
20001012201
20001021210
20001021211
20001102020
20001102021
20001110210
20001110211
20001111010
20001111221
20001120011
20001120220
20001121100
20001121101
20001201000
20001201121
20001202210
20001202211
20001210100
20001210101
20001221020
20001221021
20001222001
20001222120
20002000120
20002001020
20002001110
20002002221
20002011101
20002012011
20002020010
20002020201
20002021120
20002101011
20002101120
20002102200
20002110001
20002111200
20002112100
20002112220
20002120121
20002122211
20002200021
20002201201
20002210010
20002212121
20002212200
20002220000
20002220210
20002221111
20002222010
20010000111
20010001010
20010002000
20010002210
20010010201
20010012021
20010021121
20010021200
20010022010
20010100120
20010102010
20010102201
20010110020
20010110110
20010111221
20010112120
20010120101
20010121011
20010201211
20010202121
20010210011
20010210120
20010211200
20010220200
20010221100
20010221220
20010222001
20011000001
20011001021
20011001201
20011002010
20011011100
20011012220
20011020110
20011020221
20011021001
20011101001
20011101220
20011102111
20011110120
20011111111
20011112011
20011112101
20011120000
20011122210
20011200020
20011201110
20011210221
20011212000
20011212111
20011220121
20011220211
20011221200
20011222221
20012000020
20012000021
20012001001
20012001120
20012010000
20012010121
20012011210
20012011211
20012022100
20012022101
20012100210
20012100211
20012111100
20012111101
20012112111
20012112200
20012121110
20012121201
20012122020
20012122021
20012200100
20012200101
20012202011
20012202220
20012211020
20012211021
20012220010
20012220221
20012222210
20012222211
20020001210
20020001211
20020002010
20020002221
20020011011
20020011220
20020012100
20020012101
20020020020
20020020021
20020101100
20020101101
20020110001
20020110120
20020112020
20020112021
20020120210
20020120211
20020122000
20020122121
20020200110
20020200201
20020201020
20020201021
20020212210
20020212211
20020220100
20020220101
20020221111
20020221200
20021000100
20021000220
20021001001
20021002200
20021010211
20021011121
20021020200
20021022011
20021022120
20021100121
20021100200
20021101010
20021110010
20021111000
20021111210
20021112111
20021121021
20021122201
20021200011
20021202101
20021211010
20021211201
20021212120
20021220221
20021221120
20021222020
20021222110
20022000200
20022001221
20022002121
20022002211
20022010110
20022012020
20022021000
20022021111
20022022221
20022100001
20022102110
20022102221
20022110021
20022110201
20022111010
20022112001
20022120100
20022121220
20022201210
20022202000
20022210001
20022210220
20022211111
20022220111
20022221011
20022221101
20022222120
20100000111
20100001021
20100010100
20100012020
20100012211
20100020000
20100020120
20100021201
20100022100
20100100210
20100101110
20100101200
20100102011
20100111221
20100112101
20100120021
20100120100
20100121210
20100201101
20100201210
20100202020
20100210121
20100211020
20100212010
20100212220
20100220211
20100222001
20101000010
20101002220
20101011011
20101011200
20101012121
20101020100
20101021121
20101022021
20101022111
20101100101
20101100221
20101101210
20101102201
20101110000
20101111120
20101120201
20101122010
20101122121
20101200120
20101200201
20101201011
20101210011
20101211001
20101211211
20101212020
20101221110
20101222200
20102001120
20102001211
20102002000
20102002001
20102010220
20102010221
20102021110
20102021111
20102022121
20102022210
20102100020
20102100201
20102102220
20102102221
20102110110
20102110111
20102112021
20102112200
20102121000
20102121001
20102202110
20102202111
20102210000
20102210001
20102211011
20102211100
20102220010
20102220101
20102221220
20102221221
20110000220
20110000221
20110002010
20110002101
20110011110
20110011111
20110020011
20110020100
20110022000
20110022001
20110100110
20110100111
20110101121
20110101210
20110110120
20110110211
20110111000
20110111001
20110122220
20110122221
20110200000
20110200001
20110211220
20110211221
20110212020
20110212201
20110221021
20110221200
20110222110
20110222111
20111001001
20111002211
20111010101
20111010210
20111011020
20111020020
20111021010
20111021220
20111022121
20111100201
20111101100
20111102000
20111102120
20111110021
20111112111
20111121020
20111121211
20111122100
20111200210
20111202021
20111202100
20111210110
20111210200
20111211011
20111212210
20111220221
20111221101
20112000110
20112001200
20112010011
20112012120
20112012201
20112020001
20112020211
20112021020
20112022011
20112100121
20112101021
20112101111
20112102100
20112111220
20112112010
20112120011
20112120200
20112121121
20112201010
20112201121
20112202201
20112210210
20112211201
20112212101
20112212221
20112220120
20112222000
20120001000
20120002120
20120010010
20120010121
20120011201
20120020201
20120021101
20120021221
20120022210
20120100020
20120101011
20120102001
20120102211
20120110200
20120112110
20120121120
20120121201
20120122011
20120200121
20120202011
20120202200
20120210021
20120210111
20120211100
20120212121
20120220220
20120221010
20121000021
20121000200
20121001110
20121001111
20121012000
20121012001
20121020220
20121020221
20121021020
20121021201
20121101000
20121101001
20121102011
20121102100
20121111010
20121111101
20121112220
20121112221
20121120110
20121120111
20121201220
20121201221
20121210121
20121210210
20121212110
20121212111
20121220000
20121220001
20121222120
20121222211
20122000101
20122002221
20122011021
20122011100
20122012210
20122020011
20122021210
20122022110
20122022200
20122100010
20122100220
20122101121
20122102020
20122110001
20122111211
20122120020
20122122101
20122122210
20122200020
20122200211
20122201100
20122210100
20122211000
20122211120
20122212201
20122221111
20122222021
20200002200
20200002201
20200010120
20200010121
20200011101
20200011220
20200020100
20200020221
20200021010
20200021011
20200101001
20200101210
20200102120
20200102121
20200110010
20200110011
20200121200
20200121201
20200122000
20200122211
20200200021
20200200110
20200202010
20200202011
20200210200
20200210201
20200212020
20200212111
20200221120
20200221121
20201001000
20201001221
20201002110
20201010211
20201011110
20201012010
20201012100
20201020001
20201022121
20201100201
20201101111
20201110220
20201112001
20201112110
20201120120
20201120210
20201121021
20201122220
20201200000
20201201020
20201201200
20201202101
20201211011
20201212221
20201220111
20201220220
20201221000
20202000021
20202000210
20202001101
20202010101
20202011001
20202011121
20202012110
20202021200
20202022020
20202100100
20202102010
20202111020
20202111101
20202112211
20202120220
20202121211
20202122111
20202122201
20202200011
20202200221
20202201000
20202202021
20202210120
20202211210
20202220021
20202222100
20202222211
20210001100
20210001211
20210002021
20210010000
20210011021
20210012011
20210012221
20210020210
20210022120
20210100200
20210101020
20210110101
20210112021
20210112210
20210120001
20210120121
20210121110
20210122101
20210200211
20210201111
20210201201
20210202220
20210211010
20210212100
20210220020
20210220101
20210221211
20211000120
20211000121
20211011010
20211011011
20211012021
20211012110
20211021020
20211021111
20211022200
20211022201
20211100010
20211100011
20211102100
20211102221
20211111200
20211111201
20211120101
20211120220
20211122120
20211122121
20211200200
20211200201
20211201000
20211201211
20211210001
20211210210
20211211120
20211211121
20211222010
20211222011
20212000000
20212002111
20212002220
20212010020
20212010200
20212011101
20212012000
20212020011
20212021221
20212101121
20212102001
20212110000
20212110221
20212111110
20212120110
20212121010
20212121100
20212122211
20212200021
20212201220
20212202120
20212202210
20212210111
20212212201
20212221001
20212221110
20212222220
20220000001
20220000110
20220001220
20220010220
20220011120
20220011210
20220012021
20220021201
20220022111
20220100221
20220102011
20220111111
20220111220
20220112000
20220120101
20220121000
20220122020
20220122200
20220200010
20220200100
20220201211
20220202110
20220210121
20220211001
20220220110
20220222000
20220222221
20221000211
20221002020
20221002101
20221010111
20221010201
20221011220
20221012211
20221020010
20221021100
20221101120
20221102210
20221110100
20221110211
20221111021
20221120021
20221121011
20221121221
20221122000
20221200110
20221201101
20221202001
20221202121
20221210020
20221212200
20221221021
20221221210
20221222101
20222001010
20222001011
20222010000
20222010211
20222012200
20222012201
20222020120
20222020121
20222022001
20222022210
20222100020
20222100111
20222101200
20222101201
20222112120
20222112121
20222120010
20222120011
20222121021
20222121110
20222201120
20222201121
20222202101
20222202220
20222211100
20222211221
20222212010
20222212011
20222220200
20222220201
21000000020
21000000111
21000001200
21000001201
21000012120
21000012121
21000020010
21000020011
21000021021
21000021110
21000101120
21000101121
21000102101
21000102220
21000111100
21000111221
21000112010
21000112011
21000120200
21000120201
21000201010
21000201011
21000210000
21000210211
21000212200
21000212201
21000220120
21000220121
21000222001
21000222210
21001000221
21001002011
21001011111
21001011220
21001012000
21001020101
21001021000
21001022020
21001022200
21001100010
21001100100
21001101211
21001102110
21001110121
21001111001
21001120110
21001122000
21001122221
21001200001
21001200110
21001201220
21001210220
21001211120
21001211210
21001212021
21001221201
21001222111
21002001120
21002002210
21002010100
21002010211
21002011021
21002020021
21002021011
21002021221
21002022000
21002100110
21002101101
21002102001
21002102121
21002110020
21002112200
21002121021
21002121210
21002122101
21002200211
21002202020
21002202101
21002210111
21002210201
21002211220
21002212211
21002220010
21002221100
21010000100
21010002010
21010011020
21010011101
21010012211
21010020220
21010021211
21010022111
21010022201
21010100011
21010100221
21010101000
21010102021
21010110120
21010111210
21010120021
21010122100
21010122211
21010200021
21010200210
21010201101
21010210101
21010211001
21010211121
21010212110
21010221200
21010222020
21011001001
21011001210
21011002120
21011002121
21011010010
21011010011
21011021200
21011021201
21011022000
21011022211
21011100021
21011100110
21011102010
21011102011
21011110200
21011110201
21011112020
21011112111
21011121120
21011121121
21011202200
21011202201
21011210120
21011210121
21011211101
21011211220
21011220100
21011220221
21011221010
21011221011
21012000201
21012001111
21012010220
21012012001
21012012110
21012020120
21012020210
21012021021
21012022220
21012100000
21012101020
21012101200
21012102101
21012111011
21012112221
21012120111
21012120220
21012121000
21012201000
21012201221
21012202110
21012210211
21012211110
21012212010
21012212100
21012220001
21012222121
21020001121
21020002001
21020010000
21020010221
21020011110
21020020110
21020021010
21020021100
21020022211
21020100021
21020101220
21020102120
21020102210
21020110111
21020112201
21020121001
21020121110
21020122220
21020200000
21020202111
21020202220
21020210020
21020210200
21020211101
21020212000
21020220011
21020221221
21021000200
21021001020
21021010101
21021012021
21021012210
21021020001
21021020121
21021021110
21021022101
21021100211
21021101111
21021101201
21021102220
21021111010
21021112100
21021120020
21021120101
21021121211
21021201100
21021201211
21021202021
21021210000
21021211021
21021212011
21021212221
21021220210
21021222120
21022000010
21022000011
21022002100
21022002221
21022011200
21022011201
21022020101
21022020220
21022022120
21022022121
21022100200
21022100201
21022101000
21022101211
21022110001
21022110210
21022111120
21022111121
21022122010
21022122011
21022200120
21022200121
21022211010
21022211011
21022212021
21022212110
21022221020
21022221111
21022222200
21022222201
21100000001
21100002110
21100002221
21100010021
21100010201
21100011010
21100012001
21100020100
21100021220
21100101210
21100102000
21100110001
21100110220
21100111111
21100120111
21100121011
21100121101
21100122120
21100200200
21100201221
21100202121
21100202211
21100210110
21100212020
21100221000
21100221111
21100222221
21101001100
21101001101
21101010001
21101010120
21101012020
21101012021
21101020210
21101020211
21101022000
21101022121
21101100110
21101100201
21101101020
21101101021
21101112210
21101112211
21101120100
21101120101
21101121111
21101121200
21101201210
21101201211
21101202010
21101202221
21101211011
21101211220
21101212100
21101212101
21101220020
21101220021
21102000121
21102000200
21102001010
21102010010
21102011000
21102011210
21102012111
21102021021
21102022201
21102100011
21102102101
21102111010
21102111201
21102112120
21102120221
21102121120
21102122020
21102122110
21102200100
21102200220
21102201001
21102202200
21102210211
21102211121
21102220200
21102222011
21102222120
21110001011
21110001120
21110002200
21110010001
21110011200
21110012100
21110012220
21110020121
21110022211
21110100021
21110101201
21110110010
21110112121
21110112200
21110120000
21110120210
21110121111
21110122010
21110200120
21110201020
21110201110
21110202221
21110211101
21110212011
21110220010
21110220201
21110221120
21111000000
21111000111
21111001221
21111010221
21111011121
21111011211
21111012200
21111021020
21111022110
21111100220
21111102100
21111111110
21111111221
21111112001
21111120010
21111121001
21111122021
21111122201
21111200011
21111200101
21111201120
21111202111
21111210210
21111211000
21111220111
21111222001
21111222220
21112002020
21112002021
21112010210
21112010211
21112011010
21112011221
21112020011
21112020220
21112021100
21112021101
21112101000
21112101121
21112102210
21112102211
21112110100
21112110101
21112121020
21112121021
21112122001
21112122120
21112200111
21112200200
21112202100
21112202101
21112210020
21112210021
21112212110
21112212201
21112221210
21112221211
21120000210
21120000211
21120011100
21120011101
21120012111
21120012200
21120021110
21120021201
21120022020
21120022021
21120100100
21120100101
21120102011
21120102220
21120111020
21120111021
21120120010
21120120221
21120122210
21120122211
21120200020
21120200021
21120201001
21120201120
21120210000
21120210121
21120211210
21120211211
21120222100
21120222101
21121000120
21121002010
21121002201
21121010020
21121010110
21121011221
21121012120
21121020101
21121021011
21121101211
21121102121
21121110011
21121110120
21121111200
21121120200
21121121100
21121121220
21121122001
21121200111
21121201010
21121202000
21121202210
21121210201
21121212021
21121221121
21121221200
21121222010
21122001001
21122001220
21122002111
21122010120
21122011111
21122012011
21122012101
21122020000
21122022210
21122100020
21122101110
21122110221
21122112000
21122112111
21122120121
21122120211
21122121200
21122122221
21122200001
21122201021
21122201201
21122202010
21122211100
21122212220
21122220110
21122220221
21122221001
21200000010
21200000220
21200001121
21200002020
21200010001
21200011211
21200020020
21200022101
21200022210
21200100020
21200100211
21200101100
21200110100
21200111000
21200111120
21200112201
21200121111
21200122021
21200200101
21200202221
21200211021
21200211100
21200212210
21200220011
21200221210
21200222110
21200222200
21201000020
21201001011
21201002001
21201002211
21201010200
21201012110
21201021120
21201021201
21201022011
21201100121
21201102011
21201102200
21201110021
21201110111
21201111100
21201112121
21201120220
21201121010
21201201000
21201202120
21201210010
21201210121
21201211201
21201220201
21201221101
21201221221
21201222210
21202001000
21202001001
21202002011
21202002100
21202011010
21202011101
21202012220
21202012221
21202020110
21202020111
21202101220
21202101221
21202110121
21202110210
21202112110
21202112111
21202120000
21202120001
21202122120
21202122211
21202200021
21202200200
21202201110
21202201111
21202212000
21202212001
21202220220
21202220221
21202221020
21202221201
21210000020
21210000201
21210002220
21210002221
21210010110
21210010111
21210012021
21210012200
21210021000
21210021001
21210102110
21210102111
21210110000
21210110001
21210111011
21210111100
21210120010
21210120101
21210121220
21210121221
21210201120
21210201211
21210202000
21210202001
21210210220
21210210221
21210221110
21210221111
21210222121
21210222210
21211000210
21211001110
21211001200
21211002011
21211011221
21211012101
21211020021
21211020100
21211021210
21211101101
21211101210
21211102020
21211110121
21211111020
21211112010
21211112220
21211120211
21211122001
21211200111
21211201021
21211210100
21211212020
21211212211
21211220000
21211220120
21211221201
21211222100
21212000101
21212000221
21212001210
21212002201
21212010000
21212011120
21212020201
21212022010
21212022121
21212100120
21212100201
21212101011
21212110011
21212111001
21212111211
21212112020
21212121110
21212122200
21212200010
21212202220
21212211011
21212211200
21212212121
21212220100
21212221121
21212222021
21212222111
21220000121
21220001021
21220001111
21220002100
21220011220
21220012010
21220020011
21220020200
21220021121
21220101010
21220101121
21220102201
21220110210
21220111201
21220112101
21220112221
21220120120
21220122000
21220200110
21220201200
21220210011
21220212120
21220212201
21220220001
21220220211
21220221020
21220222011
21221000110
21221000111
21221001121
21221001210
21221010120
21221010211
21221011000
21221011001
21221022220
21221022221
21221100000
21221100001
21221111220
21221111221
21221112020
21221112201
21221121021
21221121200
21221122110
21221122111
21221200220
21221200221
21221202010
21221202101
21221211110
21221211111
21221220011
21221220100
21221222000
21221222001
21222000201
21222001100
21222002000
21222002120
21222010021
21222012111
21222021020
21222021211
21222022100
21222100210
21222102021
21222102100
21222110110
21222110200
21222111011
21222112210
21222120221
21222121101
21222201001
21222202211
21222210101
21222210210
21222211020
21222220020
21222221010
21222221220
21222222121
22000000210
22000002021
22000002100
22000010110
22000010200
22000011011
22000012210
22000020221
22000021101
22000101001
22000102211
22000110101
22000110210
22000111020
22000120020
22000121010
22000121220
22000122121
22000200201
22000201100
22000202000
22000202120
22000210021
22000212111
22000221020
22000221211
22000222100
22001001010
22001001121
22001002201
22001010210
22001011201
22001012101
22001012221
22001020120
22001022000
22001100110
22001101200
22001110011
22001112120
22001112201
22001120001
22001120211
22001121020
22001122011
22001200121
22001201021
22001201111
22001202100
22001211220
22001212010
22001220011
22001220200
22001221121
22002000000
22002000001
22002011220
22002011221
22002012020
22002012201
22002021021
22002021200
22002022110
22002022111
22002100220
22002100221
22002102010
22002102101
22002111110
22002111111
22002120011
22002120100
22002122000
22002122001
22002200110
22002200111
22002201121
22002201210
22002210120
22002210211
22002211000
22002211001
22002222220
22002222221
22010001220
22010001221
22010010121
22010010210
22010012110
22010012111
22010020000
22010020001
22010022120
22010022211
22010100021
22010100200
22010101110
22010101111
22010112000
22010112001
22010120220
22010120221
22010121020
22010121201
22010201000
22010201001
22010202011
22010202100
22010211010
22010211101
22010212220
22010212221
22010220110
22010220111
22011000020
22011000211
22011001100
22011010100
22011011000
22011011120
22011012201
22011021111
22011022021
22011100101
22011102221
22011111021
22011111100
22011112210
22011120011
22011121210
22011122110
22011122200
22011200010
22011200220
22011201121
22011202020
22011210001
22011211211
22011220020
22011222101
22011222210
22012000121
22012002011
22012002200
22012010021
22012010111
22012011100
22012012121
22012020220
22012021010
22012101000
22012102120
22012110010
22012110121
22012111201
22012120201
22012121101
22012121221
22012122210
22012200020
22012201011
22012202001
22012202211
22012210200
22012212110
22012221120
22012221201
22012222011
22020000120
22020000201
22020001011
22020010011
22020011001
22020011211
22020012020
22020021110
22020022200
22020100010
22020102220
22020111011
22020111200
22020112121
22020120100
22020121121
22020122021
22020122111
22020200101
22020200221
22020201210
22020202201
22020210000
22020211120
22020220201
22020222010
22020222121
22021002110
22021002111
22021010000
22021010001
22021011011
22021011100
22021020010
22021020101
22021021220
22021021221
22021101120
22021101211
22021102000
22021102001
22021110220
22021110221
22021121110
22021121111
22021122121
22021122210
22021200020
22021200201
22021202220
22021202221
22021210110
22021210111
22021212021
22021212200
22021221000
22021221001
22022001101
22022001210
22022002020
22022010121
22022011020
22022012010
22022012220
22022020211
22022022001
22022100111
22022101021
22022110100
22022112020
22022112211
22022120000
22022120120
22022121201
22022122100
22022200210
22022201110
22022201200
22022202011
22022211221
22022212101
22022220021
22022220100
22022221210
22100000200
22100000201
22100001000
22100001211
22100010001
22100010210
22100011120
22100011121
22100022010
22100022011
22100100120
22100100121
22100111010
22100111011
22100112021
22100112110
22100121020
22100121111
22100122200
22100122201
22100200010
22100200011
22100202100
22100202221
22100211200
22100211201
22100220101
22100220220
22100222120
22100222121
22101000021
22101001220
22101002120
22101002210
22101010111
22101012201
22101021001
22101021110
22101022220
22101100000
22101102111
22101102220
22101110020
22101110200
22101111101
22101112000
22101120011
22101121221
22101201121
22101202001
22101210000
22101210221
22101211110
22101220110
22101221010
22101221100
22101222211
22102000211
22102001111
22102001201
22102002220
22102011010
22102012100
22102020020
22102020101
22102021211
22102101100
22102101211
22102102021
22102110000
22102111021
22102112011
22102112221
22102120210
22102122120
22102200200
22102201020
22102210101
22102212021
22102212210
22102220001
22102220121
22102221110
22102222101
22110000110
22110001101
22110002001
22110002121
22110010020
22110012200
22110021021
22110021210
22110022101
22110100211
22110102020
22110102101
22110110111
22110110201
22110111220
22110112211
22110120010
22110121100
22110201120
22110202210
22110210100
22110210211
22110211021
22110220021
22110221011
22110221221
22110222000
22111001120
22111001121
22111002101
22111002220
22111011100
22111011221
22111012010
22111012011
22111020200
22111020201
22111101010
22111101011
22111110000
22111110211
22111112200
22111112201
22111120120
22111120121
22111122001
22111122210
22111200020
22111200111
22111201200
22111201201
22111212120
22111212121
22111220010
22111220011
22111221021
22111221110
22112000010
22112000100
22112001211
22112002110
22112010121
22112011001
22112020110
22112022000
22112022221
22112100001
22112100110
22112101220
22112110220
22112111120
22112111210
22112112021
22112121201
22112122111
22112200221
22112202011
22112211111
22112211220
22112212000
22112220101
22112221000
22112222020
22112222200
22120000000
22120001020
22120001200
22120002101
22120011011
22120012221
22120020111
22120020220
22120021000
22120101000
22120101221
22120102110
22120110211
22120111110
22120112010
22120112100
22120120001
22120122121
22120200201
22120201111
22120210220
22120212001
22120212110
22120220120
22120220210
22120221021
22120222220
22121000011
22121000221
22121001000
22121002021
22121010120
22121011210
22121020021
22121022100
22121022211
22121100021
22121100210
22121101101
22121110101
22121111001
22121111121
22121112110
22121121200
22121122020
22121200100
22121202010
22121211020
22121211101
22121212211
22121220220
22121221211
22121222111
22121222201
22122000021
22122000110
22122002010
22122002011
22122010200
22122010201
22122012020
22122012111
22122021120
22122021121
22122102200
22122102201
22122110120
22122110121
22122111101
22122111220
22122120100
22122120221
22122121010
22122121011
22122201001
22122201210
22122202120
22122202121
22122210010
22122210011
22122221200
22122221201
22122222000
22122222211
22200000020
22200001110
22200010221
22200012000
22200012111
22200020121
22200020211
22200021200
22200022221
22200100001
22200101021
22200101201
22200102010
22200111100
22200112220
22200120110
22200120221
22200121001
22200201001
22200201220
22200202111
22200210120
22200211111
22200212011
22200212101
22200220000
22200222210
22201000100
22201000101
22201002011
22201002220
22201011020
22201011021
22201020010
22201020221
22201022210
22201022211
22201100020
22201100021
22201101001
22201101120
22201110000
22201110121
22201111210
22201111211
22201122100
22201122101
22201200210
22201200211
22201211100
22201211101
22201212111
22201212200
22201221110
22201221201
22201222020
22201222021
22202001211
22202002121
22202010011
22202010120
22202011200
22202020200
22202021100
22202021220
22202022001
22202100111
22202101010
22202102000
22202102210
22202110201
22202112021
22202121121
22202121200
22202122010
22202200120
22202202010
22202202201
22202210020
22202210110
22202211221
22202212120
22202220101
22202221011
22210000011
22210002101
22210011010
22210011201
22210012120
22210020221
22210021120
22210022020
22210022110
22210100100
22210100220
22210101001
22210102200
22210110211
22210111121
22210120200
22210122011
22210122120
22210200121
22210200200
22210201010
22210210010
22210211000
22210211210
22210212111
22210221021
22210222201
22211001210
22211002000
22211010001
22211010220
22211011111
22211020111
22211021011
22211021101
22211022120
22211100200
22211101221
22211102121
22211102211
22211110110
22211112020
22211121000
22211121111
22211122221
22211200001
22211202110
22211202221
22211210021
22211210201
22211211010
22211212001
22211220100
22211221220
22212000110
22212000201
22212001020
22212001021
22212012210
22212012211
22212020100
22212020101
22212021111
22212021200
22212101210
22212101211
22212102010
22212102221
22212111011
22212111220
22212112100
22212112101
22212120020
22212120021
22212201100
22212201101
22212210001
22212210120
22212212020
22212212021
22212220210
22212220211
22212222000
22212222121
22220001000
22220001121
22220002210
22220002211
22220010100
22220010101
22220021020
22220021021
22220022001
22220022120
22220100111
22220100200
22220102100
22220102101
22220110020
22220110021
22220112110
22220112201
22220121210
22220121211
22220202020
22220202021
22220210210
22220210211
22220211010
22220211221
22220220011
22220220220
22220221100
22220221101
22221000021
22221001201
22221010010
22221012121
22221012200
22221020000
22221020210
22221021111
22221022010
22221100120
22221101020
22221101110
22221102221
22221111101
22221112011
22221120010
22221120201
22221121120
22221201011
22221201120
22221202200
22221210001
22221211200
22221212100
22221212220
22221220121
22221222211
22222000220
22222002100
22222011110
22222011221
22222012001
22222020010
22222021001
22222022021
22222022201
22222100011
22222100101
22222101120
22222102111
22222110210
22222111000
22222120111
22222122001
22222122220
22222200000
22222200111
22222201221
22222210221
22222211121
22222211211
22222212200
22222221020
22222222110