0000000021
0000000201
0000001110
0000002001
0000002220
0000010002
0000010212
0000011121
0000012012
0000012201
0000020010
0000020220
0000021102
0000022020
0000022212
0000100002
0000100122
0000101211
0000102021
0000102102
0000110010
0000110100
0000111222
0000112002
0000112110
0000120021
0000120111
0000121200
0000122010
0000122121
0000200100
0000200220
0000201012
0000202122
0000202200
0000210111
0000210201
0000211020
0000212100
0000212211
0000220122
0000220212
0000221001
0000222111
0000222222
0001000002
0001000221
0001001022
0001001202
0001002111
0001010010
0001010202
0001011000
0001011210
0001012122
0001020021
0001020210
0001021011
0001021221
0001022100
0001100022
0001100100
0001101000
0001101120
0001102212
0001110000
0001110111
0001111011
0001111101
0001112220
0001120011
0001120122
0001121022
0001121112
0001122201
0001200120
0001200201
0001201101
0001201221
0001202010
0001210101
0001210212
0001211112
0001211202
0001212021
0001220112
0001220220
0001221120
0001221210
0001222002
0002000112
0002001000
0002001222
0002002020
0002002200
0002010120
0002011011
0002011200
0002012001
0002012211
0002020101
0002021022
0002021211
0002022012
0002022222
0002100210
0002101020
0002101101
0002102001
0002102121
0002110221
0002111001
0002111112
0002112012
0002112102
0002120202
0002121012
0002121120
0002122020
0002122110
0002200011
0002201121
0002201202
0002202102
0002202222
0002210022
0002211102
0002211210
0002212110
0002212200
0002220000
0002221110
0002221221
0002222121
0002222211
0010000000
0010000210
0010001122
0010002010
0010002202
0010010011
0010010221
0010011100
0010012021
0010012210
0010020022
0010020202
0010021111
0010022002
0010022221
0010100011
0010100101
0010101220
0010102000
0010102111
0010110022
0010110112
0010111201
0010112011
0010112122
0010120000
0010120120
0010121212
0010122022
0010122100
0010200112
0010200202
0010201021
0010202101
0010202212
0010210120
0010210210
0010211002
0010212112
0010212220
0010220101
0010220221
0010221010
0010222120
0010222201
0011000011
0011000200
0011001001
0011001211
0011002120
0011010022
0011010211
0011011012
0011011222
0011012101
0011020000
0011020222
0011021020
0011021200
0011022112
0011100001
0011100112
0011101012
0011101102
0011102221
0011110012
0011110120
0011111020
0011111110
0011112202
0011120020
0011120101
0011121001
0011121121
0011122210
0011200102
0011200210
0011201110
0011201200
0011202022
0011210110
0011210221
0011211121
0011211211
0011212000
0011220121
0011220202
0011221102
0011221222
0011222011
0012000121
0012001012
0012001201
0012002002
0012002212
0012010102
0012011020
0012011212
0012012010
0012012220
0012020110
0012021001
0012021220
0012022021
0012022201
0012100222
0012101002
0012101110
0012102010
0012102100
0012110200
0012111010
0012111121
0012112021
0012112111
0012120211
0012121021
0012121102
0012122002
0012122122
0012200020
0012201100
0012201211
0012202111
0012202201
0012210001
0012211111
0012211222
0012212122
0012212212
0012220012
0012221122
0012221200
0012222100
0012222220
0020000012
0020000222
0020001101
0020002022
0020002211
0020010020
0020010200
0020011112
0020012000
0020012222
0020020001
0020020211
0020021120
0020022011
0020022200
0020100020
0020100110
0020101202
0020102012
0020102120
0020110001
0020110121
0020111210
0020112020
0020112101
0020120012
0020120102
0020121221
0020122001
0020122112
0020200121
0020200211
0020201000
0020202110
0020202221
0020210102
0020210222
0020211011
0020212121
0020212202
0020220110
0020220200
0020221022
0020222102
0020222210
0021000020
0021000212
0021001010
0021001220
0021002102
0021010001
0021010220
0021011021
0021011201
0021012110
0021020012
0021020201
0021021002
0021021212
0021022121
0021100010
0021100121
0021101021
0021101111
0021102200
0021110021
0021110102
0021111002
0021111122
0021112211
0021120002
0021120110
0021121010
0021121100
0021122222
0021200111
0021200222
0021201122
0021201212
0021202001
0021210122
0021210200
0021211100
0021211220
0021212012
0021220100
0021220211
0021221111
0021221201
0021222020
0022000100
0022001021
0022001210
0022002011
0022002221
0022010111
0022011002
0022011221
0022012022
0022012202
0022020122
0022021010
0022021202
0022022000
0022022210
0022100201
0022101011
0022101122
0022102022
0022102112
0022110212
0022111022
0022111100
0022112000
0022112120
0022120220
0022121000
0022121111
0022122011
0022122101
0022200002
0022201112
0022201220
0022202120
0022202210
0022210010
0022211120
0022211201
0022212101
0022212221
0022220021
0022221101
0022221212
0022222112
0022222202
0100000000
0100000120
0100001212
0100002022
0100002100
0100010011
0100010101
0100011220
0100012000
0100012111
0100020022
0100020112
0100021201
0100022011
0100022122
0100100101
0100100221
0100101010
0100102120
0100102201
0100110112
0100110202
0100111021
0100112101
0100112212
0100120120
0100120210
0100121002
0100122112
0100122220
0100200022
0100200202
0100201111
0100202002
0100202221
0100210000
0100210210
0100211122
0100212010
0100212202
0100220011
0100220221
0100221100
0100222021
0100222210
0101000020
0101000101
0101001001
0101001121
0101002210
0101010001
0101010112
0101011012
0101011102
0101012221
0101020012
0101020120
0101021020
0101021110
0101022202
0101100121
0101100202
0101101102
0101101222
0101102011
0101110102
0101110210
0101111110
0101111200
0101112022
0101120110
0101120221
0101121121
0101121211
0101122000
0101200000
0101200222
0101201020
0101201200
0101202112
0101210011
0101210200
0101211001
0101211211
0101212120
0101220022
0101220211
0101221012
0101221222
0101222101
0102000211
0102001021
0102001102
0102002002
0102002122
0102010222
0102011002
0102011110
0102012010
0102012100
0102020200
0102021010
0102021121
0102022021
0102022111
0102100012
0102101122
0102101200
0102102100
0102102220
0102110020
0102111100
0102111211
0102112111
0102112201
0102120001
0102121111
0102121222
0102122122
0102122212
0102200110
0102201001
0102201220
0102202021
0102202201
0102210121
0102211012
0102211201
0102212002
0102212212
0102220102
0102221020
0102221212
0102222010
0102222220
0110000012
0110000102
0110001221
0110002001
0110002112
0110010020
0110010110
0110011202
0110012012
0110012120
0110020001
0110020121
0110021210
0110022020
0110022101
0110100110
0110100200
0110101022
0110102102
0110102210
0110110121
0110110211
0110111000
0110112110
0110112221
0110120102
0110120222
0110121011
0110122121
0110122202
0110200001
0110200211
0110201120
0110202011
0110202200
0110210012
0110210222
0110211101
0110212022
0110212211
0110220020
0110220200
0110221112
0110222000
0110222222
0111000002
0111000110
0111001010
0111001100
0111002222
0111010010
0111010121
0111011021
0111011111
0111012200
0111020021
0111020102
0111021002
0111021122
0111022211
0111100100
0111100211
0111101111
0111101201
0111102020
0111110111
0111110222
0111111122
0111111212
0111112001
0111120122
0111120200
0111121100
0111121220
0111122012
0111200012
0111200201
0111201002
0111201212
0111202121
0111210020
0111210212
0111211010
0111211220
0111212102
0111220001
0111220220
0111221021
0111221201
0111222110
0112000220
0112001000
0112001111
0112002011
0112002101
0112010201
0112011011
0112011122
0112012022
0112012112
0112020212
0112021022
0112021100
0112022000
0112022120
0112100021
0112101101
0112101212
0112102112
0112102202
0112110002
0112111112
0112111220
0112112120
0112112210
0112120010
0112121120
0112121201
0112122101
0112122221
0112200122
0112201010
0112201202
0112202000
0112202210
0112210100
0112211021
0112211210
0112212011
0112212221
0112220111
0112221002
0112221221
0112222022
0112222202
0120000021
0120000111
0120001200
0120002010
0120002121
0120010002
0120010122
0120011211
0120012021
0120012102
0120020010
0120020100
0120021222
0120022002
0120022110
0120100122
0120100212
0120101001
0120102111
0120102222
0120110100
0120110220
0120111012
0120112122
0120112200
0120120111
0120120201
0120121020
0120122100
0120122211
0120200010
0120200220
0120201102
0120202020
0120202212
0120210021
0120210201
0120211110
0120212001
0120212220
0120220002
0120220212
0120221121
0120222012
0120222201
0121000011
0121000122
0121001022
0121001112
0121002201
0121010022
0121010100
0121011000
0121011120
0121012212
0121020000
0121020111
0121021011
0121021101
0121022220
0121100112
0121100220
0121101120
0121101210
0121102002
0121110120
0121110201
0121111101
0121111221
0121112010
0121120101
0121120212
0121121112
0121121202
0121122021
0121200021
0121200210
0121201011
0121201221
0121202100
0121210002
0121210221
0121211022
0121211202
0121212111
0121220010
0121220202
0121221000
0121221210
0121222122
0122000202
0122001012
0122001120
0122002020
0122002110
0122010210
0122011020
0122011101
0122012001
0122012121
0122020221
0122021001
0122021112
0122022012
0122022102
0122100000
0122101110
0122101221
0122102121
0122102211
0122110011
0122111121
0122111202
0122112102
0122112222
0122120022
0122121102
0122121210
0122122110
0122122200
0122200101
0122201022
0122201211
0122202012
0122202222
0122210112
0122211000
0122211222
0122212020
0122212200
0122220120
0122221011
0122221200
0122222001
0122222211
0200000102
0200000222
0200001011
0200002121
0200002202
0200010110
0200010200
0200011022
0200012102
0200012210
0200020121
0200020211
0200021000
0200022110
0200022221
0200100020
0200100200
0200101112
0200102000
0200102222
0200110001
0200110211
0200111120
0200112011
0200112200
0200120012
0200120222
0200121101
0200122022
0200122211
0200200001
0200200121
0200201210
0200202020
0200202101
0200210012
0200210102
0200211221
0200212001
0200212112
0200220020
0200220110
0200221202
0200222012
0200222120
0201000122
0201000200
0201001100
0201001220
0201002012
0201010100
0201010211
0201011111
0201011201
0201012020
0201020111
0201020222
0201021122
0201021212
0201022001
0201100001
0201100220
0201101021
0201101201
0201102110
0201110012
0201110201
0201111002
0201111212
0201112121
0201120020
0201120212
0201121010
0201121220
0201122102
0201200021
0201200102
0201201002
0201201122
0201202211
0201210002
0201210110
0201211010
0201211100
0201212222
0201220010
0201220121
0201221021
0201221111
0201222200
0202000010
0202001120
0202001201
0202002101
0202002221
0202010021
0202011101
0202011212
0202012112
0202012202
0202020002
0202021112
0202021220
0202022120
0202022210
0202100111
0202101002
0202101221
0202102022
0202102202
0202110122
0202111010
0202111202
0202112000
0202112210
0202120100
0202121021
0202121210
0202122011
0202122221
0202200212
0202201022
0202201100
0202202000
0202202120
0202210220
0202211000
0202211111
0202212011
0202212101
0202220201
0202221011
0202221122
0202222022
0202222112
0210000111
0210000201
0210001020
0210002100
0210002211
0210010122
0210010212
0210011001
0210012111
0210012222
0210020100
0210020220
0210021012
0210022122
0210022200
0210100002
0210100212
0210101121
0210102012
0210102201
0210110010
0210110220
0210111102
0210112020
0210112212
0210120021
0210120201
0210121110
0210122001
0210122220
0210200010
0210200100
0210201222
0210202002
0210202110
0210210021
0210210111
0210211200
0210212010
0210212121
0210220002
0210220122
0210221211
0210222021
0210222102
0211000101
0211000212
0211001112
0211001202
0211002021
0211010112
0211010220
0211011120
0211011210
0211012002
0211020120
0211020201
0211021101
0211021221
0211022010
0211100010
0211100202
0211101000
0211101210
0211102122
0211110021
0211110210
0211111011
0211111221
0211112100
0211120002
0211120221
0211121022
0211121202
0211122111
0211200000
0211200111
0211201011
0211201101
0211202220
0211210011
0211210122
0211211022
0211211112
0211212201
0211220022
0211220100
0211221000
0211221120
0211222212
0212000022
0212001102
0212001210
0212002110
0212002200
0212010000
0212011110
0212011221
0212012121
0212012211
0212020011
0212021121
0212021202
0212022102
0212022222
0212100120
0212101011
0212101200
0212102001
0212102211
0212110101
0212111022
0212111211
0212112012
0212112222
0212120112
0212121000
0212121222
0212122020
0212122200
0212200221
0212201001
0212201112
0212202012
0212202102
0212210202
0212211012
0212211120
0212212020
0212212110
0212220210
0212221020
0212221101
0212222001
0212222121
0220000120
0220000210
0220001002
0220002112
0220002220
0220010101
0220010221
0220011010
0220012120
0220012201
0220020112
0220020202
0220021021
0220022101
0220022212
0220100011
0220100221
0220101100
0220102021
0220102210
0220110022
0220110202
0220111111
0220112002
0220112221
0220120000
0220120210
0220121122
0220122010
0220122202
0220200022
0220200112
0220201201
0220202011
0220202122
0220210000
0220210120
0220211212
0220212022
0220212100
0220220011
0220220101
0220221220
0220222000
0220222111
0221000110
0221000221
0221001121
0221001211
0221002000
0221010121
0221010202
0221011102
0221011222
0221012011
0221020102
0221020210
0221021110
0221021200
0221022022
0221100022
0221100211
0221101012
0221101222
0221102101
0221110000
0221110222
0221111020
0221111200
0221112112
0221120011
0221120200
0221121001
0221121211
0221122120
0221200012
0221200120
0221201020
0221201110
0221202202
0221210020
0221210101
0221211001
0221211121
0221212210
0221220001
0221220112
0221221012
0221221102
0221222221
0222000001
0222001111
0222001222
0222002122
0222002212
0222010012
0222011122
0222011200
0222012100
0222012220
0222020020
0222021100
0222021211
0222022111
0222022201
0222100102
0222101020
0222101212
0222102010
0222102220
0222110110
0222111001
0222111220
0222112021
0222112201
0222120121
0222121012
0222121201
0222122002
0222122212
0222200200
0222201010
0222201121
0222202021
0222202111
0222210211
0222211021
0222211102
0222212002
0222212122
0222220222
0222221002
0222221110
0222222010
0222222100
1000000000
1000000222
1000001020
1000001200
1000002112
1000010011
1000010200
1000011001
1000011211
1000012120
1000020022
1000020211
1000021012
1000021222
1000022101
1000100020
1000100101
1000101001
1000101121
1000102210
1000110001
1000110112
1000111012
1000111102
1000112221
1000120012
1000120120
1000121020
1000121110
1000122202
1000200121
1000200202
1000201102
1000201222
1000202011
1000210102
1000210210
1000211110
1000211200
1000212022
1000220110
1000220221
1000221121
1000221211
1000222000
1001000110
1001001001
1001001220
1001002021
1001002201
1001010121
1001011012
1001011201
1001012002
1001012212
1001020102
1001021020
1001021212
1001022010
1001022220
1001100211
1001101021
1001101102
1001102002
1001102122
1001110222
1001111002
1001111110
1001112010
1001112100
1001120200
1001121010
1001121121
1001122021
1001122111
1001200012
1001201122
1001201200
1001202100
1001202220
1001210020
1001211100
1001211211
1001212111
1001212201
1001220001
1001221111
1001221222
1001222122
1001222212
1002000022
1002000202
1002001111
1002002002
1002002221
1002010000
1002010210
1002011122
1002012010
1002012202
1002020011
1002020221
1002021100
1002022021
1002022210
1002100000
1002100120
1002101212
1002102022
1002102100
1002110011
1002110101
1002111220
1002112000
1002112111
1002120022
1002120112
1002121201
1002122011
1002122122
1002200101
1002200221
1002201010
1002202120
1002202201
1002210112
1002210202
1002211021
1002212101
1002212212
1002220120
1002220210
1002221002
1002222112
1002222220
1010000012
1010000201
1010001002
1010001212
1010002121
1010010020
1010010212
1010011010
1010011220
1010012102
1010020001
1010020220
1010021021
1010021201
1010022110
1010100002
1010100110
1010101010
1010101100
1010102222
1010110010
1010110121
1010111021
1010111111
1010112200
1010120021
1010120102
1010121002
1010121122
1010122211
1010200100
1010200211
1010201111
1010201201
1010202020
1010210111
1010210222
1010211122
1010211212
1010212001
1010220122
1010220200
1010221100
1010221220
1010222012
1011000122
1011001010
1011001202
1011002000
1011002210
1011010100
1011011021
1011011210
1011012011
1011012221
1011020111
1011021002
1011021221
1011022022
1011022202
1011100220
1011101000
1011101111
1011102011
1011102101
1011110201
1011111011
1011111122
1011112022
1011112112
1011120212
1011121022
1011121100
1011122000
1011122120
1011200021
1011201101
1011201212
1011202112
1011202202
1011210002
1011211112
1011211220
1011212120
1011212210
1011220010
1011221120
1011221201
1011222101
1011222221
1012000001
1012000211
1012001120
1012002011
1012002200
1012010012
1012010222
1012011101
1012012022
1012012211
1012020020
1012020200
1012021112
1012022000
1012022222
1012100012
1012100102
1012101221
1012102001
1012102112
1012110020
1012110110
1012111202
1012112012
1012112120
1012120001
1012120121
1012121210
1012122020
1012122101
1012200110
1012200200
1012201022
1012202102
1012202210
1012210121
1012210211
1012211000
1012212110
1012212221
1012220102
1012220222
1012221011
1012222121
1012222202
1020000021
1020000210
1020001011
1020001221
1020002100
1020010002
1020010221
1020011022
1020011202
1020012111
1020020010
1020020202
1020021000
1020021210
1020022122
1020100011
1020100122
1020101022
1020101112
1020102201
1020110022
1020110100
1020111000
1020111120
1020112212
1020120000
1020120111
1020121011
1020121101
1020122220
1020200112
1020200220
1020201120
1020201210
1020202002
1020210120
1020210201
1020211101
1020211221
1020212010
1020220101
1020220212
1020221112
1020221202
1020222021
1021000101
1021001022
1021001211
1021002012
1021002222
1021010112
1021011000
1021011222
1021012020
1021012200
1021020120
1021021011
1021021200
1021022001
1021022211
1021100202
1021101012
1021101120
1021102020
1021102110
1021110210
1021111020
1021111101
1021112001
1021112121
1021120221
1021121001
1021121112
1021122012
1021122102
1021200000
1021201110
1021201221
1021202121
1021202211
1021210011
1021211121
1021211202
1021212102
1021212222
1021220022
1021221102
1021221210
1021222110
1021222200
1022000010
1022000220
1022001102
1022002020
1022002212
1022010021
1022010201
1022011110
1022012001
1022012220
1022020002
1022020212
1022021121
1022022012
1022022201
1022100021
1022100111
1022101200
1022102010
1022102121
1022110002
1022110122
1022111211
1022112021
1022112102
1022120010
1022120100
1022121222
1022122002
1022122110
1022200122
1022200212
1022201001
1022202111
1022202222
1022210100
1022210220
1022211012
1022212122
1022212200
1022220111
1022220201
1022221020
1022222100
1022222211
1100000021
1100000102
1100001002
1100001122
1100002211
1100010002
1100010110
1100011010
1100011100
1100012222
1100020010
1100020121
1100021021
1100021111
1100022200
1100100122
1100100200
1100101100
1100101220
1100102012
1100110100
1100110211
1100111111
1100111201
1100112020
1100120111
1100120222
1100121122
1100121212
1100122001
1100200001
1100200220
1100201021
1100201201
1100202110
1100210012
1100210201
1100211002
1100211212
1100212121
1100220020
1100220212
1100221010
1100221220
1100222102
1101000212
1101001022
1101001100
1101002000
1101002120
1101010220
1101011000
1101011111
1101012011
1101012101
1101020201
1101021011
1101021122
1101022022
1101022112
1101100010
1101101120
1101101201
1101102101
1101102221
1101110021
1101111101
1101111212
1101112112
1101112202
1101120002
1101121112
1101121220
1101122120
1101122210
1101200111
1101201002
1101201221
1101202022
1101202202
1101210122
1101211010
1101211202
1101212000
1101212210
1101220100
1101221021
1101221210
1101222011
1101222221
1102000001
1102000121
1102001210
1102002020
1102002101
1102010012
1102010102
1102011221
1102012001
1102012112
1102020020
1102020110
1102021202
1102022012
1102022120
1102100102
1102100222
1102101011
1102102121
1102102202
1102110110
1102110200
1102111022
1102112102
1102112210
1102120121
1102120211
1102121000
1102122110
1102122221
1102200020
1102200200
1102201112
1102202000
1102202222
1102210001
1102210211
1102211120
1102212011
1102212200
1102220012
1102220222
1102221101
1102222022
1102222211
1110000000
1110000111
1110001011
1110001101
1110002220
1110010011
1110010122
1110011022
1110011112
1110012201
1110020022
1110020100
1110021000
1110021120
1110022212
1110100101
1110100212
1110101112
1110101202
1110102021
1110110112
1110110220
1110111120
1110111210
1110112002
1110120120
1110120201
1110121101
1110121221
1110122010
1110200010
1110200202
1110201000
1110201210
1110202122
1110210021
1110210210
1110211011
1110211221
1110212100
1110220002
1110220221
1110221022
1110221202
1110222111
1111000221
1111001001
1111001112
1111002012
1111002102
1111010202
1111011012
1111011120
1111012020
1111012110
1111020210
1111021020
1111021101
1111022001
1111022121
1111100022
1111101102
1111101210
1111102110
1111102200
1111110000
1111111110
1111111221
1111112121
1111112211
1111120011
1111121121
1111121202
1111122102
1111122222
1111200120
1111201011
1111201200
1111202001
1111202211
1111210101
1111211022
1111211211
1111212012
1111212222
1111220112
1111221000
1111221222
1111222020
1111222200
1112000010
1112000100
1112001222
1112002002
1112002110
1112010021
1112010111
1112011200
1112012010
1112012121
1112020002
1112020122
1112021211
1112022021
1112022102
1112100111
1112100201
1112101020
1112102100
1112102211
1112110122
1112110212
1112111001
1112112111
1112112222
1112120100
1112120220
1112121012
1112122122
1112122200
1112200002
1112200212
1112201121
1112202012
1112202201
1112210010
1112210220
1112211102
1112212020
1112212212
1112220021
1112220201
1112221110
1112222001
1112222220
1120000012
1120000120
1120001020
1120001110
1120002202
1120010020
1120010101
1120011001
1120011121
1120012210
1120020001
1120020112
1120021012
1120021102
1120022221
1120100110
1120100221
1120101121
1120101211
1120102000
1120110121
1120110202
1120111102
1120111222
1120112011
1120120102
1120120210
1120121110
1120121200
1120122022
1120200022
1120200211
1120201012
1120201222
1120202101
1120210000
1120210222
1120211020
1120211200
1120212112
1120220011
1120220200
1120221001
1120221211
1120222120
1121000200
1121001010
1121001121
1121002021
1121002111
1121010211
1121011021
1121011102
1121012002
1121012122
1121020222
1121021002
1121021110
1121022010
1121022100
1121100001
1121101111
1121101222
1121102122
1121102212
1121110012
1121111122
1121111200
1121112100
1121112220
1121120020
1121121100
1121121211
1121122111
1121122201
1121200102
1121201020
1121201212
1121202010
1121202220
1121210110
1121211001
1121211220
1121212021
1121212201
1121220121
1121221012
1121221201
1121222002
1121222212
1122000022
1122000112
1122001201
1122002011
1122002122
1122010000
1122010120
1122011212
1122012022
1122012100
1122020011
1122020101
1122021220
1122022000
1122022111
1122100120
1122100210
1122101002
1122102112
1122102220
1122110101
1122110221
1122111010
1122112120
1122112201
1122120112
1122120202
1122121021
1122122101
1122122212
1122200011
1122200221
1122201100
1122202021
1122202210
1122210022
1122210202
1122211111
1122212002
1122212221
1122220000
1122220210
1122221122
1122222010
1122222202
1200000120
1200000201
1200001101
1200001221
1200002010
1200010101
1200010212
1200011112
1200011202
1200012021
1200020112
1200020220
1200021120
1200021210
1200022002
1200100002
1200100221
1200101022
1200101202
1200102111
1200110010
1200110202
1200111000
1200111210
1200112122
1200120021
1200120210
1200121011
1200121221
1200122100
1200200022
1200200100
1200201000
1200201120
1200202212
1200210000
1200210111
1200211011
1200211101
1200212220
1200220011
1200220122
1200221022
1200221112
1200222201
1201000011
1201001121
1201001202
1201002102
1201002222
1201010022
1201011102
1201011210
1201012110
1201012200
1201020000
1201021110
1201021221
1201022121
1201022211
1201100112
1201101000
1201101222
1201102020
1201102200
1201110120
1201111011
1201111200
1201112001
1201112211
1201120101
1201121022
1201121211
1201122012
1201122222
1201200210
1201201020
1201201101
1201202001
1201202121
1201210221
1201211001
1201211112
1201212012
1201212102
1201220202
1201221012
1201221120
1201222020
1201222110
1202000100
1202000220
1202001012
1202002122
1202002200
1202010111
1202010201
1202011020
1202012100
1202012211
1202020122
1202020212
1202021001
1202022111
1202022222
1202100021
1202100201
1202101110
1202102001
1202102220
1202110002
1202110212
1202111121
1202112012
1202112201
1202120010
1202120220
1202121102
1202122020
1202122212
1202200002
1202200122
1202201211
1202202021
1202202102
1202210010
1202210100
1202211222
1202212002
1202212110
1202220021
1202220111
1202221200
1202222010
1202222121
1210000102
1210000210
1210001110
1210001200
1210002022
1210010110
1210010221
1210011121
1210011211
1210012000
1210020121
1210020202
1210021102
1210021222
1210022011
1210100011
1210100200
1210101001
1210101211
1210102120
1210110022
1210110211
1210111012
1210111222
1210112101
1210120000
1210120222
1210121020
1210121200
1210122112
1210200001
1210200112
1210201012
1210201102
1210202221
1210210012
1210210120
1210211020
1210211110
1210212202
1210220020
1210220101
1210221001
1210221121
1210222210
1211000020
1211001100
1211001211
1211002111
1211002201
1211010001
1211011111
1211011222
1211012122
1211012212
1211020012
1211021122
1211021200
1211022100
1211022220
1211100121
1211101012
1211101201
1211102002
1211102212
1211110102
1211111020
1211111212
1211112010
1211112220
1211120110
1211121001
1211121220
1211122021
1211122201
1211200222
1211201002
1211201110
1211202010
1211202100
1211210200
1211211010
1211211121
1211212021
1211212111
1211220211
1211221021
1211221102
1211222002
1211222122
1212000112
1212000202
1212001021
1212002101
1212002212
1212010120
1212010210
1212011002
1212012112
1212012220
1212020101
1212020221
1212021010
1212022120
1212022201
1212100000
1212100210
1212101122
1212102010
1212102202
1212110011
1212110221
1212111100
1212112021
1212112210
1212120022
1212120202
1212121111
1212122002
1212122221
1212200011
1212200101
1212201220
1212202000
1212202111
1212210022
1212210112
1212211201
1212212011
1212212122
1212220000
1212220120
1212221212
1212222022
1212222100
1220000111
1220000222
1220001122
1220001212
1220002001
1220010122
1220010200
1220011100
1220011220
1220012012
1220020100
1220020211
1220021111
1220021201
1220022020
1220100020
1220100212
1220101010
1220101220
1220102102
1220110001
1220110220
1220111021
1220111201
1220112110
1220120012
1220120201
1220121002
1220121212
1220122121
1220200010
1220200121
1220201021
1220201111
1220202200
1220210021
1220210102
1220211002
1220211122
1220212211
1220220002
1220220110
1220221010
1220221100
1220222222
1221000002
1221001112
1221001220
1221002120
1221002210
1221010010
1221011120
1221011201
1221012101
1221012221
1221020021
1221021101
1221021212
1221022112
1221022202
1221100100
1221101021
1221101210
1221102011
1221102221
1221110111
1221111002
1221111221
1221112022
1221112202
1221120122
1221121010
1221121202
1221122000
1221122210
1221200201
1221201011
1221201122
1221202022
1221202112
1221210212
1221211022
1221211100
1221212000
1221212120
1221220220
1221221000
1221221111
1221222011
1221222101
1222000121
1222000211
1222001000
1222002110
1222002221
1222010102
1222010222
1222011011
1222012121
1222012202
1222020110
1222020200
1222021022
1222022102
1222022210
1222100012
1222100222
1222101101
1222102022
1222102211
1222110020
1222110200
1222111112
1222112000
1222112222
1222120001
1222120211
1222121120
1222122011
1222122200
1222200020
1222200110
1222201202
1222202012
1222202120
1222210001
1222210121
1222211210
1222212020
1222212101
1222220012
1222220102
1222221221
1222222001
1222222112
2000000111
2000001002
2000001221
2000002022
2000002202
2000010122
2000011010
2000011202
2000012000
2000012210
2000020100
2000021021
2000021210
2000022011
2000022221
2000100212
2000101022
2000101100
2000102000
2000102120
2000110220
2000111000
2000111111
2000112011
2000112101
2000120201
2000121011
2000121122
2000122022
2000122112
2000200010
2000201120
2000201201
2000202101
2000202221
2000210021
2000211101
2000211212
2000212112
2000212202
2000220002
2000221112
2000221220
2000222120
2000222210
2001000020
2001000200
2001001112
2001002000
2001002222
2001010001
2001010211
2001011120
2001012011
2001012200
2001020012
2001020222
2001021101
2001022022
2001022211
2001100001
2001100121
2001101210
2001102020
2001102101
2001110012
2001110102
2001111221
2001112001
2001112112
2001120020
2001120110
2001121202
2001122012
2001122120
2001200102
2001200222
2001201011
2001202121
2001202202
2001210110
2001210200
2001211022
2001212102
2001212210
2001220121
2001220211
2001221000
2001222110
2001222221
2002000001
2002000220
2002001021
2002001201
2002002110
2002010012
2002010201
2002011002
2002011212
2002012121
2002020020
2002020212
2002021010
2002021220
2002022102
2002100021
2002100102
2002101002
2002101122
2002102211
2002110002
2002110110
2002111010
2002111100
2002112222
2002120010
2002120121
2002121021
2002121111
2002122200
2002200122
2002200200
2002201100
2002201220
2002202012
2002210100
2002210211
2002211111
2002211201
2002212020
2002220111
2002220222
2002221122
2002221212
2002222001
2010000120
2010001011
2010001200
2010002001
2010002211
2010010101
2010011022
2010011211
2010012012
2010012222
2010020112
2010021000
2010021222
2010022020
2010022200
2010100221
2010101001
2010101112
2010102012
2010102102
2010110202
2010111012
2010111120
2010112020
2010112110
2010120210
2010121020
2010121101
2010122001
2010122121
2010200022
2010201102
2010201210
2010202110
2010202200
2010210000
2010211110
2010211221
2010212121
2010212211
2010220011
2010221121
2010221202
2010222102
2010222222
2011000002
2011000212
2011001121
2011002012
2011002201
2011010010
2011010220
2011011102
2011012020
2011012212
2011020021
2011020201
2011021110
2011022001
2011022220
2011100010
2011100100
2011101222
2011102002
2011102110
2011110021
2011110111
2011111200
2011112010
2011112121
2011120002
2011120122
2011121211
2011122021
2011122102
2011200111
2011200201
2011201020
2011202100
2011202211
2011210122
2011210212
2011211001
2011212111
2011212222
2011220100
2011220220
2011221012
2011222122
2011222200
2012000010
2012000202
2012001000
2012001210
2012002122
2012010021
2012010210
2012011011
2012011221
2012012100
2012020002
2012020221
2012021022
2012021202
2012022111
2012100000
2012100111
2012101011
2012101101
2012102220
2012110011
2012110122
2012111022
2012111112
2012112201
2012120022
2012120100
2012121000
2012121120
2012122212
2012200101
2012200212
2012201112
2012201202
2012202021
2012210112
2012210220
2012211120
2012211210
2012212002
2012220120
2012220201
2012221101
2012221221
2012222010
2020000102
2020001020
2020001212
2020002010
2020002220
2020010110
2020011001
2020011220
2020012021
2020012201
2020020121
2020021012
2020021201
2020022002
2020022212
2020100200
2020101010
2020101121
2020102021
2020102111
2020110211
2020111021
2020111102
2020112002
2020112122
2020120222
2020121002
2020121110
2020122010
2020122100
2020200001
2020201111
2020201222
2020202122
2020202212
2020210012
2020211122
2020211200
2020212100
2020212220
2020220020
2020221100
2020221211
2020222111
2020222201
2021000011
2021000221
2021001100
2021002021
2021002210
2021010022
2021010202
2021011111
2021012002
2021012221
2021020000
2021020210
2021021122
2021022010
2021022202
2021100022
2021100112
2021101201
2021102011
2021102122
2021110000
2021110120
2021111212
2021112022
2021112100
2021120011
2021120101
2021121220
2021122000
2021122111
2021200120
2021200210
2021201002
2021202112
2021202220
2021210101
2021210221
2021211010
2021212120
2021212201
2021220112
2021220202
2021221021
2021222101
2021222212
2022000022
2022000211
2022001012
2022001222
2022002101
2022010000
2022010222
2022011020
2022011200
2022012112
2022020011
2022020200
2022021001
2022021211
2022022120
2022100012
2022100120
2022101020
2022101110
2022102202
2022110020
2022110101
2022111001
2022111121
2022112210
2022120001
2022120112
2022121012
2022121102
2022122221
2022200110
2022200221
2022201121
2022201211
2022202000
2022210121
2022210202
2022211102
2022211222
2022212011
2022220102
2022220210
2022221110
2022221200
2022222022
2100000210
2100001020
2100001101
2100002001
2100002121
2100010221
2100011001
2100011112
2100012012
2100012102
2100020202
2100021012
2100021120
2100022020
2100022110
2100100011
2100101121
2100101202
2100102102
2100102222
2100110022
2100111102
2100111210
2100112110
2100112200
2100120000
2100121110
2100121221
2100122121
2100122211
2100200112
2100201000
2100201222
2100202020
2100202200
2100210120
2100211011
2100211200
2100212001
2100212211
2100220101
2100221022
2100221211
2100222012
2100222222
2101000002
2101000122
2101001211
2101002021
2101002102
2101010010
2101010100
2101011222
2101012002
2101012110
2101020021
2101020111
2101021200
2101022010
2101022121
2101100100
2101100220
2101101012
2101102122
2101102200
2101110111
2101110201
2101111020
2101112100
2101112211
2101120122
2101120212
2101121001
2101122111
2101122222
2101200021
2101200201
2101201110
2101202001
2101202220
2101210002
2101210212
2101211121
2101212012
2101212201
2101220010
2101220220
2101221102
2101222020
2101222212
2102000022
2102000100
2102001000
2102001120
2102002212
2102010000
2102010111
2102011011
2102011101
2102012220
2102020011
2102020122
2102021022
2102021112
2102022201
2102100120
2102100201
2102101101
2102101221
2102102010
2102110101
2102110212
2102111112
2102111202
2102112021
2102120112
2102120220
2102121120
2102121210
2102122002
2102200002
2102200221
2102201022
2102201202
2102202111
2102210010
2102210202
2102211000
2102211210
2102212122
2102220021
2102220210
2102221011
2102221221
2102222100
2110000222
2110001002
2110001110
2110002010
2110002100
2110010200
2110011010
2110011121
2110012021
2110012111
2110020211
2110021021
2110021102
2110022002
2110022122
2110100020
2110101100
2110101211
2110102111
2110102201
2110110001
2110111111
2110111222
2110112122
2110112212
2110120012
2110121122
2110121200
2110122100
2110122220
2110200121
2110201012
2110201201
2110202002
2110202212
2110210102
2110211020
2110211212
2110212010
2110212220
2110220110
2110221001
2110221220
2110222021
2110222201
2111000011
2111000101
2111001220
2111002000
2111002111
2111010022
2111010112
2111011201
2111012011
2111012122
2111020000
2111020120
2111021212
2111022022
2111022100
2111100112
2111100202
2111101021
2111102101
2111102212
2111110120
2111110210
2111111002
2111112112
2111112220
2111120101
2111120221
2111121010
2111122120
2111122201
2111200000
2111200210
2111201122
2111202010
2111202202
2111210011
2111210221
2111211100
2111212021
2111212210
2111220022
2111220202
2111221111
2111222002
2111222221
2112000001
2112000112
2112001012
2112001102
2112002221
2112010012
2112010120
2112011020
2112011110
2112012202
2112020020
2112020101
2112021001
2112021121
2112022210
2112100102
2112100210
2112101110
2112101200
2112102022
2112110110
2112110221
2112111121
2112111211
2112112000
2112120121
2112120202
2112121102
2112121222
2112122011
2112200011
2112200200
2112201001
2112201211
2112202120
2112210022
2112210211
2112211012
2112211222
2112212101
2112220000
2112220222
2112221020
2112221200
2112222112
2120000201
2120001011
2120001122
2120002022
2120002112
2120010212
2120011022
2120011100
2120012000
2120012120
2120020220
2120021000
2120021111
2120022011
2120022101
2120100002
2120101112
2120101220
2120102120
2120102210
2120110010
2120111120
2120111201
2120112101
2120112221
2120120021
2120121101
2120121212
2120122112
2120122202
2120200100
2120201021
2120201210
2120202011
2120202221
2120210111
2120211002
2120211221
2120212022
2120212202
2120220122
2120221010
2120221202
2120222000
2120222210
2121000020
2121000110
2121001202
2121002012
2121002120
2121010001
2121010121
2121011210
2121012020
2121012101
2121020012
2121020102
2121021221
2121022001
2121022112
2121100121
2121100211
2121101000
2121102110
2121102221
2121110102
2121110222
2121111011
2121112121
2121112202
2121120110
2121120200
2121121022
2121122102
2121122210
2121200012
2121200222
2121201101
2121202022
2121202211
2121210020
2121210200
2121211112
2121212000
2121212222
2121220001
2121220211
2121221120
2121222011
2121222200
2122000010
2122000121
2122001021
2122001111
2122002200
2122010021
2122010102
2122011002
2122011122
2122012211
2122020002
2122020110
2122021010
2122021100
2122022222
2122100111
2122100222
2122101122
2122101212
2122102001
2122110122
2122110200
2122111100
2122111220
2122112012
2122120100
2122120211
2122121111
2122121201
2122122020
2122200020
2122200212
2122201010
2122201220
2122202102
2122210001
2122210220
2122211021
2122211201
2122212110
2122220012
2122220201
2122221002
2122221212
2122222121
2200000012
2200001122
2200001200
2200002100
2200002220
2200010020
2200011100
2200011211
2200012111
2200012201
2200020001
2200021111
2200021222
2200022122
2200022212
2200100110
2200101001
2200101220
2200102021
2200102201
2200110121
2200111012
2200111201
2200112002
2200112212
2200120102
2200121020
2200121212
2200122010
2200122220
2200200211
2200201021
2200201102
2200202002
2200202122
2200210222
2200211002
2200211110
2200212010
2200212100
2200220200
2200221010
2200221121
2200222021
2200222111
2201000101
2201000221
2201001010
2201002120
2201002201
2201010112
2201010202
2201011021
2201012101
2201012212
2201020120
2201020210
2201021002
2201022112
2201022220
2201100022
2201100202
2201101111
2201102002
2201102221
2201110000
2201110210
2201111122
2201112010
2201112202
2201120011
2201120221
2201121100
2201122021
2201122210
2201200000
2201200120
2201201212
2201202022
2201202100
2201210011
2201210101
2201211220
2201212000
2201212111
2201220022
2201220112
2201221201
2201222011
2201222122
2202000121
2202000202
2202001102
2202001222
2202002011
2202010102
2202010210
2202011110
2202011200
2202012022
2202020110
2202020221
2202021121
2202021211
2202022000
2202100000
2202100222
2202101020
2202101200
2202102112
2202110011
2202110200
2202111001
2202111211
2202112120
2202120022
2202120211
2202121012
2202121222
2202122101
2202200020
2202200101
2202201001
2202201121
2202202210
2202210001
2202210112
2202211012
2202211102
2202212221
2202220012
2202220120
2202221020
2202221110
2202222202
2210000021
2210001101
2210001212
2210002112
2210002202
2210010002
2210011112
2210011220
2210012120
2210012210
2210020010
2210021120
2210021201
2210022101
2210022221
2210100122
2210101010
2210101202
2210102000
2210102210
2210110100
2210111021
2210111210
2210112011
2210112221
2210120111
2210121002
2210121221
2210122022
2210122202
2210200220
2210201000
2210201111
2210202011
2210202101
2210210201
2210211011
2210211122
2210212022
2210212112
2210220212
2210221022
2210221100
2210222000
2210222120
2211000110
2211000200
2211001022
2211002102
2211002210
2211010121
2211010211
2211011000
2211012110
2211012221
2211020102
2211020222
2211021011
2211022121
2211022202
2211100001
2211100211
2211101120
2211102011
2211102200
2211110012
2211110222
2211111101
2211112022
2211112211
2211120020
2211120200
2211121112
2211122000
2211122222
2211200012
2211200102
2211201221
2211202001
2211202112
2211210020
2211210110
2211211202
2211212012
2211212120
2211220001
2211220121
2211221210
2211222020
2211222101
2212000100
2212000211
2212001111
2212001201
2212002020
2212010111
2212010222
2212011122
2212011212
2212012001
2212020122
2212020200
2212021100
2212021220
2212022012
2212100012
2212100201
2212101002
2212101212
2212102121
2212110020
2212110212
2212111010
2212111220
2212112102
2212120001
2212120220
2212121021
2212121201
2212122110
2212200002
2212200110
2212201010
2212201100
2212202222
2212210010
2212210121
2212211021
2212211111
2212212200
2212220021
2212220102
2212221002
2212221122
2212222211
2220000000
2220001110
2220001221
2220002121
2220002211
2220010011
2220011121
2220011202
2220012102
2220012222
2220020022
2220021102
2220021210
2220022110
2220022200
2220100101
2220101022
2220101211
2220102012
2220102222
2220110112
2220111000
2220111222
2220112020
2220112200
2220120120
2220121011
2220121200
2220122001
2220122211
2220200202
2220201012
2220201120
2220202020
2220202110
2220210210
2220211020
2220211101
2220212001
2220212121
2220220221
2220221001
2220221112
2220222012
2220222102
2221000122
2221000212
2221001001
2221002111
2221002222
2221010100
2221010220
2221011012
2221012122
2221012200
2221020111
2221020201
2221021020
2221022100
2221022211
2221100010
2221100220
2221101102
2221102020
2221102212
2221110021
2221110201
2221111110
2221112001
2221112220
2221120002
2221120212
2221121121
2221122012
2221122201
2221200021
2221200111
2221201200
2221202010
2221202121
2221210002
2221210122
2221211211
2221212021
2221212102
2221220010
2221220100
2221221222
2221222002
2221222110
2222000112
2222000220
2222001120
2222001210
2222002002
2222010120
2222010201
2222011101
2222011221
2222012010
2222020101
2222020212
2222021112
2222021202
2222022021
2222100021
2222100210
2222101011
2222101221
2222102100
2222110002
2222110221
2222111022
2222111202
2222112111
2222120010
2222120202
2222121000
2222121210
2222122122
2222200011
2222200122
2222201022
2222201112
2222202201
2222210022
2222210100
2222211000
2222211120
2222212212
2222220000
2222220111
2222221011
2222221101
2222222220