000000001
000010111
000011010
000101011
000101100
000110101
000110110
001000110
001001000
001011101
001100011
001101111
001110000
001111011
010000100
010001111
010010000
010011100
010100010
010110111
010111001
011001001
011001010
011010011
011010100
011100101
011101000
011111110
100001110
100010100
100011001
100100000
100100111
100110011
100111111
101000101
101001011
101010010
101101001
101101010
101110111
101111100
110000011
110001000
110010101
110010110
110101101
110110100
110111010
111000000
111001100
111011000
111011111
111100110
111101011
111110001
200000010
200001001
200001101
200010111
200110101
200111000
200111010
201000100
201010001
201011001
201011110
201100011
201100100
201101111
210010000
210011011
210011100
210100001
210100110
210101110
210111011
211000101
211000111
211001010
211101000
211110010
211110110
211111101