00000000011
00000000101
00000000110
00000001001
00000001010
00000001100
00000010001
00000010010
00000010100
00000011000
00000100000
00000101111
00001000000
00001011110
00001100000
00001110011
00001111101
00010000000
00010011011
00010100000
00010110111
00010111100
00011000000
00011001111
00011010101
00011100110
00011101001
00011111010
00100000000
00100011101
00100100000
00100110110
00100111011
00101000000
00101001011
00101010111
00101100101
00101101110
00101111000
00110000000
00110000111
00110011110
00110101010
00110101101
00110110001
00111001100
00111010010
00111011001
00111100011
00111110100
01000000000
01000011111
01000100000
01000110101
01000111010
01001000000
01001000111
01001011001
01001101011
01001101100
01001110110
01010000000
01010001101
01010010110
01010100011
01010101110
01010111001
01011001010
01011010011
01011011100
01011100101
01011110000
01100000000
01100001110
01100010011
01100100111
01100101001
01100111100
01101001101
01101010100
01101011010
01101100010
01101110001
01110001011
01110010101
01110011000
01110100100
01110110010
01111000001
01111000110
01111101000
01111111111
10000000001
10000000010
10000000100
10000001000
10000010000
10000010111
10000111001
10000111110
10001001101
10001011011
10001100111
10001101010
10001110100
10010001110
10010011101
10010100101
10010101011
10010110010
10011000011
10011010110
10011011000
10011101100
10011110001
10011111111
10100001111
10100011010
10100100011
10100101100
10100110101
10101000110
10101010001
10101011100
10101101001
10101110010
10110001001
10110010011
10110010100
10110100110
10110111000
10111000101
10111001010
10111100000
10111110111
10111111011
10111111101
10111111110
11000001011
11000011100
11000100110
11000101101
11000110011
11001001110
11001010010
11001010101
11001100001
11001111000
11010000111
11010010001
11010011010
11010101000
11010110100
11011000100
11011001001
11011100010
11011110111
11011111011
11011111101
11011111110
11100000101
11100010110
11100011001
11100101010
11100110000
11100111111
11101000011
11101001000
11101011111
11101100100
11101101111
11101111101
11101111110
11110000010
11110001100
11110011111
11110100001
11110101111
11110111101
11110111110
11111001111
11111010000
11111010111
11111011011
11111100111
11111101011
11111110011
11111111100
20000000001
20000000010
20000000100
20000001000
20000010000
20000010111
20000111001
20000111110
20001001101
20001011011
20001100111
20001101010
20001110100
20010001110
20010011101
20010100101
20010101011
20010110010
20011000011
20011010110
20011011000
20011101100
20011110001
20011111111
20100001111
20100011010
20100100011
20100101100
20100110101
20101000110
20101010001
20101011100
20101101001
20101110010
20101111111
20110001001
20110010011
20110010100
20110100110
20110111000
20110111111
20111000101
20111001010
20111011111
20111100000
20111101111
21000001011
21000011100
21000100110
21000101101
21000110011
21001001110
21001010010
21001010101
21001100001
21001111000
21001111111
21010000111
21010010001
21010011010
21010101000
21010110100
21010111111
21011000100
21011001001
21011011111
21011100010
21011101111
21100000101
21100010110
21100011001
21100101010
21100110000
21100111111
21101000011
21101001000
21101100100
21101110111
21101111011
21110000010
21110001100
21110100001
21110110111
21110111011
21111001111
21111010000
21111011101
21111011110
21111101101
21111101110
21111110011
21111110101
21111110110
21111111001
21111111010
21111111100