0000000000011
0000000001001
0000000001100
0000000101000
0000000110101
0000000111011
0000001010011
0000001010110
0000001011001
0000001101111
0000001110010
0000010000000
0000010010101
0000010101001
0000010101110
0000010111100
0000011001111
0000011011010
0000011100101
0000011100110
0000011110011
0000011110100
0000100010010
0000100011111
0000100100100
0000100110001
0000101000101
0000101001000
0000101100000
0000101101011
0000101111110
0000110001011
0000110010100
0000110011001
0000110100010
0000110101000
0000110110111
0000110111110
0000111000011
0000111001110
0000111010001
0000111101101
0000111110010
0000111111000
0001000001111
0001000010000
0001000011101
0001000100001
0001000110110
0001001000001
0001001000111
0001001001010
0001001010101
0001001101100
0001001111011
0001010000110
0001010010011
0001010011111
0001010101101
0001010111010
0001011001001
0001011011100
0001011100000
0001011110111
0001100001001
0001100010100
0001100011010
0001100100111
0001100101010
0001100101101
0001100111000
0001101001110
0001101010011
0001101100010
0001101110000
0001101111101
0001110000101
0001110010000
0001110101100
0001110110001
0001111000100
0001111001010
0001111011111
0001111101011
0001111110110
0010000000101
0010000000110
0010000001010
0010000011000
0010000110011
0010000111110
0010001000010
0010001010000
0010001011111
0010001100100
0010001101001
0010010010110
0010010011011
0010010100111
0010010110000
0010011000001
0010011001100
0010011101010
0010011111101
0010100000110
0010100010001
0010100101000
0010100101111
0010100111101
0010101001011
0010101011100
0010101100111
0010101110010
0010101110101
0010110000011
0010110001101
0010110011010
0010110100001
0010110110100
0010111000000
0010111010111
0010111011001
0010111101110
0010111111011
0011000010001
0011000011110
0011000100010
0011000101101
0011001000100
0011001001011
0011001110111
0011001111000
0011001111100
0011010001000
0011010010101
0011010100010
0011010100100
0011010101011
0011010111001
0011011001111
0011011010010
0011011100011
0011011110001
0011011111000
0011011111110
0011100000000
0011100010111
0011100100111
0011100110100
0011100111011
0011101001101
0011101011010
0011101100001
0011101101110
0011110000011
0011110001110
0011110011100
0011110110010
0011110111111
0011111000110
0011111010100
0011111011001
0011111100101
0011111101000
0011111111001
0100000010111
0100000011010
0100000100110
0100000101011
0100000111001
0100001000000
0100001001101
0100001011100
0100001100011
0100001110001
0100001111100
0100010000010
0100010010001
0100010011110
0100010100101
0100010110010
0100011000100
0100011001011
0100011101000
0100011111111
0100100000001
0100100000111
0100100001110
0100100011100
0100100101101
0100100110000
0100101000110
0100101010100
0100101011011
0100101011101
0100101101010
0100101110111
0100110000111
0100110001000
0100110110100
0100110111011
0100111010010
0100111011001
0100111011101
0100111100001
0100111101110
0101000000100
0101000001001
0101000100110
0101000101000
0101000111111
0101001010011
0101001011110
0101001100101
0101001110010
0101001111100
0101010001010
0101010001101
0101010011000
0101010100011
0101010110100
0101011000010
0101011010000
0101011010111
0101011101110
0101011110011
0101011111001
0101100000010
0101100001000
0101100010101
0101100110011
0101100111110
0101101001111
0101101010010
0101101011000
0101101100100
0101101101001
0101110010110
0101110011011
0101110100000
0101110100011
0101110101111
0101110111101
0101111000001
0101111001100
0101111100111
0101111110101
0101111111010
0110000001001
0110000010100
0110000100000
0110000101101
0110001001110
0110001010011
0110001100001
0110001110111
0110001111010
0110010000010
0110010001000
0110010001111
0110010011101
0110010101100
0110010110001
0110010111111
0110011000111
0110011010101
0110011011000
0110011101011
0110011110110
0110100010000
0110100011111
0110100100011
0110100101001
0110100110110
0110100111010
0110101000101
0110101001010
0110101101100
0110101110011
0110101111001
0110110000100
0110110010011
0110110101010
0110110110101
0110110111000
0110111001001
0110111011110
0110111100010
0110111100100
0110111101111
0110111110000
0111000000111
0111000001101
0111000010010
0111000011011
0111000101110
0111000110001
0111000111100
0111001001000
0111001010111
0111001011101
0111001100110
0111001101011
0111001110100
0111010000001
0111010010100
0111010110111
0111010111010
0111011000101
0111011001110
0111011011011
0111011100000
0111011101101
0111100001011
0111100001100
0111100011001
0111100100101
0111100110000
0111101000000
0111101000011
0111101010001
0111101010110
0111101101010
0111101111111
0111110010000
0111110010101
0111110011110
0111110100110
0111110101001
0111110101100
0111111001010
0111111001111
0111111110011
0111111110110
0111111111100
1000000010001
1000000011110
1000000100111
1000000110000
1000001000100
1000001001011
1000001100001
1000001101010
1000001111101
1000010001010
1000010001101
1000010011000
1000010100011
1000010110110
1000010111111
1000011010000
1000011010111
1000011101100
1000011111001
1000100000000
1000100010101
1000100101001
1000100101110
1000100111010
1000100111100
1000101000010
1000101001111
1000101011010
1000101110011
1000101110100
1000110000110
1000110010011
1000110100101
1000110110000
1000111001001
1000111011100
1000111100111
1000111101010
1000111111111
1001000000010
1001000010111
1001000011011
1001000100100
1001000101011
1001000111001
1001001000001
1001001001101
1001001011000
1001001100110
1001001110001
1001001111110
1001010000001
1001010001100
1001010010100
1001010101000
1001010110101
1001011000011
1001011000101
1001011001110
1001011011011
1001011101111
1001011110010
1001100000011
1001100001100
1001100110010
1001100110101
1001101010110
1001101011001
1001101101000
1001101101111
1001101110111
1001110001000
1001110001111
1001110011101
1001110011110
1001110100110
1001110111011
1001111000100
1001111010010
1001111010101
1001111100001
1001111111100
1010000001111
1010000010010
1010000011101
1010000100001
1010000101100
1010001001000
1010001010101
1010001100011
1010001110110
1010001111011
1010010000010
1010010000100
1010010001001
1010010110101
1010010111010
1010011000110
1010011010011
1010011011110
1010011100000
1010011101111
1010011110111
1010100000111
1010100010100
1010100011011
1010100100010
1010100110111
1010101000001
1010101001110
1010101010110
1010101101101
1010101111000
1010110001000
1010110011111
1010110101011
1010110101100
1010110111001
1010111000101
1010111010010
1010111011001
1010111110001
1010111110110
1011000001001
1011000010100
1011000100110
1011000110000
1011000111111
1011001001110
1011001010011
1011001100101
1011001101010
1011001111100
1011010000111
1011010011010
1011010101110
1011010110011
1011010111100
1011011000000
1011011011101
1011011101001
1011011110100
1011011111000
1011100000101
1011100001010
1011100011000
1011100101001
1011100111110
1011101000111
1011101010000
1011101011111
1011101100100
1011101110011
1011110010001
1011110010110
1011110100000
1011110100011
1011110101101
1011111001011
1011111001100
1011111010011
1011111100010
1011111110111
1011111111001
1011111111010
1100000000101
1100000000110
1100000001000
1100000101100
1100000110011
1100000110100
1100001000111
1100001010010
1100001011100
1100001011111
1100001101001
1100001101110
1100001110110
1100010010100
1100010011011
1100010100000
1100010101111
1100010111101
1100011000001
1100011001110
1100011100010
1100011110101
1100011111010
1100100001011
1100100010110
1100100011001
1100100100010
1100100111111
1100101001100
1100101010001
1100101011101
1100101100101
1100101111000
1100110000011
1100110001101
1100110010101
1100110011010
1100110101001
1100110101100
1100111000000
1100111001111
1100111011001
1100111110011
1100111110110
1101000001110
1101000010001
1101000011100
1101000101101
1101000111010
1101001001011
1101001010100
1101001100000
1101001110111
1101001111100
1101010000111
1101010010010
1101010100010
1101010101001
1101010110001
1101010111110
1101011001000
1101011011101
1101011100100
1101011101011
1101100010000
1101100011111
1101100100001
1101100100111
1101100110100
1101101000101
1101101001010
1101101100011
1101101101110
1101101111011
1101110000100
1101110001001
1101110101010
1101110110111
1101110111000
1101111000110
1101111010011
1101111011110
1101111101101
1101111110000
1110000000011
1110000011110
1110000101010
1110000110101
1110000111000
1110000111011
1110001000100
1110001011001
1110001100001
1110001101111
1110001110000
1110010010000
1110010010111
1110010100110
1110010101001
1110011001010
1110011001101
1110011110011
1110011111100
1110100001000
1110100001101
1110100100100
1110100110001
1110101010010
1110101010111
1110101100000
1110101100110
1110101101011
1110101111110
1110110000001
1110110001110
1110110011100
1110110100111
1110110110010
1110110111110
1110111000011
1110111010100
1110111011011
1110111100100
1110111101000
1110111111101
1111000000000
1111000010101
1111000100011
1111000110110
1111001000010
1111001001111
1111001011010
1111001101100
1111001111001
1111010001011
1111010001100
1111010011001
1111010011111
1111010100101
1111010110000
1111011010001
1111011010110
1111011100111
1111011101010
1111011111111
1111100000110
1111100010011
1111100011010
1111100101000
1111100101111
1111100111101
1111101001001
1111101011100
1111101110010
1111101110101
1111110000010
1111110001101
1111110110100
1111110111011
1111111000100
1111111010111
1111111011000
1111111100001
1111111101110
2000000010100
2000000011011
2000000100010
2000000101101
2000000111011
2000001000001
2000001001110
2000001100001
2000001110111
2000001111000
2000010000111
2000010010010
2000010100100
2000010110001
2000011000010
2000011001000
2000011011101
2000011101011
2000011111110
2000100001010
2000100001101
2000100011000
2000100100011
2000100110110
2000101010000
2000101010111
2000101100110
2000101101100
2000101111001
2000110000001
2000110001100
2000110101111
2000110111010
2000110111101
2000111010110
2000111011011
2000111100000
2000111100100
2000111110101
2001000000101
2001000001000
2001000011011
2001000101110
2001000110011
2001000111100
2001001010010
2001001011111
2001001100011
2001001101001
2001001110100
2001010001011
2001010011001
2001010011110
2001010011111
2001010100111
2001010110000
2001011000100
2001011000101
2001011010001
2001011010110
2001011101010
2001011111101
2001100000110
2001100010001
2001100100000
2001100111111
2001101000000
2001101001011
2001101011100
2001101100101
2001101111010
2001110000010
2001110010111
2001110011110
2001110101001
2001110110100
2001111000111
2001111001101
2001111011000
2001111101110
2001111110011
2010000000000
2010000000110
2010000010111
2010000101011
2010000110100
2010000111001
2010001000111
2010001001101
2010001011010
2010001011100
2010001101110
2010001110001
2010010001110
2010010010001
2010010011100
2010010101000
2010010101101
2010010111111
2010011001011
2010011010100
2010011011000
2010011100101
2010011110010
2010100001001
2010100001100
2010100011110
2010100100101
2010100110000
2010101000100
2010101010011
2010101011101
2010101101010
2010101111111
2010110000011
2010110010000
2010110010101
2010110100110
2010110110011
2010111001010
2010111001111
2010111100011
2010111101001
2010111111100
2011000000011
2011000001100
2011000101000
2011000110101
2011000111010
2011001010110
2011001011001
2011001100000
2011001101111
2011001110010
2011010001101
2011010010000
2011010100001
2011010100010
2011010110110
2011011001010
2011011010111
2011011100110
2011011101100
2011011111011
2011100001111
2011100010010
2011100011101
2011100100111
2011100101100
2011100110001
2011101000010
2011101001000
2011101010101
2011101101011
2011101110110
2011101111101
2011110000100
2011110001001
2011110011011
2011110101010
2011110110101
2011110111000
2011111000001
2011111011110
2011111101111
2011111110000
2100000001111
2100000010000
2100000011101
2100000100001
2100000111110
2100001001010
2100001010101
2100001100100
2100001111011
2100010000010
2100010001001
2100010001100
2100010101010
2100010110111
2100010111000
2100011010011
2100011010110
2100011011000
2100011100111
2100011101101
2100011110000
2100100000100
2100100000111
2100100010011
2100100101000
2100100110101
2100101000011
2100101001001
2100101011110
2100101101111
2100101110010
2100110010000
2100110011111
2100110100110
2100110110001
2100111000101
2100111001010
2100111010111
2100111101011
2100111111100
2101000000011
2101000010110
2101000100110
2101000110000
2101000110101
2101001000110
2101001001100
2101001011001
2101001101010
2101001101111
2101010000000
2101010010101
2101010101100
2101010111011
2101011001111
2101011011010
2101011100001
2101011110110
2101011111000
2101100001101
2101100011010
2101100101011
2101100101100
2101100111001
2101101000000
2101101010111
2101101110001
2101101110110
2101101111101
2101110001110
2101110010001
2101110011100
2101110100011
2101110100101
2101110110010
2101111001011
2101111010100
2101111100010
2101111101000
2101111111001
2101111111111
2110000001100
2110000010001
2110000100111
2110000110010
2110000111011
2110001001011
2110001010110
2110001100010
2110001101000
2110001111101
2110010000101
2110010011010
2110010100011
2110010110100
2110011000000
2110011010010
2110011011111
2110011100101
2110011101110
2110011111001
2110100000010
2110100010101
2110100101110
2110100111010
2110100111011
2110100111100
2110101001111
2110101011000
2110101100000
2110101100001
2110101110100
2110110001011
2110110010110
2110110011001
2110110100000
2110110101101
2110110111110
2110111000110
2110111001100
2110111010001
2110111110111
2110111111010
2111000001010
2111000011000
2111000011111
2111000100100
2111000101001
2111001000001
2111001000101
2111001010000
2111001110011
2111001111110
2111010000110
2111010010011
2111010101000
2111010101111
2111010111101
2111011000011
2111011001001
2111011011100
2111011110010
2111011110101
2111100000001
2111100010100
2111100100010
2111100110111
2111101001110
2111101011011
2111101100111
2111101101101
2111101111000
2111110000111
2111110001000
2111110011110
2111110110001
2111110111110
2111111000100
2111111010010
2111111011101
2111111100100
2111111101011