0000001111
0000011001
0000011100
0000100000
0000110011
0000110110
0001000101
0001000110
0001010000
0001011011
0001101001
0001101010
0001110100
0001111111
0010000011
0010001000
0010010101
0010010110
0010100111
0010101100
0010111001
0010111010
0011001010
0011001111
0011011100
0011100000
0011100101
0011110011
0100000100
0100010111
0100011010
0100101011
0100110101
0100111000
0101000011
0101001000
0101011101
0101011110
0101100111
0101101100
0101110001
0101110010
0110001101
0110001110
0110010000
0110011011
0110100001
0110100010
0110110100
0110111111
0111000100
0111001001
0111010111
0111100110
0111101011
0111111000
1000000001
1000000111
1000010100
1000101000
1000101110
1000111011
1001000000
1001001011
1001011101
1001011110
1001100100
1001101111
1001110001
1001110010
1010001101
1010001110
1010010011
1010011000
1010100001
1010100010
1010110111
1010111100
1011000111
1011010010
1011010100
1011101000
1011111011
1011111101
1100000010
1100001100
1100011111
1100100011
1100101101
1100110000
1101000101
1101000110
1101010011
1101011000
1101101001
1101101010
1101110111
1101111100
1110000000
1110001011
1110010101
1110010110
1110100100
1110101111
1110111001
1110111010
1111001100
1111010001
1111011111
1111100011
1111110000
1111111110
2000000010
2000001010
2000010010
2000011010
2000100101
2000101101
2000110101
2000111101
2001001100
2001010111
2001100011
2001111000
2010000100
2010011111
2010101011
2010110000
2011000001
2011001001
2011010001
2011011001
2011100110
2011101110
2011110110
2011111110
2100000001
2100001001
2100010001
2100011001
2100100110
2100101110
2100110110
2100111110
2101001111
2101010100
2101100000
2101111011
2110000111
2110011100
2110101000
2110110011
2111000010
2111001010
2111010010
2111011010
2111100101
2111101101
2111110101
2111111101