000000000100
000000001011
000000010001
000000011110
000000100111
000000111000
000001100100
000001101010
000001110011
000001111101
000010100100
000010101001
000010110010
000010111111
000011000001
000011000010
000011000100
000011000111
000011001000
000011001101
000011001110
000011010000
000011010101
000011010110
000011011011
000011011100
000100000010
000100011101
000100100001
000100101100
000100110110
000100111011
000101000100
000101001001
000101010111
000101011010
000101101111
000101110000
000110000100
000110001111
000110010011
000110011000
000110101010
000110110101
000111100011
000111100100
000111111001
000111111110
001000001101
001000010010
001000100000
001000101110
001000110101
001000111011
001001000011
001001000100
001001011000
001001011111
001001101001
001001110110
001010000100
001010001010
001010010111
001010011001
001010100011
001010111100
001011100100
001011101111
001011110001
001011111010
001100000111
001100001000
001100010100
001100011011
001101001110
001101010001
001101100010
001101100101
001101111011
001101111100
001110000001
001110011110
001110100110
001110101101
001110110000
001110111011
001111000100
001111001011
001111010010
001111011101
001111101000
001111110111
010000001000
010000010111
010000100010
010000101101
010000110100
010000111011
010001000100
010001001111
010001010010
010001011001
010001100001
010001111110
010010000011
010010000100
010010011010
010010011101
010010101110
010010110001
010011100100
010011101011
010011110111
010011111000
010100000101
010100001110
010100010000
010100011011
010101000011
010101011100
010101100110
010101101000
010101110101
010101111011
010110001001
010110010110
010110100000
010110100111
010110111011
010110111100
010111000100
010111001010
010111010001
010111011111
010111101101
010111110010
011000000001
011000000110
011000011011
011000011100
011001001010
011001010101
011001100111
011001101100
011001110000
011001111011
011010001111
011010010000
011010100101
011010101000
011010110110
011010111011
011011000100
011011001001
011011010011
011011011110
011011100010
011011111101
011100100011
011100100100
011100101001
011100101010
011100101111
011100110001
011100110010
011100110111
011100111000
011100111011
011100111101
011100111110
011101000000
011101001101
011101010110
011101011011
011110000010
011110001100
011110010101
011110011011
011111000111
011111011000
011111100001
011111101110
011111110100
011111111011
100000000100
100000001011
100000010001
100000011110
100000100111
100000111000
100001000101
100001000110
100001100100
100001101010
100001110011
100001111101
100010000101
100010000110
100010100100
100010101001
100010110010
100010111111
100011000111
100011001000
100011010000
100011011011
100011011100
100011100101
100011100110
100100000010
100100011101
100100100001
100100101100
100100110110
100100111011
100101001001
100101010111
100101011010
100101101111
100101110000
100110001111
100110010011
100110011000
100110101010
100110110101
100111000000
100111001100
100111010100
100111100011
100111111001
100111111110
101000001101
101000010010
101000100000
101000101110
101000110101
101000111011
101001000011
101001011000
101001011111
101001101001
101001110110
101010001010
101010010111
101010011001
101010100011
101010111100
101011000000
101011001100
101011010100
101011101111
101011110001
101011111010
101100000111
101100001000
101100010100
101100101011
101100110011
101100111111
101101001110
101101010001
101101100010
101101100101
101101111100
101110000001
101110011110
101110100110
101110101101
101110110000
101111000100
101111001011
101111010010
101111011101
101111101000
101111110111
110000001000
110000010111
110000100010
110000101101
110000110100
110000111011
110001001111
110001010010
110001011001
110001100001
110001111110
110010000011
110010011010
110010011101
110010101110
110010110001
110011000000
110011001100
110011010100
110011101011
110011110111
110011111000
110100000101
110100001110
110100010000
110100101011
110100110011
110100111111
110101000011
110101011100
110101100110
110101101000
110101110101
110110001001
110110010110
110110100000
110110100111
110110111100
110111000100
110111001010
110111010001
110111011111
110111101101
110111110010
111000000001
111000000110
111000011100
111000101011
111000110011
111000111111
111001001010
111001010101
111001100111
111001101100
111001110000
111010001111
111010010000
111010100101
111010101000
111010110110
111011000100
111011001001
111011010011
111011011110
111011100010
111011111101
111100011001
111100011010
111100100011
111100100100
111100101111
111100110111
111100111000
111101000000
111101001101
111101010110
111101011011
111101111001
111101111010
111110000010
111110001100
111110010101
111110011011
111110111001
111110111010
111111000111
111111011000
111111100001
111111101110
111111110100
111111111011
200000000100
200000001011
200000010001
200000011110
200000100111
200000111000
200001000000
200001001100
200001010100
200001100100
200001101010
200001110011
200001111101
200010000000
200010001100
200010010100
200010100100
200010101001
200010110010
200010111111
200011000111
200011001000
200011010000
200011011011
200011011100
200011100000
200011101100
200011110100
200100000010
200100011101
200100100001
200100101100
200100110110
200100111011
200101001001
200101010111
200101011010
200101101111
200101110000
200110001111
200110010011
200110011000
200110101010
200110110101
200111000101
200111000110
200111100011
200111111001
200111111110
201000001101
201000010010
201000100000
201000101110
201000110101
201000111011
201001000011
201001011000
201001011111
201001101001
201001110110
201010001010
201010010111
201010011001
201010100011
201010111100
201011000101
201011000110
201011101111
201011110001
201011111010
201100000111
201100001000
201100010100
201100111001
201100111010
201101001110
201101010001
201101100010
201101100101
201101111100
201110000001
201110011110
201110100110
201110101101
201110110000
201111000100
201111001011
201111010010
201111011101
201111101000
201111110111
210000001000
210000010111
210000100010
210000101101
210000110100
210000111011
210001001111
210001010010
210001011001
210001100001
210001111110
210010000011
210010011010
210010011101
210010101110
210010110001
210011000101
210011000110
210011101011
210011110111
210011111000
210100000101
210100001110
210100010000
210100111001
210100111010
210101000011
210101011100
210101100110
210101101000
210101110101
210110001001
210110010110
210110100000
210110100111
210110111100
210111000100
210111001010
210111010001
210111011111
210111101101
210111110010
211000000001
211000000110
211000011100
211000111001
211000111010
211001001010
211001010101
211001100111
211001101100
211001110000
211010001111
211010010000
211010100101
211010101000
211010110110
211011000100
211011001001
211011010011
211011011110
211011100010
211011111101
211100001011
211100010011
211100011111
211100100011
211100100100
211100101111
211100110111
211100111000
211101000000
211101001101
211101010110
211101011011
211101101011
211101110011
211101111111
211110000010
211110001100
211110010101
211110011011
211110101011
211110110011
211110111111
211111000111
211111011000
211111100001
211111101110
211111110100
211111111011