0000000100
0000001011
0000010100
0000011011
0000011100
0000100100
0000101011
0000110100
0000111011
0001001110
0001010111
0001100111
0001101000
0001111000
0010000001
0010010001
0010011110
0010101110
0010110111
0011000010
0011001101
0011010010
0011011101
0011100010
0011100101
0011101101
0011110010
0011111101
0100000111
0100011000
0100100001
0100111110
0101000000
0101001001
0101010110
0101011111
0101101010
0101101100
0101110011
0101110101
0110001010
0110001100
0110010011
0110010101
0110100110
0110101111
0110110000
0110111001
0111000111
0111011000
0111100001
0111111110
0200000010
0200001101
0200011000
0200100001
0200110010
0200111101
0201010001
0201010110
0201011111
0201100111
0201101010
0201101100
0210010011
0210010101
0210011110
0210100110
0210101000
0210101111
0211000100
0211001011
0211011000
0211100001
0211110100
0211111011
1000000010
1000001101
1000010010
1000011101
1000100010
1000101101
1000110010
1000111101
1001000001
1001001110
1001010111
1001011010
1001100001
1001110001
1001111110
1010000111
1010001000
1010011000
1010100011
1010101110
1010110111
1010111000
1011000100
1011001011
1011010100
1011011011
1011100100
1011101011
1011110100
1011111011
1100001110
1100010001
1100101000
1100110111
1101000011
1101000101
1101011010
1101011100
1101100110
1101101111
1101110000
1101111001
1110000000
1110001001
1110010110
1110011111
1110100011
1110100101
1110111010
1110111100
1111001110
1111010001
1111101000
1111110111
1200001110
1200010100
1200011011
1200100100
1200101011
1200110111
1201000011
1201000101
1201001000
1201110000
1201111001
1201111110
1210000000
1210000111
1210001001
1210110001
1210111010
1210111100
1211001110
1211010010
1211011101
1211100010
1211101101
1211110111
2000001000
2000011110
2000100111
2000110001
2001000011
2001000101
2001010000
2001011001
2001101010
2001101100
2001110110
2001111111
2010000110
2010001111
2010010011
2010010101
2010100000
2010101001
2010111010
2010111100
2011001000
2011011110
2011100111
2011110001
2100000100
2100001011
2100010010
2100011101
2100100010
2100101101
2100110100
2100111011
2101001000
2101010101
2101010111
2101011110
2101100001
2101100110
2101111000
2110000001
2110011000
2110011111
2110100111
2110101100
2110101110
2110110001
2111000010
2111001101
2111010100
2111011011
2111100100
2111101011
2111110010
2111111101
2200000001
2200010111
2200101110
2200111000
2201000110
2201001111
2201011010
2201011100
2201100000
2201101001
2201110011
2201110101
2210001010
2210001100
2210010000
2210011001
2210100011
2210100101
2210110110
2210111111
2211000001
2211010111
2211101110
2211111000