00000010
00000100
00000101
00111010
00111100
00111101
01011001
01011110
01100001
01100110
02001000
02001011
02001111
02010000
02010011
02010111
02101000
02101011
02101111
02110000
02110011
02110111
10001001
10001110
10010001
10010110
10101001
10101110
10110001
10110110
11000000
11000011
11000111
11111000
11111011
11111111
12011010
12011100
12011101
12100010
12100100
12100101
20011000
20011011
20011111
20100000
20100011
20100111
21001010
21001100
21001101
21010010
21010100
21010101
21101010
21101100
21101101
21110010
21110100
21110101
22000001
22000110
22111001
22111110