000000000011
000000000110
000000001001
000000001100
000000110010
000000111101
000001010000
000001010101
000001011010
000001011111
000001100100
000001101011
000010010011
000010010110
000010011001
000010011100
000010100111
000010101000
000011000000
000011000101
000011001010
000011001111
000011110001
000011111110
000100010000
000100010101
000100011010
000100011111
000100100001
000100101110
000101000011
000101000110
000101001001
000101001100
000101110111
000101111000
000110000000
000110000101
000110001010
000110001111
000110110100
000110111011
000111010011
000111010110
000111011001
000111011100
000111100010
000111101101
001000010010
001000010111
001000011000
001000011101
001000100011
001000101100
001001000001
001001000100
001001001011
001001001110
001001110101
001001111010
001010000010
001010000111
001010001000
001010001101
001010110110
001010111001
001011010001
001011010100
001011011011
001011011110
001011100000
001011101111
001100000001
001100000100
001100001011
001100001110
001100110000
001100111111
001101010010
001101010111
001101011000
001101011101
001101100110
001101101001
001110010001
001110010100
001110011011
001110011110
001110100101
001110101010
001111000010
001111000111
001111001000
001111001101
001111110011
001111111100
010000000101
010000001010
010000100000
010000101111
010001010011
010001011100
010001110110
010001111001
010010010000
010010011111
010010110101
010010111010
010011000110
010011001001
010011100011
010011101100
010100010110
010100011001
010100110011
010100111100
010101000000
010101001111
010101100101
010101101010
010110000011
010110001100
010110100110
010110101001
010111010101
010111011010
010111110000
010111111111
011000010100
011000011011
011000110001
011000111110
011001000010
011001001101
011001100111
011001101000
011010000001
011010001110
011010100100
011010101011
011011010111
011011011000
011011110010
011011111101
011100000111
011100001000
011100100010
011100101101
011101010001
011101011110
011101110100
011101111011
011110010010
011110011101
011110110111
011110111000
011111000100
011111001011
011111100001
011111101110
020000010001
020000011110
020000110100
020000110111
020000111000
020000111011
020001000111
020001001000
020001100001
020001100010
020001101101
020001101110
020010000100
020010001011
020010100001
020010100010
020010101101
020010101110
020011010010
020011011101
020011110100
020011110111
020011111000
020011111011
020100000010
020100001101
020100100100
020100100111
020100101000
020100101011
020101010100
020101011011
020101110001
020101110010
020101111101
020101111110
020110010111
020110011000
020110110001
020110110010
020110111101
020110111110
020111000001
020111001110
020111100100
020111100111
020111101000
020111101011
021000000000
021000001111
021000100101
021000100110
021000101001
021000101010
021001010110
021001011001
021001110000
021001110011
021001111100
021001111111
021010010101
021010011010
021010110000
021010110011
021010111100
021010111111
021011000011
021011001100
021011100101
021011100110
021011101001
021011101010
021100010011
021100011100
021100110101
021100110110
021100111001
021100111010
021101000101
021101001010
021101100000
021101100011
021101101100
021101101111
021110000110
021110001001
021110100000
021110100011
021110101100
021110101111
021111010000
021111011111
021111110101
021111110110
021111111001
021111111010
100000000000
100000001111
100000110001
100000111110
100001010110
100001011001
100001100111
100001101000
100010010101
100010011010
100010100100
100010101011
100011000011
100011001100
100011110010
100011111101
100100010011
100100011100
100100100010
100100101101
100101000101
100101001010
100101110100
100101111011
100110000110
100110001001
100110110111
100110111000
100111010000
100111011111
100111100001
100111101110
101000010001
101000011110
101000100000
101000101111
101001000111
101001001000
101001110110
101001111001
101010000100
101010001011
101010110101
101010111010
101011010010
101011011101
101011100011
101011101100
101100000010
101100001101
101100110011
101100111100
101101010100
101101011011
101101100101
101101101010
101110010111
101110011000
101110100110
101110101001
101111000001
101111001110
101111110000
101111111111
110000010010
110000010111
110000011000
110000011101
110000100110
110000101001
110000110100
110000111011
110001000001
110001000100
110001001011
110001001110
110001100010
110001101101
110001110000
110001111111
110010000010
110010000111
110010001000
110010001101
110010100001
110010101110
110010110011
110010111100
110011010001
110011010100
110011011011
110011011110
110011100101
110011101010
110011110111
110011111000
110100000001
110100000100
110100001011
110100001110
110100100111
110100101000
110100110101
110100111010
110101010010
110101010111
110101011000
110101011101
110101100011
110101101100
110101110001
110101111110
110110010001
110110010100
110110011011
110110011110
110110100000
110110101111
110110110010
110110111101
110111000010
110111000111
110111001000
110111001101
110111100100
110111101011
110111110110
110111111001
111000000011
111000000110
111000001001
111000001100
111000100101
111000101010
111000110111
111000111000
111001010000
111001010101
111001011010
111001011111
111001100001
111001101110
111001110011
111001111100
111010010011
111010010110
111010011001
111010011100
111010100010
111010101101
111010110000
111010111111
111011000000
111011000101
111011001010
111011001111
111011100110
111011101001
111011110100
111011111011
111100010000
111100010101
111100011010
111100011111
111100100100
111100101011
111100110110
111100111001
111101000011
111101000110
111101001001
111101001100
111101100000
111101101111
111101110010
111101111101
111110000000
111110000101
111110001010
111110001111
111110100011
111110101100
111110110001
111110111110
111111010011
111111010110
111111011001
111111011100
111111100111
111111101000
111111110101
111111111010
120000000101
120000001010
120000100011
120000101100
120001010011
120001011100
120001110101
120001111010
120010010000
120010011111
120010110110
120010111001
120011000110
120011001001
120011100000
120011101111
120100010110
120100011001
120100110000
120100111111
120101000000
120101001111
120101100110
120101101001
120110000011
120110001100
120110100101
120110101010
120111010101
120111011010
120111110011
120111111100
121000010100
121000011011
121000110010
121000111101
121001000010
121001001101
121001100100
121001101011
121010000001
121010001110
121010100111
121010101000
121011010111
121011011000
121011110001
121011111110
121100000111
121100001000
121100100001
121100101110
121101010001
121101011110
121101110111
121101111000
121110010010
121110011101
121110110100
121110111011
121111000100
121111001011
121111100010
121111101101
200000010100
200000011011
200000100101
200000101010
200000110111
200000111000
200001000010
200001001101
200001100001
200001101110
200001110011
200001111100
200010000001
200010001110
200010100010
200010101101
200010110000
200010111111
200011010111
200011011000
200011100110
200011101001
200011110100
200011111011
200100000111
200100001000
200100100100
200100101011
200100110110
200100111001
200101010001
200101011110
200101100000
200101101111
200101110010
200101111101
200110010010
200110011101
200110100011
200110101100
200110110001
200110111110
200111000100
200111001011
200111100111
200111101000
200111110101
200111111010
201000000101
201000001010
201000100110
201000101001
201000110100
201000111011
201001010011
201001011100
201001100010
201001101101
201001110000
201001111111
201010010000
201010011111
201010100001
201010101110
201010110011
201010111100
201011000110
201011001001
201011100101
201011101010
201011110111
201011111000
201100010110
201100011001
201100100111
201100101000
201100110101
201100111010
201101000000
201101001111
201101100011
201101101100
201101110001
201101111110
201110000011
201110001100
201110100000
201110101111
201110110010
201110111101
201111010101
201111011010
201111100100
201111101011
201111110110
201111111001
210000010001
210000011110
210000100011
210000101100
210001000111
210001001000
210001110101
210001111010
210010000100
210010001011
210010110110
210010111001
210011010010
210011011101
210011100000
210011101111
210100000010
210100001101
210100110000
210100111111
210101010100
210101011011
210101100110
210101101001
210110010111
210110011000
210110100101
210110101010
210111000001
210111001110
210111110011
210111111100
211000000000
211000001111
211000110010
211000111101
211001010110
211001011001
211001100100
211001101011
211010010101
211010011010
211010100111
211010101000
211011000011
211011001100
211011110001
211011111110
211100010011
211100011100
211100100001
211100101110
211101000101
211101001010
211101110111
211101111000
211110000110
211110001001
211110110100
211110111011
211111010000
211111011111
211111100010
211111101101
220000000110
220000001001
220000010010
220000011101
220000100000
220000101111
220001000100
220001001011
220001010000
220001011111
220001110110
220001111001
220010000111
220010001000
220010010011
220010011100
220010110101
220010111010
220011000101
220011001010
220011010001
220011011110
220011100011
220011101100
220100000001
220100001110
220100010101
220100011010
220100110011
220100111100
220101000011
220101001100
220101010111
220101011000
220101100101
220101101010
220110000000
220110001111
220110010100
220110011011
220110100110
220110101001
220111000010
220111001101
220111010110
220111011001
220111110000
220111111111
221000000011
221000001100
221000010111
221000011000
221000110001
221000111110
221001000001
221001001110
221001010101
221001011010
221001100111
221001101000
221010000010
221010001101
221010010110
221010011001
221010100100
221010101011
221011000000
221011001111
221011010100
221011011011
221011110010
221011111101
221100000100
221100001011
221100010000
221100011111
221100100010
221100101101
221101000110
221101001001
221101010010
221101011101
221101110100
221101111011
221110000101
221110001010
221110010001
221110011110
221110110111
221110111000
221111000111
221111001000
221111010011
221111011100
221111100001
221111101110