000000001
000001010
000100100
000101110
000101111
001010000
001010001
001011011
001110101
001111110
010000110
010000111
010011000
010011100
010011101
010011111
010110001
010110110
011001001
011001110
011100000
011100010
011100011
011100111
011111000
011111001
020010010
020010101
020101000
020101001
020110010
020110011
020111011
020111100
021000011
021000100
021001100
021001101
021010110
021010111
021101010
021101101
100001101
100010011
100010100
100010111
100100010
100111000
100111010
100111101
101000110
101001000
101001111
101011100
101100001
101100110
101101001
101110011
110000000
110001011
110101011
110101100
110110001
110110110
111000101
111010010
111010101
111011010
111101100
111111111
120000000
120001110
120011001
120011110
120100101
120100111
121000011
121011001
121101010
121110000
121110100
121111111
200001100
200010110
200011001
200011110
200100011
200110000
200110111
200111001
201000010
201000101
201000111
201011101
201101000
201101011
201101100
201110010
210000000
210010011
210100101
210101010
210101101
210111010
211001001
211001110
211010011
211010100
211110100
211111111
220000000
220001011
220001111
220010101
220100110
220111100
221011000
221011010
221100001
221100110
221110001
221111111