0000000000100
0000000011010
0000000101001
0000000110111
0000001001111
0000001010001
0000001100010
0000001111100
0000010001011
0000010010101
0000010100000
0000010100011
0000010101101
0000010111110
0000011000101
0000011000110
0000011011000
0000011101011
0000011110010
0000011110101
0000100000110
0000100001101
0000100010011
0000100101010
0000100110100
0000100111001
0000101000000
0000101011110
0000101101101
0000101101110
0000101110000
0000101110011
0000110000010
0000110011100
0000110101111
0000110110001
0000111001001
0000111010111
0000111100100
0000111111010
0001000000011
0001000011101
0001000101110
0001000110000
0001001001000
0001001010110
0001001100101
0001001111011
0001010001010
0001010010011
0001010010100
0001010100100
0001010100111
0001010111001
0001011000001
0001011000010
0001011001100
0001011011111
0001011101010
0001011110100
0001100001100
0001100001111
0001100010001
0001100010010
0001100100001
0001100111111
0001101001011
0001101010101
0001101011000
0001101100111
0001101101100
0001101110010
0001110000101
0001110011011
0001110101000
0001110110110
0001111001110
0001111010000
0001111100011
0001111111101
0010000000111
0010000001000
0010000011001
0010000011110
0010000100001
0010000101100
0010000110010
0010000111101
0010001001010
0010001010100
0010001100111
0010001111001
0010010001110
0010010010000
0010010100101
0010010111011
0010011000011
0010011011101
0010011101000
0010011110110
0010100000100
0010100011010
0010100101001
0010100110111
0010100111011
0010101001111
0010101010001
0010101011101
0010101100010
0010101111100
0010110000001
0010110010110
0010110011111
0010110100110
0010110111000
0010111001100
0010111010010
0010111010101
0010111011011
0010111100001
0010111101010
0010111111111
0011000000110
0011000011000
0011000101011
0011000110101
0011001000000
0011001001101
0011001010011
0011001011100
0011001100110
0011001101001
0011001111000
0011001111111
0011010001001
0011010010111
0011010100010
0011010111100
0011011000100
0011011011010
0011011101111
0011011110001
0011100000011
0011100011101
0011100101110
0011100110000
0011100111100
0011101001000
0011101010110
0011101100101
0011101111011
0011110000000
0011110001011
0011110011110
0011110101101
0011110110011
0011110110100
0011110111010
0011111000111
0011111011001
0011111100000
0011111110111
0011111111110
0100000000001
0100000010100
0100000011111
0100000100110
0100000101011
0100000110101
0100000111000
0100001001100
0100001010010
0100001100001
0100001111111
0100010000100
0100010001000
0100010011010
0100010110111
0100011001111
0100011010001
0100011011011
0100011100010
0100011111100
0100100001110
0100100010000
0100100100011
0100100100101
0100100111011
0100101000011
0100101011011
0100101011101
0100101101000
0100101110110
0100110000111
0100110011001
0100110011110
0100110100001
0100110101100
0100110110010
0100110111111
0100111001010
0100111010100
0100111100111
0100111111001
0101000000000
0101000011110
0101000101101
0101000110011
0101001000111
0101001001010
0101001010100
0101001011001
0101001100000
0101001110101
0101001111110
0101010000011
0101010011101
0101010101110
0101010110000
0101010111010
0101011010110
0101011100101
0101011101001
0101011111011
0101100001001
0101100010111
0101100100010
0101100111010
0101100111100
0101101000010
0101101000100
0101101011010
0101101101111
0101101110001
0101110000110
0101110011000
0101110101011
0101110110101
0101111000000
0101111001101
0101111010011
0101111011110
0101111100110
0101111111000
0101111111111
0110000000010
0110000011100
0110000101111
0110000110001
0110001000101
0110001001001
0110001010111
0110001100100
0110001101110
0110001111010
0110010001101
0110010010011
0110010101010
0110010110100
0110010111001
0110011000000
0110011011001
0110011011110
0110011100110
0110011101101
0110011110011
0110100001011
0110100010010
0110100010101
0110100100000
0110100101101
0110100111110
0110101000110
0110101011000
0110101101011
0110101110101
0110110000100
0110110001000
0110110011010
0110110101001
0110110110111
0110111001111
0110111010001
0110111100010
0110111110000
0110111111100
0111000000101
0111000001111
0111000011011
0111000100100
0111000101000
0111000110110
0111001001110
0111001010000
0111001100011
0111001111101
0111010000111
0111010001100
0111010010010
0111010100001
0111010111111
0111011001011
0111011010101
0111011011000
0111011101100
0111011110010
0111100001010
0111100010100
0111100100111
0111100111001
0111101000001
0111101001100
0111101011111
0111101101010
0111101110011
0111101110100
0111110000011
0111110010001
0111110011101
0111110101110
0111110110000
0111111001000
0111111010110
0111111100101
0111111101001
0111111111011
0200000000100
0200000011010
0200000101001
0200000110111
0200001001111
0200001010001
0200001100010
0200001111100
0200010001011
0200010010101
0200010010110
0200010100000
0200010101101
0200010111110
0200011000110
0200011011000
0200011101011
0200011101110
0200011110010
0200011110101
0200100000110
0200100001000
0200100001101
0200100010011
0200100101010
0200100110100
0200100111001
0200101000000
0200101000101
0200101011110
0200101101101
0200101110011
0200110000010
0200110011100
0200110101111
0200110110001
0200111001001
0200111010111
0200111100100
0200111111010
0201000000011
0201000011101
0201000101110
0201000110000
0201001001000
0201001010110
0201001100101
0201001111011
0201010001010
0201010001111
0201010010011
0201010010100
0201010100111
0201010111001
0201011000001
0201011001100
0201011011111
0201011101010
0201011110100
0201011110111
0201100001100
0201100010010
0201100100001
0201100100100
0201100111111
0201101001011
0201101010101
0201101011000
0201101100111
0201101101001
0201101101100
0201101110010
0201110000101
0201110011011
0201110101000
0201110110110
0201111001110
0201111010000
0201111100011
0201111111101
0210000000111
0210000011001
0210000011110
0210000100001
0210000101100
0210000110010
0210001001010
0210001010100
0210001011011
0210001100111
0210001110000
0210001111001
0210010001110
0210010010000
0210010100101
0210010111011
0210011000011
0210011011101
0210011101000
0210011110110
0210100000100
0210100011010
0210100101001
0210100110111
0210101001111
0210101010001
0210101100010
0210101111100
0210110000001
0210110011111
0210110100011
0210110100110
0210110111000
0210110111101
0210111001100
0210111010010
0210111010101
0210111100001
0210111101010
0210111110110
0210111111111
0211000000110
0211000010001
0211000011000
0211000101011
0211000110101
0211000111010
0211001000000
0211001001101
0211001010011
0211001100110
0211001111000
0211001111111
0211010001001
0211010010111
0211010100010
0211010111100
0211011000100
0211011011010
0211011101111
0211011110001
0211100000011
0211100011101
0211100101110
0211100110000
0211101001000
0211101010110
0211101100101
0211101111011
0211110000000
0211110001011
0211110010111
0211110011110
0211110101101
0211110110011
0211110110100
0211111000010
0211111000111
0211111011001
0211111011100
0211111100000
0211111111110
1000000000010
1000000010110
1000000011100
1000000101111
1000000110001
1000001000101
1000001001001
1000001010111
1000001011011
1000001100100
1000001111010
1000010000001
1000010010010
1000010011111
1000010101010
1000010110100
1000011000000
1000011011110
1000011100111
1000011101100
1000011111001
1000100001011
1000100010101
1000100011000
1000100101100
1000100110010
1000101000111
1000101001010
1000101010100
1000101100001
1000101111111
1000110001000
1000110001110
1000110010000
1000110100101
1000110111011
1000110111101
1000111000011
1000111011101
1000111101000
1000111110110
1001000000101
1001000011011
1001000100100
1001000101000
1001000110110
1001000111010
1001001001110
1001001010000
1001001100011
1001001110111
1001001111101
1001010000110
1001010001101
1001010011000
1001010100001
1001010111111
1001011001011
1001011010101
1001011100000
1001011110011
1001011111110
1001100000000
1001100011110
1001100100110
1001100101011
1001100110101
1001101001101
1001101010011
1001101101010
1001101110100
1001101111001
1001110001001
1001110010111
1001110100010
1001110111100
1001111000100
1001111011010
1001111011100
1001111101001
1001111101111
1001111110001
1010000001101
1010000010011
1010000100110
1010000111000
1010001001100
1010001010010
1010001011111
1010001100000
1010001101011
1010001110101
1010010000100
1010010011010
1010010101001
1010010110111
1010011001111
1010011010001
1010011100010
1010011101110
1010011110000
1010011111100
1010100001110
1010100010000
1010100100011
1010100111101
1010101000101
1010101011011
1010101101000
1010101110110
1010110000111
1010110011001
1010110100000
1010110101011
1010110110101
1010110111110
1010111000110
1010111011000
1010111101101
1010111110011
1011000000001
1011000001010
1011000010100
1011000101101
1011000110011
1011000111110
1011001000111
1011001011001
1011001101100
1011001110010
1011010000011
1011010001111
1011010010001
1011010011101
1011010101110
1011010110000
1011011001000
1011011010110
1011011100101
1011011111011
1011100001001
1011100010111
1011100100010
1011100100100
1011100111010
1011101000010
1011101011100
1011101101111
1011101110001
1011110001100
1011110010010
1011110100111
1011110111001
1011111000001
1011111001010
1011111010100
1011111011111
1011111100110
1011111111000
1100000000111
1100000001000
1100000001010
1100000011001
1100000100000
1100000111110
1100001000110
1100001011000
1100001101101
1100001101110
1100001110000
1100001110011
1100001110100
1100010001110
1100010010000
1100010100101
1100010111011
1100011000011
1100011011101
1100011101000
1100011110110
1100100000100
1100100011010
1100100101001
1100100110111
1100101001111
1100101010001
1100101100010
1100101111100
1100110001101
1100110010011
1100110100011
1100110100110
1100110111000
1100111000001
1100111000101
1100111001100
1100111010010
1100111100000
1100111101011
1100111101110
1100111110101
1100111111110
1101000001100
1101000001111
1101000010001
1101000010010
1101000010101
1101000100111
1101000111001
1101001000001
1101001011111
1101001100110
1101001101001
1101001101011
1101001111000
1101010001001
1101010010111
1101010100010
1101010111100
1101011000100
1101011001000
1101011011010
1101011101111
1101011110001
1101100000011
1101100011101
1101100101110
1101100110000
1101101001000
1101101010110
1101101100101
1101101111011
1101110001010
1101110001111
1101110010100
1101110011111
1101110100000
1101110100100
1101110101101
1101110110011
1101111000010
1101111000111
1101111011001
1101111101100
1101111110010
1110000001110
1110000010000
1110000100101
1110000111011
1110001000011
1110001011101
1110001101000
1110001110110
1110010000110
1110010001011
1110010010101
1110010010110
1110010100011
1110010101100
1110010110010
1110010111101
1110011001010
1110011010100
1110011011011
1110011100001
1110011111000
1110011111111
1110100000001
1110100011111
1110100101010
1110100110011
1110100110100
1110101000000
1110101011110
1110101100111
1110101101100
1110101111001
1110110000010
1110110011100
1110110101111
1110110110001
1110111001001
1110111010111
1110111100100
1110111111010
1111000001001
1111000010111
1111000100010
1111000111100
1111001000100
1111001011010
1111001101111
1111001110001
1111010000000
1111010011001
1111010011110
1111010101011
1111010110101
1111010111000
1111010111010
1111011000010
1111011000110
1111011001101
1111011010011
1111011011100
1111011100111
1111011101010
1111011110100
1111011110111
1111100000110
1111100001101
1111100011000
1111100100001
1111100111111
1111101001011
1111101010010
1111101010101
1111101100000
1111101111110
1111110000101
1111110011011
1111110101000
1111110110110
1111111001110
1111111010000
1111111100011
1111111111101
1200000000010
1200000011100
1200000100011
1200000101111
1200000110001
1200000111101
1200001001001
1200001010111
1200001100100
1200001111010
1200010000001
1200010011111
1200010101010
1200010110011
1200010110100
1200011000000
1200011001101
1200011011110
1200011100111
1200011111001
1200100001011
1200100010101
1200100101100
1200100110010
1200101001010
1200101010100
1200101100001
1200101100110
1200101111000
1200101111111
1200110001110
1200110010000
1200110010110
1200110100101
1200110111011
1200111000011
1200111011011
1200111011101
1200111101000
1200111110000
1201000000101
1201000011011
1201000101000
1201000110110
1201001000010
1201001001110
1201001010000
1201001011100
1201001100011
1201001111101
1201010000110
1201010011000
1201010100001
1201010101100
1201010111111
1201011001011
1201011010010
1201011010101
1201011100000
1201011111110
1201100000000
1201100000111
1201100011001
1201100011110
1201100101011
1201100110101
1201101001101
1201101010011
1201101101010
1201101110100
1201110001001
1201110010001
1201110100010
1201110111010
1201110111100
1201111000100
1201111011010
1201111101111
1201111110001
1201111110111
1210000000000
1210000001101
1210000010011
1210000100110
1210000111000
1210000111111
1210001001100
1210001010010
1210001101011
1210001110101
1210010000100
1210010001000
1210010011010
1210010101001
1210010110111
1210011000101
1210011001111
1210011010001
1210011100010
1210011111100
1210100001000
1210100001110
1210100010000
1210100010110
1210100100101
1210100111011
1210101000011
1210101011101
1210101101000
1210101101110
1210101110000
1210110000111
1210110010100
1210110011001
1210110100000
1210110111110
1210111000110
1210111001011
1210111011000
1210111101101
1210111110011
1211000001010
1211000010100
1211000101101
1211000110011
1211001000111
1211001011001
1211001011110
1211001100001
1211001101100
1211001110010
1211010000011
1211010011101
1211010100100
1211010101110
1211010110000
1211011001000
1211011010110
1211011100101
1211011101001
1211011111011
1211100001111
1211100010001
1211100100010
1211100111100
1211101000100
1211101011010
1211101101001
1211101101111
1211101110111
1211110001100
1211110010010
1211110100111
1211110101010
1211110111001
1211111000001
1211111011111
1211111100110
1211111110101
1211111111000
2000000001110
2000000010000
2000000100101
2000000111011
2000001000011
2000001011101
2000001101000
2000001110110
2000010000111
2000010001100
2000010011001
2000010100011
2000010100110
2000010111000
2000011000101
2000011001010
2000011010011
2000011010100
2000011100001
2000011111111
2000100000001
2000100011111
2000100100000
2000100100111
2000100111110
2000101001100
2000101010010
2000101011001
2000101101011
2000101101110
2000101110000
2000101110101
2000110000100
2000110011010
2000110101001
2000110110111
2000111001111
2000111010001
2000111100010
2000111111100
2001000001001
2001000010111
2001000100010
2001000111100
2001001000100
2001001011010
2001001101111
2001001110001
2001010000000
2001010011110
2001010100100
2001010101011
2001010110010
2001010110101
2001011000010
2001011000111
2001011011001
2001011100110
2001011101101
2001011111000
2001100001010
2001100001111
2001100010001
2001100010100
2001100101101
2001100110011
2001100111000
2001101000001
2001101000110
2001101011111
2001101100000
2001101111110
2001110000011
2001110011101
2001110101110
2001110110000
2001111001000
2001111010110
2001111100101
2001111111011
2010000001000
2010000001011
2010000010101
2010000101010
2010000110100
2010000111101
2010001000001
2010001000110
2010001011000
2010001101101
2010001110011
2010001111110
2010010000010
2010010011100
2010010101111
2010010110001
2010011001001
2010011010111
2010011100100
2010011111010
2010100000010
2010100011100
2010100100101
2010100101111
2010100110001
2010101000011
2010101001001
2010101010111
2010101100100
2010101111010
2010110001010
2010110001101
2010110010011
2010110010110
2010110101100
2010110110010
2010111000000
2010111011011
2010111011110
2010111100111
2010111110100
2010111111001
2011000001100
2011000010010
2011000011111
2011000100000
2011000100111
2011000111001
2011001001011
2011001010101
2011001011100
2011001101001
2011001101010
2011001110100
2011010000101
2011010011011
2011010101000
2011010110110
2011011001110
2011011010000
2011011100011
2011011111101
2011100000101
2011100011011
2011100101000
2011100110110
2011101000100
2011101001110
2011101010000
2011101011010
2011101100011
2011101111101
2011110000110
2011110010101
2011110011000
2011110100001
2011110111010
2011110111111
2011111001101
2011111010011
2011111101011
2011111101100
2011111110010
2011111110111
2100000001101
2100000010011
2100000101100
2100000110010
2100001000000
2100001001011
2100001010101
2100001011110
2100001100111
2100001101010
2100001111001
2100010000010
2100010011100
2100010101001
2100010101111
2100010110001
2100010111101
2100011001001
2100011010111
2100011100100
2100011110000
2100011111010
2100100000010
2100100010110
2100100011100
2100100101111
2100100110001
2100100111101
2100101001001
2100101010111
2100101100100
2100101111010
2100110000000
2100110001011
2100110010101
2100110101010
2100110110100
2100111000110
2100111011000
2100111011111
2100111101101
2100111110011
2101000000110
2101000001011
2101000011000
2101000100001
2101000101010
2101000110100
2101000111111
2101001001101
2101001010011
2101001101100
2101001110010
2101010000101
2101010010001
2101010011011
2101010101000
2101010110110
2101011001110
2101011010000
2101011011100
2101011100011
2101011111101
2101100000101
2101100011011
2101100101000
2101100110110
2101101001110
2101101010000
2101101011100
2101101100011
2101101110111
2101101111101
2101110000001
2101110001100
2101110010010
2101110100111
2101110111001
2101110111110
2101111001011
2101111010101
2101111100001
2101111101010
2101111110100
2110000000100
2110000010110
2110000011010
2110000100011
2110000101001
2110000110111
2110001001111
2110001010001
2110001100010
2110001111100
2110010000001
2110010011000
2110010011111
2110010100000
2110010100111
2110010111110
2110011000111
2110011001100
2110011010010
2110011101011
2110011110101
2110100000111
2110100001100
2110100011001
2110100100110
2110100111000
2110101001010
2110101001101
2110101010011
2110101010100
2110101100001
2110101110010
2110101111111
2110110001110
2110110010000
2110110100101
2110110111011
2110111000011
2110111000101
2110111011101
2110111101000
2110111101110
2110111110110
2111000000011
2111000011101
2111000101110
2111000110000
2111001000010
2111001001000
2111001010110
2111001100101
2111001110111
2111001111011
2111010001010
2111010010100
2111010100110
2111010101101
2111010110011
2111011000001
2111011011111
2111011100000
2111011111001
2111011111110
2111100000000
2111100010011
2111100011110
2111100101011
2111100101100
2111100110010
2111100110101
2111101000111
2111101011001
2111101100110
2111101101101
2111101111000
2111110001001
2111110001111
2111110010111
2111110100010
2111110100100
2111110111100
2111111000100
2111111011010
2111111101111
2111111110001
2200000001110
2200000010000
2200000100101
2200000111011
2200001000011
2200001011101
2200001101000
2200001110110
2200010000111
2200010001100
2200010010110
2200010011001
2200010100110
2200010111000
2200011001010
2200011010011
2200011010100
2200011100001
2200011101110
2200011111111
2200100000001
2200100001000
2200100011111
2200100100000
2200100100111
2200100111110
2200101000101
2200101001100
2200101010010
2200101011001
2200101101011
2200101110101
2200110000100
2200110011010
2200110101001
2200110110111
2200111001111
2200111010001
2200111100010
2200111111100
2201000001001
2201000010111
2201000100010
2201000111100
2201001000100
2201001011010
2201001101111
2201001110001
2201010000000
2201010001111
2201010011110
2201010101011
2201010110010
2201010110101
2201011000111
2201011011001
2201011100110
2201011101101
2201011110111
2201011111000
2201100001010
2201100010100
2201100100100
2201100101101
2201100110011
2201100111000
2201101000001
2201101000110
2201101011111
2201101100000
2201101101001
2201101111110
2201110000011
2201110011101
2201110101110
2201110110000
2201111001000
2201111010110
2201111100101
2201111111011
2210000001011
2210000010101
2210000101010
2210000110100
2210001000001
2210001000110
2210001011000
2210001011011
2210001101101
2210001110000
2210001110011
2210001111110
2210010000010
2210010011100
2210010101111
2210010110001
2210011001001
2210011010111
2210011100100
2210011111010
2210100000010
2210100011100
2210100101111
2210100110001
2210101001001
2210101010111
2210101100100
2210101111010
2210110001010
2210110001101
2210110010011
2210110100011
2210110101100
2210110110010
2210110111101
2210111000000
2210111011110
2210111100111
2210111110100
2210111110110
2210111111001
2211000001100
2211000010001
2211000010010
2211000011111
2211000100000
2211000100111
2211000111001
2211000111010
2211001001011
2211001010101
2211001101010
2211001110100
2211010000101
2211010011011
2211010101000
2211010110110
2211011001110
2211011010000
2211011100011
2211011111101
2211100000101
2211100001001
2211100011011
2211100101000
2211100110110
2211101001110
2211101010000
2211101100011
2211101110001
2211101111101
2211110000110
2211110010101
2211110010111
2211110011000
2211110100001
2211110111111
2211111000010
2211111001101
2211111010011
2211111011100
2211111101011
2211111101100
2211111110010