00000001101
00000010001
00000100110
00000111010
00001000100
00001011000
00001101111
00001110011
00010001011
00010010111
00010100000
00010111100
00011000010
00011011110
00011101001
00011110101
00100001010
00100010110
00100100001
00100111101
00101000011
00101011111
00101101000
00101110100
00110001100
00110010000
00110100111
00110111011
00111000101
00111011001
00111101110
00111110010
01000100011
01000101100
01000110000
01000111111
01001000001
01001001110
01001010010
01001011101
01010000100
01010001011
01010010111
01010011000
01011100110
01011101001
01011110101
01011111010
01100000101
01100001010
01100010110
01100011001
01101100111
01101101000
01101110100
01101111011
01110100010
01110101101
01110110001
01110111110
01111000000
01111001111
01111010011
01111011100
02000000010
02000000111
02000001000
02000010100
02000011011
02000011110
02000101001
02000110101
02001001011
02001010111
02001100000
02001100101
02001101010
02001110110
02001111001
02001111100
02010000001
02010001110
02010010010
02010011101
02010100101
02010101010
02010101111
02010110011
02010110110
02010111001
02011000111
02011001000
02011001101
02011010001
02011010100
02011011011
02011100011
02011101100
02011110000
02011111111
02100000000
02100001111
02100010011
02100011100
02100100100
02100101011
02100101110
02100110010
02100110111
02100111000
02101000110
02101001001
02101001100
02101010000
02101010101
02101011010
02101100010
02101101101
02101110001
02101111110
02110000011
02110000110
02110001001
02110010101
02110011010
02110011111
02110101000
02110110100
02111001010
02111010110
02111100001
02111100100
02111101011
02111110111
02111111000
02111111101
10000000000
10000011100
10000100101
10000111001
10001000111
10001011011
10001100010
10001111110
10010001011
10010010111
10010101110
10010110010
10011001100
10011010000
10011101001
10011110101
10100001010
10100010110
10100101111
10100110011
10101001101
10101010001
10101101000
10101110100
10110000001
10110011101
10110100100
10110111000
10111000110
10111011010
10111100011
10111111111
11000000110
11000001001
11000001111
11000010011
11000010101
11000011010
11000101010
11000110110
11001001000
11001010100
11001100100
11001101011
11001101101
11001110001
11001110111
11001111000
11010000010
11010001101
11010010001
11010011110
11010100001
11010100111
11010101000
11010110100
11010111011
11010111101
11011000011
11011000101
11011001010
11011010110
11011011001
11011011111
11011100000
11011101111
11011110011
11011111100
11100000011
11100001100
11100010000
11100011111
11100100000
11100100110
11100101001
11100110101
11100111010
11100111100
11101000010
11101000100
11101001011
11101010111
11101011000
11101011110
11101100001
11101101110
11101110010
11101111101
11110000111
11110001000
11110001110
11110010010
11110010100
11110011011
11110101011
11110110111
11111001001
11111010101
11111100101
11111101010
11111101100
11111110000
11111110110
11111111001
12000100011
12000101100
12000110000
12000111111
12001000001
12001001110
12001010010
12001011101
12010000100
12010001011
12010010111
12010011000
12011100110
12011101001
12011110101
12011111010
12100000101
12100001010
12100010110
12100011001
12101100111
12101101000
12101110100
12101111011
12110100010
12110101101
12110110001
12110111110
12111000000
12111001111
12111010011
12111011100
20000000011
20000001110
20000010010
20000011111
20000101000
20000101011
20000110100
20000110111
20001001001
20001001010
20001010101
20001010110
20001100001
20001101100
20001110000
20001111101
20010000101
20010000110
20010001000
20010010100
20010011001
20010011010
20010100011
20010101101
20010110001
20010111111
20011000001
20011001111
20011010011
20011011101
20011100100
20011100111
20011101010
20011110110
20011111000
20011111011
20100000100
20100000111
20100001001
20100010101
20100011000
20100011011
20100100010
20100101100
20100110000
20100111110
20101000000
20101001110
20101010010
20101011100
20101100101
20101100110
20101101011
20101110111
20101111001
20101111010
20110000010
20110001111
20110010011
20110011110
20110101001
20110101010
20110110101
20110110110
20111001000
20111001011
20111010100
20111010111
20111100000
20111101101
20111110001
20111111100
21000000000
21000011100
21000100101
21000111001
21001000111
21001011011
21001100010
21001111110
21010001011
21010010111
21010101110
21010110010
21011001100
21011010000
21011101001
21011110101
21100001010
21100010110
21100101111
21100110011
21101001101
21101010001
21101101000
21101110100
21110000001
21110011101
21110100100
21110111000
21111000110
21111011010
21111100011
21111111111
22000001101
22000010001
22000100110
22000111010
22001000100
22001011000
22001101111
22001110011
22010001011
22010010111
22010100000
22010111100
22011000010
22011011110
22011101001
22011110101
22100001010
22100010110
22100100001
22100111101
22101000011
22101011111
22101101000
22101110100
22110001100
22110010000
22110100111
22110111011
22111000101
22111011001
22111101110
22111110010