00001000
00001111
00010010
00010101
00111011
00111100
00200001
00200110
01000011
01000100
01011001
01011110
01101010
01101101
01110000
01110111
01201010
01201101
01210000
01210111
02001000
02001111
02010010
02010101
02100011
02100100
02211001
02211110
10011001
10011110
10100000
10100010
10100101
10100111
10201011
10201100
10210011
10210100
11001010
11001101
11010000
11010111
11101011
11101100
11110010
11110101
11200001
11200110
11211011
11211100
12000001
12000110
12111000
12111010
12111101
12111111
12201011
12201100
12210011
12210100
20000011
20000100
20101001
20101110
20110001
20110110
20211000
20211010
20211101
20211111
21001010
21001101
21010000
21010111
21100001
21100110
21111001
21111110
21201000
21201111
21210011
21210100
22011011
22011100
22101001
22101110
22110001
22110110
22200000
22200010
22200101
22200111