00000000001
00000000100
00000100011
00000100110
00001011010
00001011111
00001111000
00001111101
00010000010
00010000111
00010100000
00010100101
00011011001
00011011100
00011111011
00011111110
00100001011
00100001110
00100010010
00100010111
00100101001
00100101100
00100110000
00100110101
00101000010
00101000111
00101100000
00101100101
00110011010
00110011111
00110111000
00110111101
00111001010
00111001111
00111010011
00111010110
00111101000
00111101101
00111110001
00111110100
00200011000
00200011101
00200111010
00200111111
00201001001
00201001100
00201010000
00201010101
00201101011
00201101110
00201110010
00201110111
00210001000
00210001101
00210010001
00210010100
00210101010
00210101111
00210110011
00210110110
00211000000
00211000101
00211100010
00211100111
01000001010
01000010110
01000011001
01000101000
01000110100
01000111011
01001000110
01001001101
01001010001
01001100100
01001101111
01001110011
01010001001
01010010101
01010011110
01010101011
01010110111
01010111100
01011000001
01011001110
01011010010
01011100011
01011101100
01011110000
01100000101
01100011100
01100100111
01100111110
01101001000
01101010100
01101011011
01101101010
01101110110
01101111001
01110000011
01110001100
01110010000
01110100001
01110101110
01110110010
01111000100
01111011101
01111100110
01111111111
01200000000
01200001111
01200010011
01200100010
01200101101
01200110001
01201000011
01201011110
01201100001
01201111100
01210000110
01210011011
01210100100
01210111001
01211001011
01211010111
01211011000
01211101001
01211110101
01211111010
02000001111
02000010011
02000011100
02000101101
02000110001
02000111110
02001000011
02001001000
02001010100
02001100001
02001101010
02001110110
02010001100
02010010000
02010011011
02010101110
02010110010
02010111001
02011000100
02011001011
02011010111
02011100110
02011101001
02011110101
02100000000
02100011001
02100100010
02100111011
02101001101
02101010001
02101011110
02101101111
02101110011
02101111100
02110000110
02110001001
02110010101
02110100100
02110101011
02110110111
02111000001
02111011000
02111100011
02111111010
02200000101
02200001010
02200010110
02200100111
02200101000
02200110100
02201000110
02201011011
02201100100
02201111001
02210000011
02210011110
02210100001
02210111100
02211001110
02211010010
02211011101
02211101100
02211110000
02211111111
10000011011
10000011110
10000101010
10000101111
10000110010
10000110111
10001000000
10001000101
10001001011
10001001110
10001110001
10001110100
10010010011
10010010110
10010011000
10010011101
10010101001
10010101100
10011000011
10011000110
10011101010
10011101111
10011110010
10011110111
10100001000
10100001101
10100010001
10100010100
10101011001
10101011100
10101100011
10101100110
10101111010
10101111111
10110000001
10110000100
10110100010
10110100111
10110111011
10110111110
10111001001
10111001100
10111010000
10111010101
10200000010
10200000111
10200100001
10200100100
10200111001
10200111100
10201010011
10201010110
10201101000
10201101101
10210001011
10210001110
10210110000
10210110101
10211011010
10211011111
10211100001
10211100100
10211111001
10211111100
11000000011
11000001100
11000010000
11000100101
11000111101
11001010111
11001011000
11001100010
11001101001
11001111110
11010000000
11010001111
11010100110
11010110001
11010111010
11011001000
11011010100
11011011011
11011100101
11011111101
11100000110
11100011111
11100100000
11100101011
11100110011
11100111000
11101000001
11101001111
11101010010
11101101100
11101110101
11110001010
11110010111
11110011001
11110101101
11110110100
11111000111
11111011110
11111100000
11111101011
11111110011
11111111000
11200001001
11200010101
11200011010
11200101110
11200110110
11201000100
11201001010
11201011101
11201100111
11201110000
11201111011
11210000101
11210010010
11210011100
11210100011
11210101000
11210111111
11211000010
11211001101
11211010001
11211101110
11211110110
12000000110
12000001001
12000010101
12000100000
12000111000
12001010010
12001011101
12001100111
12001101100
12001111011
12010000101
12010001010
12010100011
12010110100
12010111111
12011001101
12011010001
12011011110
12011100000
12011111000
12100000011
12100011010
12100100101
12100101110
12100110110
12100111101
12101000100
12101001010
12101010111
12101101001
12101110000
12110001111
12110010010
12110011100
12110101000
12110110001
12111000010
12111011011
12111100101
12111101110
12111110110
12111111101
12200001100
12200010000
12200011111
12200101011
12200110011
12201000001
12201001111
12201011000
12201100010
12201110101
12201111110
12210000000
12210010111
12210011001
12210100110
12210101101
12210111010
12211000111
12211001000
12211010100
12211101011
12211110011
20000001000
20000001101
20000010000
20000010101
20000111001
20000111100
20001010011
20001010110
20001100010
20001100111
20001101001
20001101100
20010001011
20010001110
20010110001
20010110100
20010111010
20010111111
20011001000
20011001101
20011010000
20011010101
20011100001
20011100100
20100101010
20100101111
20100110011
20100110110
20101000001
20101000100
20101011000
20101011101
20101111011
20101111110
20110000000
20110000101
20110011001
20110011100
20110100011
20110100110
20111101011
20111101110
20111110010
20111110111
20200000011
20200000110
20200011011
20200011110
20200100000
20200100101
20201001010
20201001111
20201110001
20201110100
20210010010
20210010111
20210101001
20210101100
20211000011
20211000110
20211011011
20211011110
20211111000
20211111101
21000000111
21000011111
21000100001
21000101110
21000110010
21001000000
21001001011
21001011100
21001110101
21001111010
21010000100
21010010011
21010011000
21010100010
21010101101
21011000111
21011011111
21011101010
21011110110
21011111001
21100000010
21100001001
21100010001
21100011010
21100100100
21100111101
21101001110
21101010111
21101100011
21101101101
21101110000
21110001111
21110010110
21110101000
21110110101
21110111011
21111000010
21111001001
21111010001
21111011010
21111100101
21111111100
21200001100
21200010100
21200101011
21200110111
21200111000
21201000101
21201010010
21201011001
21201100110
21201101000
21201111111
21210000001
21210001010
21210011101
21210100111
21210110000
21210111110
21211001100
21211010100
21211100000
21211101111
21211110011
22000000010
22000011010
22000100100
22000101011
22000110111
22001000101
22001001110
22001011001
22001110000
22001111111
22010000001
22010010110
22010011101
22010100111
22010101000
22011000010
22011011010
22011101111
22011110011
22011111100
22100000111
22100001100
22100010100
22100011111
22100100001
22100111000
22101001011
22101010010
22101100110
22101101000
22101110101
22110001010
22110010011
22110101101
22110110000
22110111110
22111000111
22111001100
22111010100
22111011111
22111100000
22111111001
22200001001
22200010001
22200101110
22200110010
22200111101
22201000000
22201010111
22201011100
22201100011
22201101101
22201111010
22210000100
22210001111
22210011000
22210100010
22210110101
22210111011
22211001001
22211010001
22211100101
22211101010
22211110110