0000010101
0000011110
0000100111
0000101100
0001000000
0001001011
0001110010
0001111001
0010000100
0010001111
0010110110
0010111101
0011010001
0011011010
0011100011
0011101000
0020000011
0020001000
0020010000
0020011011
0020100010
0020101001
0020110001
0020111010
0021000101
0021001110
0021010110
0021011101
0021100100
0021101111
0021110111
0021111100
0100000010
0100000110
0100001001
0100001101
0100010011
0100011000
0100100001
0100101010
0100110000
0100110100
0100111011
0100111111
0101000110
0101001101
0101010011
0101010111
0101011000
0101011100
0101100001
0101100101
0101101010
0101101110
0101110100
0101111111
0110010101
0110011110
0110100111
0110101100
0111000000
0111001011
0111110010
0111111001
0120000100
0120001111
0120110110
0120111101
0121010001
0121011010
0121100011
0121101000
0200000100
0200001111
0200110110
0200111101
0201010001
0201011010
0201100011
0201101000
0210000001
0210001010
0210010010
0210011001
0210100000
0210101011
0210110011
0210111000
0211000111
0211001100
0211010100
0211011111
0211100110
0211101101
0211110101
0211111110
0220010111
0220011100
0220100101
0220101110
0221000010
0221001001
0221110000
0221111011
1000000001
1000001010
1000010010
1000011001
1000100000
1000101011
1000110011
1000111000
1001000111
1001001100
1001010100
1001011111
1001100110
1001101101
1001110101
1001111110
1010010101
1010011110
1010100111
1010101100
1011000000
1011001011
1011110010
1011111001
1020000110
1020001101
1020110100
1020111111
1021010011
1021011000
1021100001
1021101010
1100000100
1100001111
1100110110
1100111101
1101010001
1101011010
1101100011
1101101000
1110000011
1110001000
1110010000
1110011011
1110100010
1110101001
1110110001
1110111010
1111000101
1111001110
1111010110
1111011101
1111100100
1111101111
1111110111
1111111100
1120010111
1120011100
1120100101
1120101110
1121000010
1121001001
1121110000
1121111011
1200010111
1200011100
1200100101
1200101110
1201000010
1201001001
1201110000
1201111011
1210000110
1210001101
1210110100
1210111111
1211010011
1211011000
1211100001
1211101010
1220000000
1220000110
1220001011
1220001101
1220010001
1220011010
1220100011
1220101000
1220110010
1220110100
1220111001
1220111111
1221000100
1221001111
1221010011
1221010101
1221011000
1221011110
1221100001
1221100111
1221101010
1221101100
1221110110
1221111101
2000000100
2000001111
2000110110
2000111101
2001010001
2001011010
2001100011
2001101000
2010000010
2010001001
2010010011
2010010111
2010011000
2010011100
2010100001
2010100101
2010101010
2010101110
2010110000
2010111011
2011000010
2011000110
2011001001
2011001101
2011010111
2011011100
2011100101
2011101110
2011110000
2011110100
2011111011
2011111111
2020010101
2020011110
2020100111
2020101100
2021000000
2021001011
2021110010
2021111001
2100010101
2100011110
2100100111
2100101100
2101000000
2101001011
2101110010
2101111001
2110000100
2110001111
2110110110
2110111101
2111010001
2111011010
2111100011
2111101000
2120000001
2120001010
2120010010
2120011001
2120100000
2120101011
2120110011
2120111000
2121000111
2121001100
2121010100
2121011111
2121100110
2121101101
2121110101
2121111110
2200000011
2200001000
2200010000
2200011011
2200100010
2200101001
2200110001
2200111010
2201000101
2201001110
2201010110
2201011101
2201100100
2201101111
2201110111
2201111100
2210010101
2210011110
2210100111
2210101100
2211000000
2211001011
2211110010
2211111001
2220000110
2220001101
2220110100
2220111111
2221010011
2221011000
2221100001
2221101010