000000110
000001011
000010001
000010011
000011110
000101000
000101101
000110001
000110011
000110100
001000011
001001100
001011011
001101110
001110000
001110101
002000101
002011000
002100010
002111111
010000000
010011101
010100111
010111010
011001001
011001110
011010010
011010011
011010100
011010111
011100001
011101011
011101100
011110110
011111001
012000000
012011101
012100111
012111010
020000101
020011000
020100010
020111111
021000011
021001100
021011011
021101110
021110000
021110101
022001010
022001111
022010001
022010110
022100100
022101001
022110011
022111100
100000011
100001100
100011011
100101110
100110000
100110101
101001010
101001111
101010001
101010110
101100100
101101001
101110011
101111100
102000101
102011000
102100010
102111111
110000011
110001100
110011011
110101110
110110000
110110101
111000101
111011000
111100010
111111111
112000110
112001011
112010001
112010011
112011110
112101000
112101101
112110001
112110011
112110100
120001001
120001110
120010010
120010011
120010100
120010111
120100001
120101011
120101100
120110110
120111001
121000000
121011101
121100111
121111010
122000000
122011101
122100111
122111010
200000000
200011101
200100111
200111010
201000000
201011101
201100111
201111010
202001001
202001110
202010010
202010011
202010100
202010111
202100001
202101011
202101100
202110110
202111001
210001010
210001111
210010001
210010110
210100100
210101001
210110011
210111100
211000101
211011000
211100010
211111111
212000011
212001100
212011011
212101110
212110000
212110101
220000101
220011000
220100010
220111111
221000110
221001011
221010001
221010011
221011110
221101000
221101101
221110001
221110011
221110100
222000011
222001100
222011011
222101110
222110000
222110101