0000000000001
0000000000110
0000000001011
0000000010011
0000000011000
0000000011101
0000000100010
0000000100111
0000000101100
0000000110100
0000000111001
0000000111110
0000011000010
0000011000101
0000011001000
0000011001110
0000011010100
0000011011011
0000011100100
0000011101011
0000011110001
0000011110111
0000011111010
0000011111101
0000101000010
0000101001101
0000101010000
0000101010111
0000101011011
0000101011110
0000101100001
0000101100100
0000101101000
0000101101111
0000101110010
0000101111101
0000110000010
0000110001101
0000110010000
0000110010111
0000110011011
0000110011110
0000110100001
0000110100100
0000110101000
0000110101111
0000110110010
0000110111101
0001001000010
0001001001101
0001001010000
0001001010111
0001001011011
0001001011110
0001001100001
0001001100100
0001001101000
0001001101111
0001001110010
0001001111101
0001010000010
0001010001101
0001010010000
0001010010111
0001010011011
0001010011110
0001010100001
0001010100100
0001010101000
0001010101111
0001010110010
0001010111101
0001100000010
0001100000101
0001100001000
0001100001110
0001100010100
0001100011011
0001100100100
0001100101011
0001100110001
0001100110111
0001100111010
0001100111101
0001111000001
0001111000110
0001111001011
0001111010011
0001111011000
0001111011101
0001111100010
0001111100111
0001111101100
0001111110100
0001111111001
0001111111110
0010001000011
0010001001100
0010001010110
0010001011001
0010001100101
0010001101010
0010001110000
0010001111111
0010010000111
0010010001010
0010010010001
0010010011100
0010010100000
0010010101101
0010010110110
0010010111011
0010100000100
0010100001001
0010100010010
0010100011111
0010100100011
0010100101110
0010100110101
0010100111000
0010111000000
0010111001111
0010111010101
0010111011010
0010111100110
0010111101001
0010111110011
0010111111100
0011000000000
0011000001111
0011000010101
0011000011010
0011000100110
0011000101001
0011000110011
0011000111100
0011011000100
0011011001001
0011011010010
0011011011111
0011011100011
0011011101110
0011011110101
0011011111000
0011101000111
0011101001010
0011101010001
0011101011100
0011101100000
0011101101101
0011101110110
0011101111011
0011110000011
0011110001100
0011110010110
0011110011001
0011110100101
0011110101010
0011110110000
0011110111111
0020001000000
0020001001111
0020001010101
0020001011010
0020001100110
0020001101001
0020001110011
0020001111100
0020010000100
0020010001001
0020010010010
0020010011111
0020010100011
0020010101110
0020010110101
0020010111000
0020100000011
0020100001100
0020100010110
0020100011001
0020100100101
0020100101010
0020100110000
0020100111111
0020111000111
0020111001010
0020111010001
0020111011100
0020111100000
0020111101101
0020111110110
0020111111011
0021000000111
0021000001010
0021000010001
0021000011100
0021000100000
0021000101101
0021000110110
0021000111011
0021011000011
0021011001100
0021011010110
0021011011001
0021011100101
0021011101010
0021011110000
0021011111111
0021101000100
0021101001001
0021101010010
0021101011111
0021101100011
0021101101110
0021101110101
0021101111000
0021110000000
0021110001111
0021110010101
0021110011010
0021110100110
0021110101001
0021110110011
0021110111100
0100001000011
0100001001100
0100001010110
0100001011001
0100001100101
0100001101010
0100001110000
0100001111111
0100010000111
0100010001010
0100010010001
0100010011100
0100010100000
0100010101101
0100010110110
0100010111011
0100100000000
0100100001111
0100100010101
0100100011010
0100100100110
0100100101001
0100100110011
0100100111100
0100111000100
0100111001001
0100111010010
0100111011111
0100111100011
0100111101110
0100111110101
0100111111000
0101000000100
0101000001001
0101000010010
0101000011111
0101000100011
0101000101110
0101000110101
0101000111000
0101011000000
0101011001111
0101011010101
0101011011010
0101011100110
0101011101001
0101011110011
0101011111100
0101101000111
0101101001010
0101101010001
0101101011100
0101101100000
0101101101101
0101101110110
0101101111011
0101110000011
0101110001100
0101110010110
0101110011001
0101110100101
0101110101010
0101110110000
0101110111111
0110001000100
0110001001001
0110001010010
0110001011111
0110001100011
0110001101110
0110001110101
0110001111000
0110010000000
0110010001111
0110010010101
0110010011010
0110010100110
0110010101001
0110010110011
0110010111100
0110100000111
0110100001010
0110100010001
0110100011100
0110100100000
0110100101101
0110100110110
0110100111011
0110111000011
0110111001100
0110111010110
0110111011001
0110111100101
0110111101010
0110111110000
0110111111111
0111000000011
0111000001100
0111000010110
0111000011001
0111000100101
0111000101010
0111000110000
0111000111111
0111011000111
0111011001010
0111011010001
0111011011100
0111011100000
0111011101101
0111011110110
0111011111011
0111101000000
0111101001111
0111101010101
0111101011010
0111101100110
0111101101001
0111101110011
0111101111100
0111110000100
0111110001001
0111110010010
0111110011111
0111110100011
0111110101110
0111110110101
0111110111000
0120000000010
0120000001101
0120000010000
0120000010111
0120000011011
0120000011110
0120000100001
0120000100100
0120000101000
0120000101111
0120000110010
0120000111101
0120011000001
0120011000110
0120011001011
0120011010011
0120011011000
0120011011101
0120011100010
0120011100111
0120011101100
0120011110100
0120011111001
0120011111110
0120101000010
0120101000101
0120101001000
0120101001110
0120101010100
0120101011011
0120101100100
0120101101011
0120101110001
0120101110111
0120101111010
0120101111101
0120110000010
0120110000101
0120110001000
0120110001110
0120110010100
0120110011011
0120110100100
0120110101011
0120110110001
0120110110111
0120110111010
0120110111101
0121001000010
0121001000101
0121001001000
0121001001110
0121001010100
0121001011011
0121001100100
0121001101011
0121001110001
0121001110111
0121001111010
0121001111101
0121010000010
0121010000101
0121010001000
0121010001110
0121010010100
0121010011011
0121010100100
0121010101011
0121010110001
0121010110111
0121010111010
0121010111101
0121100000001
0121100000110
0121100001011
0121100010011
0121100011000
0121100011101
0121100100010
0121100100111
0121100101100
0121100110100
0121100111001
0121100111110
0121111000010
0121111001101
0121111010000
0121111010111
0121111011011
0121111011110
0121111100001
0121111100100
0121111101000
0121111101111
0121111110010
0121111111101
0200001000000
0200001001111
0200001010101
0200001011010
0200001100110
0200001101001
0200001110011
0200001111100
0200010000100
0200010001001
0200010010010
0200010011111
0200010100011
0200010101110
0200010110101
0200010111000
0200100000111
0200100001010
0200100010001
0200100011100
0200100100000
0200100101101
0200100110110
0200100111011
0200111000011
0200111001100
0200111010110
0200111011001
0200111100101
0200111101010
0200111110000
0200111111111
0201000000011
0201000001100
0201000010110
0201000011001
0201000100101
0201000101010
0201000110000
0201000111111
0201011000111
0201011001010
0201011010001
0201011011100
0201011100000
0201011101101
0201011110110
0201011111011
0201101000100
0201101001001
0201101010010
0201101011111
0201101100011
0201101101110
0201101110101
0201101111000
0201110000000
0201110001111
0201110010101
0201110011010
0201110100110
0201110101001
0201110110011
0201110111100
0210000000010
0210000000101
0210000001000
0210000001110
0210000010100
0210000011011
0210000100100
0210000101011
0210000110001
0210000110111
0210000111010
0210000111101
0210011000010
0210011001101
0210011010000
0210011010111
0210011011011
0210011011110
0210011100001
0210011100100
0210011101000
0210011101111
0210011110010
0210011111101
0210101000001
0210101000110
0210101001011
0210101010011
0210101011000
0210101011101
0210101100010
0210101100111
0210101101100
0210101110100
0210101111001
0210101111110
0210110000001
0210110000110
0210110001011
0210110010011
0210110011000
0210110011101
0210110100010
0210110100111
0210110101100
0210110110100
0210110111001
0210110111110
0211001000001
0211001000110
0211001001011
0211001010011
0211001011000
0211001011101
0211001100010
0211001100111
0211001101100
0211001110100
0211001111001
0211001111110
0211010000001
0211010000110
0211010001011
0211010010011
0211010011000
0211010011101
0211010100010
0211010100111
0211010101100
0211010110100
0211010111001
0211010111110
0211100000010
0211100001101
0211100010000
0211100010111
0211100011011
0211100011110
0211100100001
0211100100100
0211100101000
0211100101111
0211100110010
0211100111101
0211111000010
0211111000101
0211111001000
0211111001110
0211111010100
0211111011011
0211111100100
0211111101011
0211111110001
0211111110111
0211111111010
0211111111101
0220001000111
0220001001010
0220001010001
0220001011100
0220001100000
0220001101101
0220001110110
0220001111011
0220010000011
0220010001100
0220010010110
0220010011001
0220010100101
0220010101010
0220010110000
0220010111111
0220100000100
0220100001001
0220100010010
0220100011111
0220100100011
0220100101110
0220100110101
0220100111000
0220111000000
0220111001111
0220111010101
0220111011010
0220111100110
0220111101001
0220111110011
0220111111100
0221000000000
0221000001111
0221000010101
0221000011010
0221000100110
0221000101001
0221000110011
0221000111100
0221011000100
0221011001001
0221011010010
0221011011111
0221011100011
0221011101110
0221011110101
0221011111000
0221101000011
0221101001100
0221101010110
0221101011001
0221101100101
0221101101010
0221101110000
0221101111111
0221110000111
0221110001010
0221110010001
0221110011100
0221110100000
0221110101101
0221110110110
0221110111011
1000001000111
1000001001010
1000001010001
1000001011100
1000001100000
1000001101101
1000001110110
1000001111011
1000010000011
1000010001100
1000010010110
1000010011001
1000010100101
1000010101010
1000010110000
1000010111111
1000100000100
1000100001001
1000100010010
1000100011111
1000100100011
1000100101110
1000100110101
1000100111000
1000111000000
1000111001111
1000111010101
1000111011010
1000111100110
1000111101001
1000111110011
1000111111100
1001000000000
1001000001111
1001000010101
1001000011010
1001000100110
1001000101001
1001000110011
1001000111100
1001011000100
1001011001001
1001011010010
1001011011111
1001011100011
1001011101110
1001011110101
1001011111000
1001101000011
1001101001100
1001101010110
1001101011001
1001101100101
1001101101010
1001101110000
1001101111111
1001110000111
1001110001010
1001110010001
1001110011100
1001110100000
1001110101101
1001110110110
1001110111011
1010001000000
1010001001111
1010001010101
1010001011010
1010001100110
1010001101001
1010001110011
1010001111100
1010010000100
1010010001001
1010010010010
1010010011111
1010010100011
1010010101110
1010010110101
1010010111000
1010100000111
1010100001010
1010100010001
1010100011100
1010100100000
1010100101101
1010100110110
1010100111011
1010111000011
1010111001100
1010111010110
1010111011001
1010111100101
1010111101010
1010111110000
1010111111111
1011000000011
1011000001100
1011000010110
1011000011001
1011000100101
1011000101010
1011000110000
1011000111111
1011011000111
1011011001010
1011011010001
1011011011100
1011011100000
1011011101101
1011011110110
1011011111011
1011101000100
1011101001001
1011101010010
1011101011111
1011101100011
1011101101110
1011101110101
1011101111000
1011110000000
1011110001111
1011110010101
1011110011010
1011110100110
1011110101001
1011110110011
1011110111100
1020000000010
1020000000101
1020000001000
1020000001110
1020000010100
1020000011011
1020000100100
1020000101011
1020000110001
1020000110111
1020000111010
1020000111101
1020011000010
1020011001101
1020011010000
1020011010111
1020011011011
1020011011110
1020011100001
1020011100100
1020011101000
1020011101111
1020011110010
1020011111101
1020101000001
1020101000110
1020101001011
1020101010011
1020101011000
1020101011101
1020101100010
1020101100111
1020101101100
1020101110100
1020101111001
1020101111110
1020110000001
1020110000110
1020110001011
1020110010011
1020110011000
1020110011101
1020110100010
1020110100111
1020110101100
1020110110100
1020110111001
1020110111110
1021001000001
1021001000110
1021001001011
1021001010011
1021001011000
1021001011101
1021001100010
1021001100111
1021001101100
1021001110100
1021001111001
1021001111110
1021010000001
1021010000110
1021010001011
1021010010011
1021010011000
1021010011101
1021010100010
1021010100111
1021010101100
1021010110100
1021010111001
1021010111110
1021100000010
1021100001101
1021100010000
1021100010111
1021100011011
1021100011110
1021100100001
1021100100100
1021100101000
1021100101111
1021100110010
1021100111101
1021111000010
1021111000101
1021111001000
1021111001110
1021111010100
1021111011011
1021111100100
1021111101011
1021111110001
1021111110111
1021111111010
1021111111101
1100001000000
1100001001111
1100001010101
1100001011010
1100001100110
1100001101001
1100001110011
1100001111100
1100010000100
1100010001001
1100010010010
1100010011111
1100010100011
1100010101110
1100010110101
1100010111000
1100100000011
1100100001100
1100100010110
1100100011001
1100100100101
1100100101010
1100100110000
1100100111111
1100111000111
1100111001010
1100111010001
1100111011100
1100111100000
1100111101101
1100111110110
1100111111011
1101000000111
1101000001010
1101000010001
1101000011100
1101000100000
1101000101101
1101000110110
1101000111011
1101011000011
1101011001100
1101011010110
1101011011001
1101011100101
1101011101010
1101011110000
1101011111111
1101101000100
1101101001001
1101101010010
1101101011111
1101101100011
1101101101110
1101101110101
1101101111000
1101110000000
1101110001111
1101110010101
1101110011010
1101110100110
1101110101001
1101110110011
1101110111100
1110000000001
1110000000110
1110000001011
1110000010011
1110000011000
1110000011101
1110000100010
1110000100111
1110000101100
1110000110100
1110000111001
1110000111110
1110011000010
1110011000101
1110011001000
1110011001110
1110011010100
1110011011011
1110011100100
1110011101011
1110011110001
1110011110111
1110011111010
1110011111101
1110101000010
1110101001101
1110101010000
1110101010111
1110101011011
1110101011110
1110101100001
1110101100100
1110101101000
1110101101111
1110101110010
1110101111101
1110110000010
1110110001101
1110110010000
1110110010111
1110110011011
1110110011110
1110110100001
1110110100100
1110110101000
1110110101111
1110110110010
1110110111101
1111001000010
1111001001101
1111001010000
1111001010111
1111001011011
1111001011110
1111001100001
1111001100100
1111001101000
1111001101111
1111001110010
1111001111101
1111010000010
1111010001101
1111010010000
1111010010111
1111010011011
1111010011110
1111010100001
1111010100100
1111010101000
1111010101111
1111010110010
1111010111101
1111100000010
1111100000101
1111100001000
1111100001110
1111100010100
1111100011011
1111100100100
1111100101011
1111100110001
1111100110111
1111100111010
1111100111101
1111111000001
1111111000110
1111111001011
1111111010011
1111111011000
1111111011101
1111111100010
1111111100111
1111111101100
1111111110100
1111111111001
1111111111110
1120001000011
1120001001100
1120001010110
1120001011001
1120001100101
1120001101010
1120001110000
1120001111111
1120010000111
1120010001010
1120010010001
1120010011100
1120010100000
1120010101101
1120010110110
1120010111011
1120100000100
1120100001001
1120100010010
1120100011111
1120100100011
1120100101110
1120100110101
1120100111000
1120111000000
1120111001111
1120111010101
1120111011010
1120111100110
1120111101001
1120111110011
1120111111100
1121000000000
1121000001111
1121000010101
1121000011010
1121000100110
1121000101001
1121000110011
1121000111100
1121011000100
1121011001001
1121011010010
1121011011111
1121011100011
1121011101110
1121011110101
1121011111000
1121101000111
1121101001010
1121101010001
1121101011100
1121101100000
1121101101101
1121101110110
1121101111011
1121110000011
1121110001100
1121110010110
1121110011001
1121110100101
1121110101010
1121110110000
1121110111111
1200000000010
1200000001101
1200000010000
1200000010111
1200000011011
1200000011110
1200000100001
1200000100100
1200000101000
1200000101111
1200000110010
1200000111101
1200011000001
1200011000110
1200011001011
1200011010011
1200011011000
1200011011101
1200011100010
1200011100111
1200011101100
1200011110100
1200011111001
1200011111110
1200101000010
1200101000101
1200101001000
1200101001110
1200101010100
1200101011011
1200101100100
1200101101011
1200101110001
1200101110111
1200101111010
1200101111101
1200110000010
1200110000101
1200110001000
1200110001110
1200110010100
1200110011011
1200110100100
1200110101011
1200110110001
1200110110111
1200110111010
1200110111101
1201001000010
1201001000101
1201001001000
1201001001110
1201001010100
1201001011011
1201001100100
1201001101011
1201001110001
1201001110111
1201001111010
1201001111101
1201010000010
1201010000101
1201010001000
1201010001110
1201010010100
1201010011011
1201010100100
1201010101011
1201010110001
1201010110111
1201010111010
1201010111101
1201100000001
1201100000110
1201100001011
1201100010011
1201100011000
1201100011101
1201100100010
1201100100111
1201100101100
1201100110100
1201100111001
1201100111110
1201111000010
1201111001101
1201111010000
1201111010111
1201111011011
1201111011110
1201111100001
1201111100100
1201111101000
1201111101111
1201111110010
1201111111101
1210001000011
1210001001100
1210001010110
1210001011001
1210001100101
1210001101010
1210001110000
1210001111111
1210010000111
1210010001010
1210010010001
1210010011100
1210010100000
1210010101101
1210010110110
1210010111011
1210100000000
1210100001111
1210100010101
1210100011010
1210100100110
1210100101001
1210100110011
1210100111100
1210111000100
1210111001001
1210111010010
1210111011111
1210111100011
1210111101110
1210111110101
1210111111000
1211000000100
1211000001001
1211000010010
1211000011111
1211000100011
1211000101110
1211000110101
1211000111000
1211011000000
1211011001111
1211011010101
1211011011010
1211011100110
1211011101001
1211011110011
1211011111100
1211101000111
1211101001010
1211101010001
1211101011100
1211101100000
1211101101101
1211101110110
1211101111011
1211110000011
1211110001100
1211110010110
1211110011001
1211110100101
1211110101010
1211110110000
1211110111111
1220001000100
1220001001001
1220001010010
1220001011111
1220001100011
1220001101110
1220001110101
1220001111000
1220010000000
1220010001111
1220010010101
1220010011010
1220010100110
1220010101001
1220010110011
1220010111100
1220100000111
1220100001010
1220100010001
1220100011100
1220100100000
1220100101101
1220100110110
1220100111011
1220111000011
1220111001100
1220111010110
1220111011001
1220111100101
1220111101010
1220111110000
1220111111111
1221000000011
1221000001100
1221000010110
1221000011001
1221000100101
1221000101010
1221000110000
1221000111111
1221011000111
1221011001010
1221011010001
1221011011100
1221011100000
1221011101101
1221011110110
1221011111011
1221101000000
1221101001111
1221101010101
1221101011010
1221101100110
1221101101001
1221101110011
1221101111100
1221110000100
1221110001001
1221110010010
1221110011111
1221110100011
1221110101110
1221110110101
1221110111000
2000001000100
2000001001001
2000001010010
2000001011111
2000001100011
2000001101110
2000001110101
2000001111000
2000010000000
2000010001111
2000010010101
2000010011010
2000010100110
2000010101001
2000010110011
2000010111100
2000100000111
2000100001010
2000100010001
2000100011100
2000100100000
2000100101101
2000100110110
2000100111011
2000111000011
2000111001100
2000111010110
2000111011001
2000111100101
2000111101010
2000111110000
2000111111111
2001000000011
2001000001100
2001000010110
2001000011001
2001000100101
2001000101010
2001000110000
2001000111111
2001011000111
2001011001010
2001011010001
2001011011100
2001011100000
2001011101101
2001011110110
2001011111011
2001101000000
2001101001111
2001101010101
2001101011010
2001101100110
2001101101001
2001101110011
2001101111100
2001110000100
2001110001001
2001110010010
2001110011111
2001110100011
2001110101110
2001110110101
2001110111000
2010000000010
2010000001101
2010000010000
2010000010111
2010000011011
2010000011110
2010000100001
2010000100100
2010000101000
2010000101111
2010000110010
2010000111101
2010011000001
2010011000110
2010011001011
2010011010011
2010011011000
2010011011101
2010011100010
2010011100111
2010011101100
2010011110100
2010011111001
2010011111110
2010101000010
2010101000101
2010101001000
2010101001110
2010101010100
2010101011011
2010101100100
2010101101011
2010101110001
2010101110111
2010101111010
2010101111101
2010110000010
2010110000101
2010110001000
2010110001110
2010110010100
2010110011011
2010110100100
2010110101011
2010110110001
2010110110111
2010110111010
2010110111101
2011001000010
2011001000101
2011001001000
2011001001110
2011001010100
2011001011011
2011001100100
2011001101011
2011001110001
2011001110111
2011001111010
2011001111101
2011010000010
2011010000101
2011010001000
2011010001110
2011010010100
2011010011011
2011010100100
2011010101011
2011010110001
2011010110111
2011010111010
2011010111101
2011100000001
2011100000110
2011100001011
2011100010011
2011100011000
2011100011101
2011100100010
2011100100111
2011100101100
2011100110100
2011100111001
2011100111110
2011111000010
2011111001101
2011111010000
2011111010111
2011111011011
2011111011110
2011111100001
2011111100100
2011111101000
2011111101111
2011111110010
2011111111101
2020001000011
2020001001100
2020001010110
2020001011001
2020001100101
2020001101010
2020001110000
2020001111111
2020010000111
2020010001010
2020010010001
2020010011100
2020010100000
2020010101101
2020010110110
2020010111011
2020100000000
2020100001111
2020100010101
2020100011010
2020100100110
2020100101001
2020100110011
2020100111100
2020111000100
2020111001001
2020111010010
2020111011111
2020111100011
2020111101110
2020111110101
2020111111000
2021000000100
2021000001001
2021000010010
2021000011111
2021000100011
2021000101110
2021000110101
2021000111000
2021011000000
2021011001111
2021011010101
2021011011010
2021011100110
2021011101001
2021011110011
2021011111100
2021101000111
2021101001010
2021101010001
2021101011100
2021101100000
2021101101101
2021101110110
2021101111011
2021110000011
2021110001100
2021110010110
2021110011001
2021110100101
2021110101010
2021110110000
2021110111111
2100000000010
2100000000101
2100000001000
2100000001110
2100000010100
2100000011011
2100000100100
2100000101011
2100000110001
2100000110111
2100000111010
2100000111101
2100011000010
2100011001101
2100011010000
2100011010111
2100011011011
2100011011110
2100011100001
2100011100100
2100011101000
2100011101111
2100011110010
2100011111101
2100101000001
2100101000110
2100101001011
2100101010011
2100101011000
2100101011101
2100101100010
2100101100111
2100101101100
2100101110100
2100101111001
2100101111110
2100110000001
2100110000110
2100110001011
2100110010011
2100110011000
2100110011101
2100110100010
2100110100111
2100110101100
2100110110100
2100110111001
2100110111110
2101001000001
2101001000110
2101001001011
2101001010011
2101001011000
2101001011101
2101001100010
2101001100111
2101001101100
2101001110100
2101001111001
2101001111110
2101010000001
2101010000110
2101010001011
2101010010011
2101010011000
2101010011101
2101010100010
2101010100111
2101010101100
2101010110100
2101010111001
2101010111110
2101100000010
2101100001101
2101100010000
2101100010111
2101100011011
2101100011110
2101100100001
2101100100100
2101100101000
2101100101111
2101100110010
2101100111101
2101111000010
2101111000101
2101111001000
2101111001110
2101111010100
2101111011011
2101111100100
2101111101011
2101111110001
2101111110111
2101111111010
2101111111101
2110001000111
2110001001010
2110001010001
2110001011100
2110001100000
2110001101101
2110001110110
2110001111011
2110010000011
2110010001100
2110010010110
2110010011001
2110010100101
2110010101010
2110010110000
2110010111111
2110100000100
2110100001001
2110100010010
2110100011111
2110100100011
2110100101110
2110100110101
2110100111000
2110111000000
2110111001111
2110111010101
2110111011010
2110111100110
2110111101001
2110111110011
2110111111100
2111000000000
2111000001111
2111000010101
2111000011010
2111000100110
2111000101001
2111000110011
2111000111100
2111011000100
2111011001001
2111011010010
2111011011111
2111011100011
2111011101110
2111011110101
2111011111000
2111101000011
2111101001100
2111101010110
2111101011001
2111101100101
2111101101010
2111101110000
2111101111111
2111110000111
2111110001010
2111110010001
2111110011100
2111110100000
2111110101101
2111110110110
2111110111011
2120001000000
2120001001111
2120001010101
2120001011010
2120001100110
2120001101001
2120001110011
2120001111100
2120010000100
2120010001001
2120010010010
2120010011111
2120010100011
2120010101110
2120010110101
2120010111000
2120100000111
2120100001010
2120100010001
2120100011100
2120100100000
2120100101101
2120100110110
2120100111011
2120111000011
2120111001100
2120111010110
2120111011001
2120111100101
2120111101010
2120111110000
2120111111111
2121000000011
2121000001100
2121000010110
2121000011001
2121000100101
2121000101010
2121000110000
2121000111111
2121011000111
2121011001010
2121011010001
2121011011100
2121011100000
2121011101101
2121011110110
2121011111011
2121101000100
2121101001001
2121101010010
2121101011111
2121101100011
2121101101110
2121101110101
2121101111000
2121110000000
2121110001111
2121110010101
2121110011010
2121110100110
2121110101001
2121110110011
2121110111100
2200001000011
2200001001100
2200001010110
2200001011001
2200001100101
2200001101010
2200001110000
2200001111111
2200010000111
2200010001010
2200010010001
2200010011100
2200010100000
2200010101101
2200010110110
2200010111011
2200100000100
2200100001001
2200100010010
2200100011111
2200100100011
2200100101110
2200100110101
2200100111000
2200111000000
2200111001111
2200111010101
2200111011010
2200111100110
2200111101001
2200111110011
2200111111100
2201000000000
2201000001111
2201000010101
2201000011010
2201000100110
2201000101001
2201000110011
2201000111100
2201011000100
2201011001001
2201011010010
2201011011111
2201011100011
2201011101110
2201011110101
2201011111000
2201101000111
2201101001010
2201101010001
2201101011100
2201101100000
2201101101101
2201101110110
2201101111011
2201110000011
2201110001100
2201110010110
2201110011001
2201110100101
2201110101010
2201110110000
2201110111111
2210001000000
2210001001111
2210001010101
2210001011010
2210001100110
2210001101001
2210001110011
2210001111100
2210010000100
2210010001001
2210010010010
2210010011111
2210010100011
2210010101110
2210010110101
2210010111000
2210100000011
2210100001100
2210100010110
2210100011001
2210100100101
2210100101010
2210100110000
2210100111111
2210111000111
2210111001010
2210111010001
2210111011100
2210111100000
2210111101101
2210111110110
2210111111011
2211000000111
2211000001010
2211000010001
2211000011100
2211000100000
2211000101101
2211000110110
2211000111011
2211011000011
2211011001100
2211011010110
2211011011001
2211011100101
2211011101010
2211011110000
2211011111111
2211101000100
2211101001001
2211101010010
2211101011111
2211101100011
2211101101110
2211101110101
2211101111000
2211110000000
2211110001111
2211110010101
2211110011010
2211110100110
2211110101001
2211110110011
2211110111100
2220000000001
2220000000110
2220000001011
2220000010011
2220000011000
2220000011101
2220000100010
2220000100111
2220000101100
2220000110100
2220000111001
2220000111110
2220011000010
2220011000101
2220011001000
2220011001110
2220011010100
2220011011011
2220011100100
2220011101011
2220011110001
2220011110111
2220011111010
2220011111101
2220101000010
2220101001101
2220101010000
2220101010111
2220101011011
2220101011110
2220101100001
2220101100100
2220101101000
2220101101111
2220101110010
2220101111101
2220110000010
2220110001101
2220110010000
2220110010111
2220110011011
2220110011110
2220110100001
2220110100100
2220110101000
2220110101111
2220110110010
2220110111101
2221001000010
2221001001101
2221001010000
2221001010111
2221001011011
2221001011110
2221001100001
2221001100100
2221001101000
2221001101111
2221001110010
2221001111101
2221010000010
2221010001101
2221010010000
2221010010111
2221010011011
2221010011110
2221010100001
2221010100100
2221010101000
2221010101111
2221010110010
2221010111101
2221100000010
2221100000101
2221100001000
2221100001110
2221100010100
2221100011011
2221100100100
2221100101011
2221100110001
2221100110111
2221100111010
2221100111101
2221111000001
2221111000110
2221111001011
2221111010011
2221111011000
2221111011101
2221111100010
2221111100111
2221111101100
2221111110100
2221111111001
2221111111110