000000001111
000000010010
000000100000
000000111101
000001001000
000001010101
000001100111
000001111010
000010000001
000010011100
000010101110
000010110011
000011000110
000011011011
000011101001
000011110100
000100000100
000100011001
000100101011
000100110110
000101000011
000101011110
000101101100
000101110001
000110001010
000110010111
000110100101
000110111000
000111001101
000111010000
000111100010
000111111111
001000000101
001000010000
001000011011
001000100011
001000101000
001000111110
001001001001
001001001110
001001010110
001001100100
001001110001
001001111111
001010000010
001010001100
001010011111
001010100111
001010110100
001010111001
001011000011
001011010101
001011011000
001011101010
001011101101
001011110010
001100000111
001100001010
001100011100
001100101101
001100110010
001100110101
001101000000
001101010011
001101011101
001101100110
001101101011
001101111000
001110001001
001110010001
001110010110
001110100000
001110101110
001110111011
001111000100
001111001111
001111011010
001111100001
001111110111
001111111100
002000000110
002000011000
002000101001
002000110111
002001001101
002001010011
002001100010
002001111100
002010001011
002010010101
002010100100
002010111010
002011000000
002011011110
002011101111
002011110001
002100000001
002100011111
002100101110
002100110000
002101001010
002101010100
002101100101
002101111011
002110001100
002110010010
002110100011
002110111101
002111000111
002111011001
002111101000
002111110110
010000000110
010000011000
010000101001
010000110111
010001001101
010001010011
010001100010
010001111100
010010001011
010010010101
010010100100
010010111010
010011000000
010011011110
010011101111
010011110001
010100000001
010100011111
010100101110
010100110000
010101001010
010101010100
010101100101
010101111011
010110001100
010110010010
010110100011
010110111101
010111000111
010111011001
010111101000
010111110110
011000000000
011000011101
011000101111
011000110010
011001000111
011001011010
011001101000
011001110101
011010001110
011010010011
011010100001
011010111100
011011001001
011011010100
011011100110
011011111011
011100001011
011100010110
011100100100
011100111001
011101001100
011101010001
011101100011
011101111110
011110000101
011110011000
011110101010
011110110111
011111000010
011111011111
011111101101
011111110000
012000000111
012000001010
012000010100
012000011111
012000101100
012000110001
012001000001
012001000110
012001011001
012001101011
012001110000
012001111110
012010001101
012010010000
012010100011
012010101000
012010110110
012010111011
012011000010
012011001100
012011010111
012011100101
012011111010
012011111101
012100001000
012100010011
012100011101
012100100010
012100100101
012100111010
012101001111
012101010010
012101100100
012101101001
012101110111
012101111100
012110000110
012110011001
012110011110
012110100001
012110101111
012110110100
012111000000
012111001011
012111010101
012111011000
012111101110
012111110011
020000000011
020000001100
020000010001
020000011110
020000100101
020000101010
020000110100
020000111011
020001000100
020001001011
020001010000
020001011111
020001100001
020001101110
020001110110
020001111001
020010000111
020010001000
020010010110
020010011001
020010100010
020010101101
020010110000
020010111111
020011000101
020011001010
020011010010
020011011101
020011100011
020011101100
020011110111
020011111000
020100000010
020100001101
020100010101
020100011010
020100100111
020100101000
020100110011
020100111100
020101000110
020101001001
020101010111
020101011000
020101100000
020101101111
020101110010
020101111101
020110000000
020110001111
020110010100
020110011011
020110100110
020110101001
020110110001
020110111110
020111000001
020111001110
020111010011
020111011100
020111100100
020111101011
020111110101
020111111010
021000001001
021000010111
021000100110
021000111000
021001000010
021001011100
021001101101
021001110011
021010000100
021010011010
021010101011
021010110101
021011001111
021011010001
021011100000
021011111110
021100001110
021100010000
021100100001
021100111111
021101000101
021101011011
021101101010
021101110100
021110000011
021110011101
021110101100
021110110010
021111001000
021111010110
021111100111
021111111001
022000001111
022000010010
022000100000
022000111101
022001001000
022001010101
022001100111
022001111010
022010000001
022010011100
022010101110
022010110011
022011000110
022011011011
022011101001
022011110100
022100000100
022100011001
022100101011
022100110110
022101000011
022101011110
022101101100
022101110001
022110001010
022110010111
022110100101
022110111000
022111001101
022111010000
022111100010
022111111111
100000001001
100000010111
100000100110
100000111000
100001000010
100001011100
100001101101
100001110011
100010000100
100010011010
100010101011
100010110101
100011001111
100011010001
100011100000
100011111110
100100001110
100100010000
100100100001
100100111111
100101000101
100101011011
100101101010
100101110100
100110000011
100110011101
100110101100
100110110010
100111001000
100111010110
100111100111
100111111001
101000001111
101000010010
101000100000
101000111101
101001001000
101001010101
101001100111
101001111010
101010000001
101010011100
101010101110
101010110011
101011000110
101011011011
101011101001
101011110100
101100000100
101100011001
101100101011
101100110110
101101000011
101101011110
101101101100
101101110001
101110001010
101110010111
101110100101
101110111000
101111001101
101111010000
101111100010
101111111111
102000000011
102000001100
102000010001
102000011110
102000100101
102000101010
102000110100
102000111011
102001000100
102001001011
102001010000
102001011111
102001100001
102001101110
102001110110
102001111001
102010000111
102010001000
102010010110
102010011001
102010100010
102010101101
102010110000
102010111111
102011000101
102011001010
102011010010
102011011101
102011100011
102011101100
102011110111
102011111000
102100000010
102100001101
102100010101
102100011010
102100100111
102100101000
102100110011
102100111100
102101000110
102101001001
102101010111
102101011000
102101100000
102101101111
102101110010
102101111101
102110000000
102110001111
102110010100
102110011011
102110100110
102110101001
102110110001
102110111110
102111000001
102111001110
102111010011
102111011100
102111100100
102111101011
102111110101
102111111010
110000000101
110000010000
110000011011
110000100011
110000101000
110000111110
110001001001
110001001110
110001010110
110001100100
110001110001
110001111111
110010000010
110010001100
110010011111
110010100111
110010110100
110010111001
110011000011
110011010101
110011011000
110011101010
110011101101
110011110010
110100000111
110100001010
110100011100
110100101101
110100110010
110100110101
110101000000
110101010011
110101011101
110101100110
110101101011
110101111000
110110001001
110110010001
110110010110
110110100000
110110101110
110110111011
110111000100
110111001111
110111011010
110111100001
110111110111
110111111100
111000000110
111000011000
111000101001
111000110111
111001001101
111001010011
111001100010
111001111100
111010001011
111010010101
111010100100
111010111010
111011000000
111011011110
111011101111
111011110001
111100000001
111100011111
111100101110
111100110000
111101001010
111101010100
111101100101
111101111011
111110001100
111110010010
111110100011
111110111101
111111000111
111111011001
111111101000
111111110110
112000001111
112000010010
112000100000
112000111101
112001001000
112001010101
112001100111
112001111010
112010000001
112010011100
112010101110
112010110011
112011000110
112011011011
112011101001
112011110100
112100000100
112100011001
112100101011
112100110110
112101000011
112101011110
112101101100
112101110001
112110001010
112110010111
112110100101
112110111000
112111001101
112111010000
112111100010
112111111111
120000000000
120000011101
120000101111
120000110010
120001000111
120001011010
120001101000
120001110101
120010001110
120010010011
120010100001
120010111100
120011001001
120011010100
120011100110
120011111011
120100001011
120100010110
120100100100
120100111001
120101001100
120101010001
120101100011
120101111110
120110000101
120110011000
120110101010
120110110111
120111000010
120111011111
120111101101
120111110000
121000000111
121000001010
121000010100
121000011111
121000101100
121000110001
121001000001
121001000110
121001011001
121001101011
121001110000
121001111110
121010001101
121010010000
121010100011
121010101000
121010110110
121010111011
121011000010
121011001100
121011010111
121011100101
121011111010
121011111101
121100001000
121100010011
121100011101
121100100010
121100100101
121100111010
121101001111
121101010010
121101100100
121101101001
121101110111
121101111100
121110000110
121110011001
121110011110
121110100001
121110101111
121110110100
121111000000
121111001011
121111010101
121111011000
121111101110
121111110011
122000000110
122000011000
122000101001
122000110111
122001001101
122001010011
122001100010
122001111100
122010001011
122010010101
122010100100
122010111010
122011000000
122011011110
122011101111
122011110001
122100000001
122100011111
122100101110
122100110000
122101001010
122101010100
122101100101
122101111011
122110001100
122110010010
122110100011
122110111101
122111000111
122111011001
122111101000
122111110110
200000000111
200000001010
200000010100
200000011111
200000101100
200000110001
200001000001
200001000110
200001011001
200001101011
200001110000
200001111110
200010001101
200010010000
200010100011
200010101000
200010110110
200010111011
200011000010
200011001100
200011010111
200011100101
200011111010
200011111101
200100001000
200100010011
200100011101
200100100010
200100100101
200100111010
200101001111
200101010010
200101100100
200101101001
200101110111
200101111100
200110000110
200110011001
200110011110
200110100001
200110101111
200110110100
200111000000
200111001011
200111010101
200111011000
200111101110
200111110011
201000000110
201000011000
201000101001
201000110111
201001001101
201001010011
201001100010
201001111100
201010001011
201010010101
201010100100
201010111010
201011000000
201011011110
201011101111
201011110001
201100000001
201100011111
201100101110
201100110000
201101001010
201101010100
201101100101
201101111011
201110001100
201110010010
201110100011
201110111101
201111000111
201111011001
201111101000
201111110110
202000000000
202000011101
202000101111
202000110010
202001000111
202001011010
202001101000
202001110101
202010001110
202010010011
202010100001
202010111100
202011001001
202011010100
202011100110
202011111011
202100001011
202100010110
202100100100
202100111001
202101001100
202101010001
202101100011
202101111110
202110000101
202110011000
202110101010
202110110111
202111000010
202111011111
202111101101
202111110000
210000001111
210000010010
210000100000
210000111101
210001001000
210001010101
210001100111
210001111010
210010000001
210010011100
210010101110
210010110011
210011000110
210011011011
210011101001
210011110100
210100000100
210100011001
210100101011
210100110110
210101000011
210101011110
210101101100
210101110001
210110001010
210110010111
210110100101
210110111000
210111001101
210111010000
210111100010
210111111111
211000000011
211000001100
211000010001
211000011110
211000100101
211000101010
211000110100
211000111011
211001000100
211001001011
211001010000
211001011111
211001100001
211001101110
211001110110
211001111001
211010000111
211010001000
211010010110
211010011001
211010100010
211010101101
211010110000
211010111111
211011000101
211011001010
211011010010
211011011101
211011100011
211011101100
211011110111
211011111000
211100000010
211100001101
211100010101
211100011010
211100100111
211100101000
211100110011
211100111100
211101000110
211101001001
211101010111
211101011000
211101100000
211101101111
211101110010
211101111101
211110000000
211110001111
211110010100
211110011011
211110100110
211110101001
211110110001
211110111110
211111000001
211111001110
211111010011
211111011100
211111100100
211111101011
211111110101
211111111010
212000001001
212000010111
212000100110
212000111000
212001000010
212001011100
212001101101
212001110011
212010000100
212010011010
212010101011
212010110101
212011001111
212011010001
212011100000
212011111110
212100001110
212100010000
212100100001
212100111111
212101000101
212101011011
212101101010
212101110100
212110000011
212110011101
212110101100
212110110010
212111001000
212111010110
212111100111
212111111001
220000000110
220000011000
220000101001
220000110111
220001001101
220001010011
220001100010
220001111100
220010001011
220010010101
220010100100
220010111010
220011000000
220011011110
220011101111
220011110001
220100000001
220100011111
220100101110
220100110000
220101001010
220101010100
220101100101
220101111011
220110001100
220110010010
220110100011
220110111101
220111000111
220111011001
220111101000
220111110110
221000001111
221000010010
221000100000
221000111101
221001001000
221001010101
221001100111
221001111010
221010000001
221010011100
221010101110
221010110011
221011000110
221011011011
221011101001
221011110100
221100000100
221100011001
221100101011
221100110110
221101000011
221101011110
221101101100
221101110001
221110001010
221110010111
221110100101
221110111000
221111001101
221111010000
221111100010
221111111111
222000000101
222000010000
222000011011
222000100011
222000101000
222000111110
222001001001
222001001110
222001010110
222001100100
222001110001
222001111111
222010000010
222010001100
222010011111
222010100111
222010110100
222010111001
222011000011
222011010101
222011011000
222011101010
222011101101
222011110010
222100000111
222100001010
222100011100
222100101101
222100110010
222100110101
222101000000
222101010011
222101011101
222101100110
222101101011
222101111000
222110001001
222110010001
222110010110
222110100000
222110101110
222110111011
222111000100
222111001111
222111011010
222111100001
222111110111
222111111100