000000000000
000000001111
000000110011
000000111100
000001010101
000001011010
000001100110
000001101001
000010010110
000010011001
000010100101
000010101010
000011000011
000011001100
000011110000
000011111111
000100010111
000100011000
000100100001
000100101110
000101000010
000101001101
000101110100
000101111011
000110000100
000110001011
000110110010
000110111101
000111010001
000111011110
000111100111
000111101000
000200010010
000200011101
000200100100
000200101011
000201000111
000201001000
000201110001
000201111110
000210000001
000210001110
000210110111
000210111000
000211010100
000211011011
000211100010
000211101101
001000010111
001000011000
001000100001
001000101110
001001000010
001001001101
001001110100
001001111011
001010000100
001010001011
001010110010
001010111101
001011010001
001011011110
001011100111
001011101000
001100000011
001100001100
001100110101
001100111010
001101010110
001101011001
001101100000
001101101111
001110010000
001110011111
001110100110
001110101001
001111000101
001111001010
001111110011
001111111100
001200000110
001200001001
001200110000
001200111111
001201010011
001201011100
001201100101
001201101010
001210010101
001210011010
001210100011
001210101100
001211000000
001211001111
001211110110
001211111001
002000010001
002000011110
002000100010
002000101101
002001000100
002001001011
002001110111
002001111000
002010000111
002010001000
002010110100
002010111011
002011010010
002011011101
002011100001
002011101110
002100000101
002100001010
002100110110
002100111001
002101010000
002101011111
002101100011
002101101100
002110010011
002110011100
002110100000
002110101111
002111000110
002111001001
002111110101
002111111010
002200010100
002200011011
002200100111
002200101000
002201000001
002201001110
002201110010
002201111101
002210000010
002210001101
002210110001
002210111110
002211010111
002211011000
002211100100
002211101011
010000000011
010000001100
010000110101
010000111010
010001010110
010001011001
010001100000
010001101111
010010010000
010010011111
010010100110
010010101001
010011000101
010011001010
010011110011
010011111100
010100000110
010100001001
010100110000
010100111111
010101010011
010101011100
010101100101
010101101010
010110010101
010110011010
010110100011
010110101100
010111000000
010111001111
010111110110
010111111001
010200010111
010200011000
010200100001
010200101110
010201000010
010201001101
010201110100
010201111011
010210000100
010210001011
010210110010
010210111101
010211010001
010211011110
010211100111
010211101000
011000000101
011000001010
011000110110
011000111001
011001010000
011001011111
011001100011
011001101100
011010010011
011010011100
011010100000
011010101111
011011000110
011011001001
011011110101
011011111010
011100010100
011100011011
011100100111
011100101000
011101000001
011101001110
011101110010
011101111101
011110000010
011110001101
011110110001
011110111110
011111010111
011111011000
011111100100
011111101011
011200010001
011200011110
011200100010
011200101101
011201000100
011201001011
011201110111
011201111000
011210000111
011210001000
011210110100
011210111011
011211010010
011211011101
011211100001
011211101110
012000010111
012000011000
012000100001
012000101110
012001000010
012001001101
012001110100
012001111011
012010000100
012010001011
012010110010
012010111101
012011010001
012011011110
012011100111
012011101000
012100010010
012100011101
012100100100
012100101011
012101000111
012101001000
012101110001
012101111110
012110000001
012110001110
012110110111
012110111000
012111010100
012111011011
012111100010
012111101101
012200000000
012200001111
012200110011
012200111100
012201010101
012201011010
012201100110
012201101001
012210010110
012210011001
012210100101
012210101010
012211000011
012211001100
012211110000
012211111111
020000010100
020000011011
020000100111
020000101000
020001000001
020001001110
020001110010
020001111101
020010000010
020010001101
020010110001
020010111110
020011010111
020011011000
020011100100
020011101011
020100010001
020100011110
020100100010
020100101101
020101000100
020101001011
020101110111
020101111000
020110000111
020110001000
020110110100
020110111011
020111010010
020111011101
020111100001
020111101110
020200000101
020200001010
020200110110
020200111001
020201010000
020201011111
020201100011
020201101100
020210010011
020210011100
020210100000
020210101111
020211000110
020211001001
020211110101
020211111010
021000010010
021000011101
021000100100
021000101011
021001000111
021001001000
021001110001
021001111110
021010000001
021010001110
021010110111
021010111000
021011010100
021011011011
021011100010
021011101101
021100000000
021100001111
021100110011
021100111100
021101010101
021101011010
021101100110
021101101001
021110010110
021110011001
021110100101
021110101010
021111000011
021111001100
021111110000
021111111111
021200010111
021200011000
021200100001
021200101110
021201000010
021201001101
021201110100
021201111011
021210000100
021210001011
021210110010
021210111101
021211010001
021211011110
021211100111
021211101000
022000000110
022000001001
022000110000
022000111111
022001010011
022001011100
022001100101
022001101010
022010010101
022010011010
022010100011
022010101100
022011000000
022011001111
022011110110
022011111001
022100010111
022100011000
022100100001
022100101110
022101000010
022101001101
022101110100
022101111011
022110000100
022110001011
022110110010
022110111101
022111010001
022111011110
022111100111
022111101000
022200000011
022200001100
022200110101
022200111010
022201010110
022201011001
022201100000
022201101111
022210010000
022210011111
022210100110
022210101001
022211000101
022211001010
022211110011
022211111100
100000000110
100000001001
100000110000
100000111111
100001010011
100001011100
100001100101
100001101010
100010010101
100010011010
100010100011
100010101100
100011000000
100011001111
100011110110
100011111001
100100010111
100100011000
100100100001
100100101110
100101000010
100101001101
100101110100
100101111011
100110000100
100110001011
100110110010
100110111101
100111010001
100111011110
100111100111
100111101000
100200000011
100200001100
100200110101
100200111010
100201010110
100201011001
100201100000
100201101111
100210010000
100210011111
100210100110
100210101001
100211000101
100211001010
100211110011
100211111100
101000010100
101000011011
101000100111
101000101000
101001000001
101001001110
101001110010
101001111101
101010000010
101010001101
101010110001
101010111110
101011010111
101011011000
101011100100
101011101011
101100010001
101100011110
101100100010
101100101101
101101000100
101101001011
101101110111
101101111000
101110000111
101110001000
101110110100
101110111011
101111010010
101111011101
101111100001
101111101110
101200000101
101200001010
101200110110
101200111001
101201010000
101201011111
101201100011
101201101100
101210010011
101210011100
101210100000
101210101111
101211000110
101211001001
101211110101
101211111010
102000010010
102000011101
102000100100
102000101011
102001000111
102001001000
102001110001
102001111110
102010000001
102010001110
102010110111
102010111000
102011010100
102011011011
102011100010
102011101101
102100000000
102100001111
102100110011
102100111100
102101010101
102101011010
102101100110
102101101001
102110010110
102110011001
102110100101
102110101010
102111000011
102111001100
102111110000
102111111111
102200010111
102200011000
102200100001
102200101110
102201000010
102201001101
102201110100
102201111011
102210000100
102210001011
102210110010
102210111101
102211010001
102211011110
102211100111
102211101000
110000010001
110000011110
110000100010
110000101101
110001000100
110001001011
110001110111
110001111000
110010000111
110010001000
110010110100
110010111011
110011010010
110011011101
110011100001
110011101110
110100000101
110100001010
110100110110
110100111001
110101010000
110101011111
110101100011
110101101100
110110010011
110110011100
110110100000
110110101111
110111000110
110111001001
110111110101
110111111010
110200010100
110200011011
110200100111
110200101000
110201000001
110201001110
110201110010
110201111101
110210000010
110210001101
110210110001
110210111110
110211010111
110211011000
110211100100
110211101011
111000000000
111000001111
111000110011
111000111100
111001010101
111001011010
111001100110
111001101001
111010010110
111010011001
111010100101
111010101010
111011000011
111011001100
111011110000
111011111111
111100010111
111100011000
111100100001
111100101110
111101000010
111101001101
111101110100
111101111011
111110000100
111110001011
111110110010
111110111101
111111010001
111111011110
111111100111
111111101000
111200010010
111200011101
111200100100
111200101011
111201000111
111201001000
111201110001
111201111110
111210000001
111210001110
111210110111
111210111000
111211010100
111211011011
111211100010
111211101101
112000010111
112000011000
112000100001
112000101110
112001000010
112001001101
112001110100
112001111011
112010000100
112010001011
112010110010
112010111101
112011010001
112011011110
112011100111
112011101000
112100000011
112100001100
112100110101
112100111010
112101010110
112101011001
112101100000
112101101111
112110010000
112110011111
112110100110
112110101001
112111000101
112111001010
112111110011
112111111100
112200000110
112200001001
112200110000
112200111111
112201010011
112201011100
112201100101
112201101010
112210010101
112210011010
112210100011
112210101100
112211000000
112211001111
112211110110
112211111001
120000010111
120000011000
120000100001
120000101110
120001000010
120001001101
120001110100
120001111011
120010000100
120010001011
120010110010
120010111101
120011010001
120011011110
120011100111
120011101000
120100010010
120100011101
120100100100
120100101011
120101000111
120101001000
120101110001
120101111110
120110000001
120110001110
120110110111
120110111000
120111010100
120111011011
120111100010
120111101101
120200000000
120200001111
120200110011
120200111100
120201010101
120201011010
120201100110
120201101001
120210010110
120210011001
120210100101
120210101010
120211000011
120211001100
120211110000
120211111111
121000000011
121000001100
121000110101
121000111010
121001010110
121001011001
121001100000
121001101111
121010010000
121010011111
121010100110
121010101001
121011000101
121011001010
121011110011
121011111100
121100000110
121100001001
121100110000
121100111111
121101010011
121101011100
121101100101
121101101010
121110010101
121110011010
121110100011
121110101100
121111000000
121111001111
121111110110
121111111001
121200010111
121200011000
121200100001
121200101110
121201000010
121201001101
121201110100
121201111011
121210000100
121210001011
121210110010
121210111101
121211010001
121211011110
121211100111
121211101000
122000000101
122000001010
122000110110
122000111001
122001010000
122001011111
122001100011
122001101100
122010010011
122010011100
122010100000
122010101111
122011000110
122011001001
122011110101
122011111010
122100010100
122100011011
122100100111
122100101000
122101000001
122101001110
122101110010
122101111101
122110000010
122110001101
122110110001
122110111110
122111010111
122111011000
122111100100
122111101011
122200010001
122200011110
122200100010
122200101101
122201000100
122201001011
122201110111
122201111000
122210000111
122210001000
122210110100
122210111011
122211010010
122211011101
122211100001
122211101110
200000000101
200000001010
200000110110
200000111001
200001010000
200001011111
200001100011
200001101100
200010010011
200010011100
200010100000
200010101111
200011000110
200011001001
200011110101
200011111010
200100010100
200100011011
200100100111
200100101000
200101000001
200101001110
200101110010
200101111101
200110000010
200110001101
200110110001
200110111110
200111010111
200111011000
200111100100
200111101011
200200010001
200200011110
200200100010
200200101101
200201000100
200201001011
200201110111
200201111000
200210000111
200210001000
200210110100
200210111011
200211010010
200211011101
200211100001
200211101110
201000010111
201000011000
201000100001
201000101110
201001000010
201001001101
201001110100
201001111011
201010000100
201010001011
201010110010
201010111101
201011010001
201011011110
201011100111
201011101000
201100010010
201100011101
201100100100
201100101011
201101000111
201101001000
201101110001
201101111110
201110000001
201110001110
201110110111
201110111000
201111010100
201111011011
201111100010
201111101101
201200000000
201200001111
201200110011
201200111100
201201010101
201201011010
201201100110
201201101001
201210010110
201210011001
201210100101
201210101010
201211000011
201211001100
201211110000
201211111111
202000000011
202000001100
202000110101
202000111010
202001010110
202001011001
202001100000
202001101111
202010010000
202010011111
202010100110
202010101001
202011000101
202011001010
202011110011
202011111100
202100000110
202100001001
202100110000
202100111111
202101010011
202101011100
202101100101
202101101010
202110010101
202110011010
202110100011
202110101100
202111000000
202111001111
202111110110
202111111001
202200010111
202200011000
202200100001
202200101110
202201000010
202201001101
202201110100
202201111011
202210000100
202210001011
202210110010
202210111101
202211010001
202211011110
202211100111
202211101000
210000010010
210000011101
210000100100
210000101011
210001000111
210001001000
210001110001
210001111110
210010000001
210010001110
210010110111
210010111000
210011010100
210011011011
210011100010
210011101101
210100000000
210100001111
210100110011
210100111100
210101010101
210101011010
210101100110
210101101001
210110010110
210110011001
210110100101
210110101010
210111000011
210111001100
210111110000
210111111111
210200010111
210200011000
210200100001
210200101110
210201000010
210201001101
210201110100
210201111011
210210000100
210210001011
210210110010
210210111101
210211010001
210211011110
210211100111
210211101000
211000000110
211000001001
211000110000
211000111111
211001010011
211001011100
211001100101
211001101010
211010010101
211010011010
211010100011
211010101100
211011000000
211011001111
211011110110
211011111001
211100010111
211100011000
211100100001
211100101110
211101000010
211101001101
211101110100
211101111011
211110000100
211110001011
211110110010
211110111101
211111010001
211111011110
211111100111
211111101000
211200000011
211200001100
211200110101
211200111010
211201010110
211201011001
211201100000
211201101111
211210010000
211210011111
211210100110
211210101001
211211000101
211211001010
211211110011
211211111100
212000010100
212000011011
212000100111
212000101000
212001000001
212001001110
212001110010
212001111101
212010000010
212010001101
212010110001
212010111110
212011010111
212011011000
212011100100
212011101011
212100010001
212100011110
212100100010
212100101101
212101000100
212101001011
212101110111
212101111000
212110000111
212110001000
212110110100
212110111011
212111010010
212111011101
212111100001
212111101110
212200000101
212200001010
212200110110
212200111001
212201010000
212201011111
212201100011
212201101100
212210010011
212210011100
212210100000
212210101111
212211000110
212211001001
212211110101
212211111010
220000010111
220000011000
220000100001
220000101110
220001000010
220001001101
220001110100
220001111011
220010000100
220010001011
220010110010
220010111101
220011010001
220011011110
220011100111
220011101000
220100000011
220100001100
220100110101
220100111010
220101010110
220101011001
220101100000
220101101111
220110010000
220110011111
220110100110
220110101001
220111000101
220111001010
220111110011
220111111100
220200000110
220200001001
220200110000
220200111111
220201010011
220201011100
220201100101
220201101010
220210010101
220210011010
220210100011
220210101100
220211000000
220211001111
220211110110
220211111001
221000010001
221000011110
221000100010
221000101101
221001000100
221001001011
221001110111
221001111000
221010000111
221010001000
221010110100
221010111011
221011010010
221011011101
221011100001
221011101110
221100000101
221100001010
221100110110
221100111001
221101010000
221101011111
221101100011
221101101100
221110010011
221110011100
221110100000
221110101111
221111000110
221111001001
221111110101
221111111010
221200010100
221200011011
221200100111
221200101000
221201000001
221201001110
221201110010
221201111101
221210000010
221210001101
221210110001
221210111110
221211010111
221211011000
221211100100
221211101011
222000000000
222000001111
222000110011
222000111100
222001010101
222001011010
222001100110
222001101001
222010010110
222010011001
222010100101
222010101010
222011000011
222011001100
222011110000
222011111111
222100010111
222100011000
222100100001
222100101110
222101000010
222101001101
222101110100
222101111011
222110000100
222110001011
222110110010
222110111101
222111010001
222111011110
222111100111
222111101000
222200010010
222200011101
222200100100
222200101011
222201000111
222201001000
222201110001
222201111110
222210000001
222210001110
222210110111
222210111000
222211010100
222211011011
222211100010
222211101101