0000000
0000001
0000110
0000111
0001000
0001001
0001110
0001111
0002000
0002001
0002110
0002111
0120010
0120101
0121010
0121101
0122010
0122101
0210011
0210100
0211011
0211100
0212011
0212100
1020011
1020100
1021011
1021100
1022011
1022100
1110000
1110001
1110110
1110111
1111000
1111001
1111110
1111111
1112000
1112001
1112110
1112111
1200010
1200101
1201010
1201101
1202010
1202101
2010010
2010101
2011010
2011101
2012010
2012101
2100011
2100100
2101011
2101100
2102011
2102100
2220000
2220001
2220110
2220111
2221000
2221001
2221110
2221111
2222000
2222001
2222110
2222111