00000010100
00000011011
00000011100
00000100011
00000101000
00000101101
00000101110
00001010001
00001010010
00001010111
00001011100
00001100011
00001100100
00001101011
00010000000
00010000111
00010111010
00010111101
00011001010
00011001101
00011110000
00011110111
00020001001
00020001110
00020110000
00020110111
00021000000
00021000111
00021111001
00021111110
00100000000
00100000111
00100111001
00100111110
00101001001
00101001110
00101110000
00101110111
00110001011
00110001100
00110110011
00110110100
00111000011
00111000100
00111111011
00111111100
00120010010
00120010101
00120011000
00120011111
00120100010
00120100101
00120101000
00120101111
00121010010
00121010101
00121011000
00121011111
00121100010
00121100101
00121101000
00121101111
00200001010
00200001101
00200110000
00200110111
00201000000
00201000111
00201111010
00201111101
00210010001
00210010110
00210011000
00210011111
00210100001
00210100110
00210101000
00210101111
00211010001
00211010110
00211011000
00211011111
00211100001
00211100110
00211101000
00211101111
00220000011
00220000100
00220111011
00220111100
00221001011
00221001100
00221110011
00221110100
01000001000
01000001111
01000110001
01000110110
01001000001
01001000110
01001111000
01001111111
01010010010
01010010101
01010011001
01010011110
01010100010
01010100101
01010101001
01010101110
01011010010
01011010101
01011011001
01011011110
01011100010
01011100101
01011101001
01011101110
01020000011
01020000100
01020111011
01020111100
01021001011
01021001100
01021110011
01021110100
01100010011
01100010100
01100011011
01100011100
01100100100
01100101011
01100101100
01101010011
01101010100
01101011011
01101011100
01101100001
01101100010
01101100111
01101101100
01110000001
01110000110
01110111000
01110111111
01111001000
01111001111
01111110001
01111110110
01120001010
01120001101
01120110001
01120110110
01121000001
01121000110
01121111010
01121111101
01200000001
01200000110
01200111010
01200111101
01201001010
01201001101
01201110001
01201110110
01210001011
01210001100
01210110011
01210110100
01211000011
01211000100
01211111011
01211111100
01220010000
01220010111
01220011001
01220011110
01220100000
01220100111
01220101001
01220101110
01221010000
01221010111
01221011001
01221011110
01221100000
01221100111
01221101001
01221101110
02000000010
02000000101
02000111000
02000111111
02001001000
02001001111
02001110010
02001110101
02010001011
02010001100
02010110011
02010110100
02011000011
02011000100
02011111011
02011111100
02020010001
02020010110
02020011010
02020011101
02020100001
02020100110
02020101010
02020101101
02021010001
02021010110
02021011010
02021011101
02021100001
02021100110
02021101010
02021101101
02100001001
02100001110
02100110010
02100110101
02101000010
02101000101
02101111001
02101111110
02110010000
02110010111
02110011010
02110011101
02110100000
02110100111
02110101010
02110101101
02111010000
02111010111
02111011010
02111011101
02111100000
02111100111
02111101010
02111101101
02120000011
02120000100
02120111011
02120111100
02121001011
02121001100
02121110011
02121110100
02200010011
02200011000
02200011101
02200011110
02200100011
02200100100
02200101011
02200101100
02201010011
02201010100
02201011011
02201100011
02201100100
02201101011
02201101100
02210000010
02210000101
02210111001
02210111110
02211001001
02211001110
02211110010
02211110101
02220001000
02220001111
02220110010
02220110101
02221000010
02221000101
02221111000
02221111111
10000001000
10000001111
10000110010
10000110101
10001000010
10001000101
10001111000
10001111111
10010010011
10010011000
10010011101
10010011110
10010100011
10010100100
10010101011
10010101100
10011010011
10011010100
10011011011
10011100011
10011100100
10011101011
10011101100
10020000010
10020000101
10020111001
10020111110
10021001001
10021001110
10021110010
10021110101
10100010001
10100010110
10100011010
10100011101
10100100001
10100100110
10100101010
10100101101
10101010001
10101010110
10101011010
10101011101
10101100001
10101100110
10101101010
10101101101
10110000010
10110000101
10110111000
10110111111
10111001000
10111001111
10111110010
10111110101
10120001011
10120001100
10120110011
10120110100
10121000011
10121000100
10121111011
10121111100
10200000011
10200000100
10200111011
10200111100
10201001011
10201001100
10201110011
10201110100
10210001001
10210001110
10210110010
10210110101
10211000010
10211000101
10211111001
10211111110
10220010000
10220010111
10220011010
10220011101
10220100000
10220100111
10220101010
10220101101
10221010000
10221010111
10221011010
10221011101
10221100000
10221100111
10221101010
10221101101
11000000011
11000000100
11000111011
11000111100
11001001011
11001001100
11001110011
11001110100
11010001010
11010001101
11010110000
11010110111
11011000000
11011000111
11011111010
11011111101
11020010001
11020010110
11020011000
11020011111
11020100001
11020100110
11020101000
11020101111
11021010001
11021010110
11021011000
11021011111
11021100001
11021100110
11021101000
11021101111
11100001001
11100001110
11100110000
11100110111
11101000000
11101000111
11101111001
11101111110
11110010100
11110011011
11110011100
11110100011
11110101000
11110101101
11110101110
11111010001
11111010010
11111010111
11111011100
11111100011
11111100100
11111101011
11120000000
11120000111
11120111010
11120111101
11121001010
11121001101
11121110000
11121110111
11200010010
11200010101
11200011000
11200011111
11200100010
11200100101
11200101000
11200101111
11201010010
11201010101
11201011000
11201011111
11201100010
11201100101
11201101000
11201101111
11210000000
11210000111
11210111001
11210111110
11211001001
11211001110
11211110000
11211110111
11220001011
11220001100
11220110011
11220110100
11221000011
11221000100
11221111011
11221111100
12000010000
12000010111
12000011001
12000011110
12000100000
12000100111
12000101001
12000101110
12001010000
12001010111
12001011001
12001011110
12001100000
12001100111
12001101001
12001101110
12010000001
12010000110
12010111010
12010111101
12011001010
12011001101
12011110001
12011110110
12020001011
12020001100
12020110011
12020110100
12021000011
12021000100
12021111011
12021111100
12100000011
12100000100
12100111011
12100111100
12101001011
12101001100
12101110011
12101110100
12110001000
12110001111
12110110001
12110110110
12111000001
12111000110
12111111000
12111111111
12120010010
12120010101
12120011001
12120011110
12120100010
12120100101
12120101001
12120101110
12121010010
12121010101
12121011001
12121011110
12121100010
12121100101
12121101001
12121101110
12200001010
12200001101
12200110001
12200110110
12201000001
12201000110
12201111010
12201111101
12210010011
12210010100
12210011011
12210011100
12210100100
12210101011
12210101100
12211010011
12211010100
12211011011
12211011100
12211100001
12211100010
12211100111
12211101100
12220000001
12220000110
12220111000
12220111111
12221001000
12221001111
12221110001
12221110110
20000000001
20000000110
20000111000
20000111111
20001001000
20001001111
20001110001
20001110110
20010001010
20010001101
20010110001
20010110110
20011000001
20011000110
20011111010
20011111101
20020010011
20020010100
20020011011
20020011100
20020100100
20020101011
20020101100
20021010011
20021010100
20021011011
20021011100
20021100001
20021100010
20021100111
20021101100
20100001011
20100001100
20100110011
20100110100
20101000011
20101000100
20101111011
20101111100
20110010000
20110010111
20110011001
20110011110
20110100000
20110100111
20110101001
20110101110
20111010000
20111010111
20111011001
20111011110
20111100000
20111100111
20111101001
20111101110
20120000001
20120000110
20120111010
20120111101
20121001010
20121001101
20121110001
20121110110
20200010010
20200010101
20200011001
20200011110
20200100010
20200100101
20200101001
20200101110
20201010010
20201010101
20201011001
20201011110
20201100010
20201100101
20201101001
20201101110
20210000011
20210000100
20210111011
20210111100
20211001011
20211001100
20211110011
20211110100
20220001000
20220001111
20220110001
20220110110
20221000001
20221000110
20221111000
20221111111
21000010000
21000010111
21000011010
21000011101
21000100000
21000100111
21000101010
21000101101
21001010000
21001010111
21001011010
21001011101
21001100000
21001100111
21001101010
21001101101
21010000011
21010000100
21010111011
21010111100
21011001011
21011001100
21011110011
21011110100
21020001001
21020001110
21020110010
21020110101
21021000010
21021000101
21021111001
21021111110
21100000010
21100000101
21100111001
21100111110
21101001001
21101001110
21101110010
21101110101
21110001000
21110001111
21110110010
21110110101
21111000010
21111000101
21111111000
21111111111
21120010011
21120011000
21120011101
21120011110
21120100011
21120100100
21120101011
21120101100
21121010011
21121010100
21121011011
21121100011
21121100100
21121101011
21121101100
21200001011
21200001100
21200110011
21200110100
21201000011
21201000100
21201111011
21201111100
21210010001
21210010110
21210011010
21210011101
21210100001
21210100110
21210101010
21210101101
21211010001
21211010110
21211011010
21211011101
21211100001
21211100110
21211101010
21211101101
21220000010
21220000101
21220111000
21220111111
21221001000
21221001111
21221110010
21221110101
22000001011
22000001100
22000110011
22000110100
22001000011
22001000100
22001111011
22001111100
22010010010
22010010101
22010011000
22010011111
22010100010
22010100101
22010101000
22010101111
22011010010
22011010101
22011011000
22011011111
22011100010
22011100101
22011101000
22011101111
22020000000
22020000111
22020111001
22020111110
22021001001
22021001110
22021110000
22021110111
22100010001
22100010110
22100011000
22100011111
22100100001
22100100110
22100101000
22100101111
22101010001
22101010110
22101011000
22101011111
22101100001
22101100110
22101101000
22101101111
22110000011
22110000100
22110111011
22110111100
22111001011
22111001100
22111110011
22111110100
22120001010
22120001101
22120110000
22120110111
22121000000
22121000111
22121111010
22121111101
22200000000
22200000111
22200111010
22200111101
22201001010
22201001101
22201110000
22201110111
22210001001
22210001110
22210110000
22210110111
22211000000
22211000111
22211111001
22211111110
22220010100
22220011011
22220011100
22220100011
22220101000
22220101101
22220101110
22221010001
22221010010
22221010111
22221011100
22221100011
22221100100
22221101011