0000010001
0000010100
0000011010
0000011111
0000100000
0000100101
0000101011
0000101110
0001000010
0001001001
0001110110
0001111101
0002000111
0002001100
0002110011
0002111000
0010000011
0010001000
0010110111
0010111100
0011000101
0011001110
0011010000
0011011011
0011100100
0011101111
0011110001
0011111010
0012010110
0012011101
0012100010
0012101001
0020000110
0020001101
0020110010
0020111001
0021010111
0021011100
0021100011
0021101000
0022000001
0022001010
0022010000
0022011011
0022100100
0022101111
0022110101
0022111110
0100000111
0100001100
0100110011
0100111000
0101010100
0101011111
0101100000
0101101011
0102000001
0102001010
0102010010
0102011001
0102100110
0102101101
0102110101
0102111110
0110010010
0110010101
0110011001
0110011110
0110100001
0110100110
0110101010
0110101101
0111000011
0111001000
0111110111
0111111100
0112000100
0112001111
0112110000
0112111011
0120000000
0120001011
0120110100
0120111111
0121000110
0121001101
0121010001
0121011010
0121100101
0121101110
0121110010
0121111001
0122010111
0122011100
0122100011
0122101000
0200000010
0200001001
0200110110
0200111101
0201000101
0201001110
0201010011
0201011000
0201100111
0201101100
0201110001
0201111010
0202010100
0202011111
0202100000
0202101011
0210000100
0210001111
0210110000
0210111011
0211010110
0211011101
0211100010
0211101001
0212000011
0212001000
0212010001
0212011010
0212100101
0212101110
0212110111
0212111100
0220010011
0220010101
0220011000
0220011110
0220100001
0220100111
0220101010
0220101100
0221000000
0221001011
0221110100
0221111111
0222000110
0222001101
0222110010
0222111001
1000000011
1000001000
1000110111
1000111100
1001000100
1001001111
1001110000
1001111011
1002010010
1002010101
1002011001
1002011110
1002100001
1002100110
1002101010
1002101101
1010000110
1010001101
1010010001
1010011010
1010100101
1010101110
1010110010
1010111001
1011010111
1011011100
1011100011
1011101000
1012000000
1012001011
1012110100
1012111111
1020010100
1020011111
1020100000
1020101011
1021000001
1021001010
1021010010
1021011001
1021100110
1021101101
1021110101
1021111110
1022000111
1022001100
1022110011
1022111000
1100010110
1100011101
1100100010
1100101001
1101000011
1101001000
1101010001
1101011010
1101100101
1101101110
1101110111
1101111100
1102000100
1102001111
1102110000
1102111011
1110000000
1110001011
1110110100
1110111111
1111000110
1111001101
1111110010
1111111001
1112010011
1112010101
1112011000
1112011110
1112100001
1112100111
1112101010
1112101100
1120000101
1120001110
1120010011
1120011000
1120100111
1120101100
1120110001
1120111010
1121010100
1121011111
1121100000
1121101011
1122000010
1122001001
1122110110
1122111101
1200000101
1200001110
1200010000
1200011011
1200100100
1200101111
1200110001
1200111010
1201010110
1201011101
1201100010
1201101001
1202000011
1202001000
1202110111
1202111100
1210010111
1210011100
1210100011
1210101000
1211000001
1211001010
1211010000
1211011011
1211100100
1211101111
1211110101
1211111110
1212000110
1212001101
1212110010
1212111001
1220000010
1220001001
1220110110
1220111101
1221000111
1221001100
1221110011
1221111000
1222010001
1222010100
1222011010
1222011111
1222100000
1222100101
1222101011
1222101110
2000000110
2000001101
2000110010
2000111001
2001010011
2001010101
2001011000
2001011110
2001100001
2001100111
2001101010
2001101100
2002000000
2002001011
2002110100
2002111111
2010010100
2010011111
2010100000
2010101011
2011000010
2011001001
2011110110
2011111101
2012000101
2012001110
2012010011
2012011000
2012100111
2012101100
2012110001
2012111010
2020000011
2020001000
2020010001
2020011010
2020100101
2020101110
2020110111
2020111100
2021000100
2021001111
2021110000
2021111011
2022010110
2022011101
2022100010
2022101001
2100000001
2100001010
2100010000
2100011011
2100100100
2100101111
2100110101
2100111110
2101000110
2101001101
2101110010
2101111001
2102010111
2102011100
2102100011
2102101000
2110000111
2110001100
2110110011
2110111000
2111010001
2111010100
2111011010
2111011111
2111100000
2111100101
2111101011
2111101110
2112000010
2112001001
2112110110
2112111101
2120010110
2120011101
2120100010
2120101001
2121000011
2121001000
2121110111
2121111100
2122000101
2122001110
2122010000
2122011011
2122100100
2122101111
2122110001
2122111010
2200010111
2200011100
2200100011
2200101000
2201000000
2201001011
2201110100
2201111111
2202000110
2202001101
2202010001
2202011010
2202100101
2202101110
2202110010
2202111001
2210000001
2210001010
2210010010
2210011001
2210100110
2210101101
2210110101
2210111110
2211000111
2211001100
2211110011
2211111000
2212010100
2212011111
2212100000
2212101011
2220000100
2220001111
2220110000
2220111011
2221010010
2221010101
2221011001
2221011110
2221100001
2221100110
2221101010
2221101101
2222000011
2222001000
2222110111
2222111100