00000010
00000101
00021000
00021111
00101001
00110111
00111010
00120100
00201110
00210000
00211101
00220011
01001011
01010000
01010100
01010101
01011110
01020001
01110001
01120010
01120110
01121001
01121101
01200011
01200111
01201000
01201100
01211011
02001100
02010011
02011001
02020110
02100000
02100001
02101110
02101111
02111100
02210110
02220100
02220101
02221010
02221011
10010001
10010011
10010100
10010110
10011001
10011011
10011100
10011110
10100010
10100110
10100111
10101100
10120001
10121011
10200001
10201011
10220110
10221000
10221100
10221101
11000000
11001101
11020111
11021010
11100011
11111000
11111111
11120100
11201110
11210010
11210101
11221001
12000111
12001010
12020000
12021101
12101001
12110010
12110101
12121110
12200100
12211000
12211111
12220011
20001000
20001111
20020010
20020101
20100011
20110000
20111101
20121110
20200100
20210111
20211010
20221001
21000110
21010011
21011001
21021100
21100100
21100101
21101010
21101011
21110110
21211100
21220000
21220001
21221110
21221111
22000001
22010100
22011010
22011110
22011111
22021011
22111011
22120011
22120111
22121000
22121100
22200010
22200110
22201001
22201101
22210001
