000100101
000111100
000200000
000200011
000201111
000210110
000211001
000211010
001000010
001001101
001001110
001010100
001010111
001011011
001100001
001101000
001110001
001111000
002001000
002010001
002100110
002101011
002110010
002111111
002200101
002201100
002210101
002211100
010000011
010001010
010010011
010011010
010100000
010101111
010110110
010111001
010200101
010201100
010210101
010211100
011000001
011011000
011100101
011101010
011110011
011111100
011200111
011211110
012000100
012001111
012010110
012011101
012200010
012201001
012210000
012211011
020000110
020001001
020001100
020010000
020010101
020011111
020101010
020110011
021100111
021111110
021200100
021201000
021201011
021210001
021210010
021211101
022000011
022011010
022100000
022101101
022110100
022111001
022201110
022210111
100000001
100000100
100001011
100010010
100011000
100011101
100101110
100110111
101100011
101111010
101200101
101200110
101201001
101210000
101211100
101211111
102000111
102011110
102100000
102101101
102110100
102111001
102201010
102210011
110001110
110010111
110100101
110101010
110110011
110111100
110201000
110210001
111001100
111010101
111100110
111101001
111110000
111111111
111200011
111200111
111211010
111211110
112000010
112001001
112010000
112011011
112200100
112201111
112210110
112211101
120100001
120101000
120110001
120111000
120200010
120200111
120201101
120210100
120211011
120211110
121000000
121001010
121001111
121010011
121010110
121011001
121101100
121110101
122000101
122001100
122010101
122011100
122100110
122101011
122110010
122111111
122200001
122211000
200000111
200011110
200100010
200101001
200110000
200111011
200201100
200210101
201001000
201010001
201100100
201101111
201110110
201111101
201200011
201201010
201210011
201211010
202000101
202001010
202010011
202011100
202200000
202201111
202210110
202211001
210000000
210001101
210010100
210011001
210200110
210201011
210210010
210211111
211000110
211001011
211010010
211011111
211200000
211201101
211210100
211211001
212100001
212100011
212100111
212101000
212101100
212101110
212110001
212110101
212110111
212111000
212111010
212111110
220000011
220001100
220010101
220011010
220100100
220101111
220110110
220111101
220200001
220211000
221000101
221011100
221100010
221101001
221110000
221111011
221201110
221210111
222000110
222001001
222010000
222011111
222200101
222201010
222210011
222211100
