0000000011001
0000000011011
0000000100000
0000000100010
0000001010100
0000001010110
0000001101101
0000001101111
0000010000101
0000010000111
0000010111100
0000010111110
0000011001000
0000011001010
0000011110001
0000011110011
0000100001100
0000100001110
0000100110101
0000100110111
0000101000001
0000101000011
0000101111000
0000101111010
0000110010000
0000110010010
0000110101001
0000110101011
0000111011101
0000111011111
0000111100100
0000111100110
0001000000001
0001000000011
0001000110100
0001000110110
0001001001100
0001001001110
0001001111001
0001001111011
0001010011101
0001010011111
0001010101000
0001010101010
0001011010000
0001011010010
0001011100101
0001011100111
0001100011000
0001100011010
0001100101101
0001100101111
0001101010101
0001101010111
0001101100000
0001101100010
0001110000100
0001110000110
0001110110001
0001110110011
0001111001001
0001111001011
0001111111100
0001111111110
0002000000100
0002000000110
0002000110001
0002000110011
0002001001001
0002001001011
0002001111100
0002001111110
0002010011000
0002010011010
0002010101101
0002010101111
0002011010101
0002011010111
0002011100000
0002011100010
0002100011101
0002100011111
0002100101000
0002100101010
0002101010000
0002101010010
0002101100101
0002101100111
0002110000001
0002110000011
0002110110100
0002110110110
0002111001100
0002111001110
0002111111001
0002111111011
0010000011001
0010000011011
0010000100000
0010000100010
0010001010100
0010001010110
0010001101101
0010001101111
0010010000101
0010010000111
0010010111100
0010010111110
0010011001000
0010011001010
0010011110001
0010011110011
0010100001100
0010100001110
0010100110101
0010100110111
0010101000001
0010101000011
0010101111000
0010101111010
0010110010000
0010110010010
0010110101001
0010110101011
0010111011101
0010111011111
0010111100100
0010111100110
0011000011100
0011000011110
0011000100101
0011000100111
0011001010001
0011001010011
0011001101000
0011001101010
0011010000000
0011010000010
0011010111001
0011010111011
0011011001101
0011011001111
0011011110100
0011011110110
0011100001001
0011100001011
0011100110000
0011100110010
0011101000100
0011101000110
0011101111101
0011101111111
0011110010101
0011110010111
0011110101100
0011110101110
0011111011000
0011111011010
0011111100001
0011111100011
0012000010101
0012000010111
0012000101100
0012000101110
0012001011000
0012001011010
0012001100001
0012001100011
0012010001001
0012010001011
0012010110000
0012010110010
0012011000100
0012011000110
0012011111101
0012011111111
0012100000000
0012100000010
0012100111001
0012100111011
0012101001101
0012101001111
0012101110100
0012101110110
0012110011100
0012110011110
0012110100101
0012110100111
0012111010001
0012111010011
0012111101000
0012111101010
0020000001000
0020000001010
0020000111101
0020000111111
0020001000101
0020001000111
0020001110000
0020001110010
0020010010001
0020010010011
0020010100100
0020010100110
0020011011100
0020011011110
0020011101001
0020011101011
0020100010100
0020100010110
0020100100001
0020100100011
0020101011001
0020101011011
0020101101100
0020101101110
0020110001101
0020110001111
0020110111000
0020110111010
0020111000000
0020111000010
0020111110101
0020111110111
0021000010000
0021000010010
0021000101001
0021000101011
0021001011101
0021001011111
0021001100100
0021001100110
0021010001100
0021010001110
0021010110101
0021010110111
0021011000001
0021011000011
0021011111000
0021011111010
0021100000101
0021100000111
0021100111100
0021100111110
0021101001000
0021101001010
0021101110001
0021101110011
0021110011001
0021110011011
0021110100000
0021110100010
0021111010100
0021111010110
0021111101101
0021111101111
0022000001101
0022000001111
0022000111000
0022000111010
0022001000000
0022001000010
0022001110101
0022001110111
0022010010100
0022010010110
0022010100001
0022010100011
0022011011001
0022011011011
0022011101100
0022011101110
0022100010001
0022100010011
0022100100100
0022100100110
0022101011100
0022101011110
0022101101001
0022101101011
0022110001000
0022110001010
0022110111101
0022110111111
0022111000101
0022111000111
0022111110000
0022111110010
0100000011100
0100000011110
0100000100101
0100000100111
0100001010001
0100001010011
0100001101000
0100001101010
0100010000000
0100010000010
0100010111001
0100010111011
0100011001101
0100011001111
0100011110100
0100011110110
0100100001001
0100100001011
0100100110000
0100100110010
0100101000100
0100101000110
0100101111101
0100101111111
0100110010101
0100110010111
0100110101100
0100110101110
0100111011000
0100111011010
0100111100001
0100111100011
0101000010101
0101000010111
0101000101100
0101000101110
0101001011000
0101001011010
0101001100001
0101001100011
0101010001001
0101010001011
0101010110000
0101010110010
0101011000100
0101011000110
0101011111101
0101011111111
0101100000000
0101100000010
0101100111001
0101100111011
0101101001101
0101101001111
0101101110100
0101101110110
0101110011100
0101110011110
0101110100101
0101110100111
0101111010001
0101111010011
0101111101000
0101111101010
0102000011001
0102000011011
0102000100000
0102000100010
0102001010100
0102001010110
0102001101101
0102001101111
0102010000101
0102010000111
0102010111100
0102010111110
0102011001000
0102011001010
0102011110001
0102011110011
0102100001100
0102100001110
0102100110101
0102100110111
0102101000001
0102101000011
0102101111000
0102101111010
0102110010000
0102110010010
0102110101001
0102110101011
0102111011101
0102111011111
0102111100100
0102111100110
0110000010000
0110000010010
0110000101001
0110000101011
0110001011101
0110001011111
0110001100100
0110001100110
0110010001100
0110010001110
0110010110101
0110010110111
0110011000001
0110011000011
0110011111000
0110011111010
0110100000101
0110100000111
0110100111100
0110100111110
0110101001000
0110101001010
0110101110001
0110101110011
0110110011001
0110110011011
0110110100000
0110110100010
0110111010100
0110111010110
0110111101101
0110111101111
0111000001101
0111000001111
0111000111000
0111000111010
0111001000000
0111001000010
0111001110101
0111001110111
0111010010100
0111010010110
0111010100001
0111010100011
0111011011001
0111011011011
0111011101100
0111011101110
0111100010001
0111100010011
0111100100100
0111100100110
0111101011100
0111101011110
0111101101001
0111101101011
0111110001000
0111110001010
0111110111101
0111110111111
0111111000101
0111111000111
0111111110000
0111111110010
0112000001000
0112000001010
0112000111101
0112000111111
0112001000101
0112001000111
0112001110000
0112001110010
0112010010001
0112010010011
0112010100100
0112010100110
0112011011100
0112011011110
0112011101001
0112011101011
0112100010100
0112100010110
0112100100001
0112100100011
0112101011001
0112101011011
0112101101100
0112101101110
0112110001101
0112110001111
0112110111000
0112110111010
0112111000000
0112111000010
0112111110101
0112111110111
0120000000001
0120000000011
0120000110100
0120000110110
0120001001100
0120001001110
0120001111001
0120001111011
0120010011101
0120010011111
0120010101000
0120010101010
0120011010000
0120011010010
0120011100101
0120011100111
0120100011000
0120100011010
0120100101101
0120100101111
0120101010101
0120101010111
0120101100000
0120101100010
0120110000100
0120110000110
0120110110001
0120110110011
0120111001001
0120111001011
0120111111100
0120111111110
0121000000100
0121000000110
0121000110001
0121000110011
0121001001001
0121001001011
0121001111100
0121001111110
0121010011000
0121010011010
0121010101101
0121010101111
0121011010101
0121011010111
0121011100000
0121011100010
0121100011101
0121100011111
0121100101000
0121100101010
0121101010000
0121101010010
0121101100101
0121101100111
0121110000001
0121110000011
0121110110100
0121110110110
0121111001100
0121111001110
0121111111001
0121111111011
0122000011001
0122000011011
0122000100000
0122000100010
0122001010100
0122001010110
0122001101101
0122001101111
0122010000101
0122010000111
0122010111100
0122010111110
0122011001000
0122011001010
0122011110001
0122011110011
0122100001100
0122100001110
0122100110101
0122100110111
0122101000001
0122101000011
0122101111000
0122101111010
0122110010000
0122110010010
0122110101001
0122110101011
0122111011101
0122111011111
0122111100100
0122111100110
0200000001101
0200000001111
0200000111000
0200000111010
0200001000000
0200001000010
0200001110101
0200001110111
0200010010100
0200010010110
0200010100001
0200010100011
0200011011001
0200011011011
0200011101100
0200011101110
0200100010001
0200100010011
0200100100100
0200100100110
0200101011100
0200101011110
0200101101001
0200101101011
0200110001000
0200110001010
0200110111101
0200110111111
0200111000101
0200111000111
0200111110000
0200111110010
0201000001000
0201000001010
0201000111101
0201000111111
0201001000101
0201001000111
0201001110000
0201001110010
0201010010001
0201010010011
0201010100100
0201010100110
0201011011100
0201011011110
0201011101001
0201011101011
0201100010100
0201100010110
0201100100001
0201100100011
0201101011001
0201101011011
0201101101100
0201101101110
0201110001101
0201110001111
0201110111000
0201110111010
0201111000000
0201111000010
0201111110101
0201111110111
0202000010000
0202000010010
0202000101001
0202000101011
0202001011101
0202001011111
0202001100100
0202001100110
0202010001100
0202010001110
0202010110101
0202010110111
0202011000001
0202011000011
0202011111000
0202011111010
0202100000101
0202100000111
0202100111100
0202100111110
0202101001000
0202101001010
0202101110001
0202101110011
0202110011001
0202110011011
0202110100000
0202110100010
0202111010100
0202111010110
0202111101101
0202111101111
0210000000100
0210000000110
0210000110001
0210000110011
0210001001001
0210001001011
0210001111100
0210001111110
0210010011000
0210010011010
0210010101101
0210010101111
0210011010101
0210011010111
0210011100000
0210011100010
0210100011101
0210100011111
0210100101000
0210100101010
0210101010000
0210101010010
0210101100101
0210101100111
0210110000001
0210110000011
0210110110100
0210110110110
0210111001100
0210111001110
0210111111001
0210111111011
0211000011001
0211000011011
0211000100000
0211000100010
0211001010100
0211001010110
0211001101101
0211001101111
0211010000101
0211010000111
0211010111100
0211010111110
0211011001000
0211011001010
0211011110001
0211011110011
0211100001100
0211100001110
0211100110101
0211100110111
0211101000001
0211101000011
0211101111000
0211101111010
0211110010000
0211110010010
0211110101001
0211110101011
0211111011101
0211111011111
0211111100100
0211111100110
0212000000001
0212000000011
0212000110100
0212000110110
0212001001100
0212001001110
0212001111001
0212001111011
0212010011101
0212010011111
0212010101000
0212010101010
0212011010000
0212011010010
0212011100101
0212011100111
0212100011000
0212100011010
0212100101101
0212100101111
0212101010101
0212101010111
0212101100000
0212101100010
0212110000100
0212110000110
0212110110001
0212110110011
0212111001001
0212111001011
0212111111100
0212111111110
0220000010101
0220000010111
0220000101100
0220000101110
0220001011000
0220001011010
0220001100001
0220001100011
0220010001001
0220010001011
0220010110000
0220010110010
0220011000100
0220011000110
0220011111101
0220011111111
0220100000000
0220100000010
0220100111001
0220100111011
0220101001101
0220101001111
0220101110100
0220101110110
0220110011100
0220110011110
0220110100101
0220110100111
0220111010001
0220111010011
0220111101000
0220111101010
0221000011001
0221000011011
0221000100000
0221000100010
0221001010100
0221001010110
0221001101101
0221001101111
0221010000101
0221010000111
0221010111100
0221010111110
0221011001000
0221011001010
0221011110001
0221011110011
0221100001100
0221100001110
0221100110101
0221100110111
0221101000001
0221101000011
0221101111000
0221101111010
0221110010000
0221110010010
0221110101001
0221110101011
0221111011101
0221111011111
0221111100100
0221111100110
0222000011100
0222000011110
0222000100101
0222000100111
0222001010001
0222001010011
0222001101000
0222001101010
0222010000000
0222010000010
0222010111001
0222010111011
0222011001101
0222011001111
0222011110100
0222011110110
0222100001001
0222100001011
0222100110000
0222100110010
0222101000100
0222101000110
0222101111101
0222101111111
0222110010101
0222110010111
0222110101100
0222110101110
0222111011000
0222111011010
0222111100001
0222111100011
1000000010101
1000000010111
1000000101100
1000000101110
1000001011000
1000001011010
1000001100001
1000001100011
1000010001001
1000010001011
1000010110000
1000010110010
1000011000100
1000011000110
1000011111101
1000011111111
1000100000000
1000100000010
1000100111001
1000100111011
1000101001101
1000101001111
1000101110100
1000101110110
1000110011100
1000110011110
1000110100101
1000110100111
1000111010001
1000111010011
1000111101000
1000111101010
1001000011001
1001000011011
1001000100000
1001000100010
1001001010100
1001001010110
1001001101101
1001001101111
1001010000101
1001010000111
1001010111100
1001010111110
1001011001000
1001011001010
1001011110001
1001011110011
1001100001100
1001100001110
1001100110101
1001100110111
1001101000001
1001101000011
1001101111000
1001101111010
1001110010000
1001110010010
1001110101001
1001110101011
1001111011101
1001111011111
1001111100100
1001111100110
1002000011100
1002000011110
1002000100101
1002000100111
1002001010001
1002001010011
1002001101000
1002001101010
1002010000000
1002010000010
1002010111001
1002010111011
1002011001101
1002011001111
1002011110100
1002011110110
1002100001001
1002100001011
1002100110000
1002100110010
1002101000100
1002101000110
1002101111101
1002101111111
1002110010101
1002110010111
1002110101100
1002110101110
1002111011000
1002111011010
1002111100001
1002111100011
1010000001101
1010000001111
1010000111000
1010000111010
1010001000000
1010001000010
1010001110101
1010001110111
1010010010100
1010010010110
1010010100001
1010010100011
1010011011001
1010011011011
1010011101100
1010011101110
1010100010001
1010100010011
1010100100100
1010100100110
1010101011100
1010101011110
1010101101001
1010101101011
1010110001000
1010110001010
1010110111101
1010110111111
1010111000101
1010111000111
1010111110000
1010111110010
1011000001000
1011000001010
1011000111101
1011000111111
1011001000101
1011001000111
1011001110000
1011001110010
1011010010001
1011010010011
1011010100100
1011010100110
1011011011100
1011011011110
1011011101001
1011011101011
1011100010100
1011100010110
1011100100001
1011100100011
1011101011001
1011101011011
1011101101100
1011101101110
1011110001101
1011110001111
1011110111000
1011110111010
1011111000000
1011111000010
1011111110101
1011111110111
1012000010000
1012000010010
1012000101001
1012000101011
1012001011101
1012001011111
1012001100100
1012001100110
1012010001100
1012010001110
1012010110101
1012010110111
1012011000001
1012011000011
1012011111000
1012011111010
1012100000101
1012100000111
1012100111100
1012100111110
1012101001000
1012101001010
1012101110001
1012101110011
1012110011001
1012110011011
1012110100000
1012110100010
1012111010100
1012111010110
1012111101101
1012111101111
1020000000100
1020000000110
1020000110001
1020000110011
1020001001001
1020001001011
1020001111100
1020001111110
1020010011000
1020010011010
1020010101101
1020010101111
1020011010101
1020011010111
1020011100000
1020011100010
1020100011101
1020100011111
1020100101000
1020100101010
1020101010000
1020101010010
1020101100101
1020101100111
1020110000001
1020110000011
1020110110100
1020110110110
1020111001100
1020111001110
1020111111001
1020111111011
1021000011001
1021000011011
1021000100000
1021000100010
1021001010100
1021001010110
1021001101101
1021001101111
1021010000101
1021010000111
1021010111100
1021010111110
1021011001000
1021011001010
1021011110001
1021011110011
1021100001100
1021100001110
1021100110101
1021100110111
1021101000001
1021101000011
1021101111000
1021101111010
1021110010000
1021110010010
1021110101001
1021110101011
1021111011101
1021111011111
1021111100100
1021111100110
1022000000001
1022000000011
1022000110100
1022000110110
1022001001100
1022001001110
1022001111001
1022001111011
1022010011101
1022010011111
1022010101000
1022010101010
1022011010000
1022011010010
1022011100101
1022011100111
1022100011000
1022100011010
1022100101101
1022100101111
1022101010101
1022101010111
1022101100000
1022101100010
1022110000100
1022110000110
1022110110001
1022110110011
1022111001001
1022111001011
1022111111100
1022111111110
1100000001000
1100000001010
1100000111101
1100000111111
1100001000101
1100001000111
1100001110000
1100001110010
1100010010001
1100010010011
1100010100100
1100010100110
1100011011100
1100011011110
1100011101001
1100011101011
1100100010100
1100100010110
1100100100001
1100100100011
1100101011001
1100101011011
1100101101100
1100101101110
1100110001101
1100110001111
1100110111000
1100110111010
1100111000000
1100111000010
1100111110101
1100111110111
1101000010000
1101000010010
1101000101001
1101000101011
1101001011101
1101001011111
1101001100100
1101001100110
1101010001100
1101010001110
1101010110101
1101010110111
1101011000001
1101011000011
1101011111000
1101011111010
1101100000101
1101100000111
1101100111100
1101100111110
1101101001000
1101101001010
1101101110001
1101101110011
1101110011001
1101110011011
1101110100000
1101110100010
1101111010100
1101111010110
1101111101101
1101111101111
1102000001101
1102000001111
1102000111000
1102000111010
1102001000000
1102001000010
1102001110101
1102001110111
1102010010100
1102010010110
1102010100001
1102010100011
1102011011001
1102011011011
1102011101100
1102011101110
1102100010001
1102100010011
1102100100100
1102100100110
1102101011100
1102101011110
1102101101001
1102101101011
1102110001000
1102110001010
1102110111101
1102110111111
1102111000101
1102111000111
1102111110000
1102111110010
1110000011001
1110000011011
1110000100000
1110000100010
1110001010100
1110001010110
1110001101101
1110001101111
1110010000101
1110010000111
1110010111100
1110010111110
1110011001000
1110011001010
1110011110001
1110011110011
1110100001100
1110100001110
1110100110101
1110100110111
1110101000001
1110101000011
1110101111000
1110101111010
1110110010000
1110110010010
1110110101001
1110110101011
1110111011101
1110111011111
1110111100100
1110111100110
1111000000001
1111000000011
1111000110100
1111000110110
1111001001100
1111001001110
1111001111001
1111001111011
1111010011101
1111010011111
1111010101000
1111010101010
1111011010000
1111011010010
1111011100101
1111011100111
1111100011000
1111100011010
1111100101101
1111100101111
1111101010101
1111101010111
1111101100000
1111101100010
1111110000100
1111110000110
1111110110001
1111110110011
1111111001001
1111111001011
1111111111100
1111111111110
1112000000100
1112000000110
1112000110001
1112000110011
1112001001001
1112001001011
1112001111100
1112001111110
1112010011000
1112010011010
1112010101101
1112010101111
1112011010101
1112011010111
1112011100000
1112011100010
1112100011101
1112100011111
1112100101000
1112100101010
1112101010000
1112101010010
1112101100101
1112101100111
1112110000001
1112110000011
1112110110100
1112110110110
1112111001100
1112111001110
1112111111001
1112111111011
1120000011001
1120000011011
1120000100000
1120000100010
1120001010100
1120001010110
1120001101101
1120001101111
1120010000101
1120010000111
1120010111100
1120010111110
1120011001000
1120011001010
1120011110001
1120011110011
1120100001100
1120100001110
1120100110101
1120100110111
1120101000001
1120101000011
1120101111000
1120101111010
1120110010000
1120110010010
1120110101001
1120110101011
1120111011101
1120111011111
1120111100100
1120111100110
1121000011100
1121000011110
1121000100101
1121000100111
1121001010001
1121001010011
1121001101000
1121001101010
1121010000000
1121010000010
1121010111001
1121010111011
1121011001101
1121011001111
1121011110100
1121011110110
1121100001001
1121100001011
1121100110000
1121100110010
1121101000100
1121101000110
1121101111101
1121101111111
1121110010101
1121110010111
1121110101100
1121110101110
1121111011000
1121111011010
1121111100001
1121111100011
1122000010101
1122000010111
1122000101100
1122000101110
1122001011000
1122001011010
1122001100001
1122001100011
1122010001001
1122010001011
1122010110000
1122010110010
1122011000100
1122011000110
1122011111101
1122011111111
1122100000000
1122100000010
1122100111001
1122100111011
1122101001101
1122101001111
1122101110100
1122101110110
1122110011100
1122110011110
1122110100101
1122110100111
1122111010001
1122111010011
1122111101000
1122111101010
1200000000001
1200000000011
1200000110100
1200000110110
1200001001100
1200001001110
1200001111001
1200001111011
1200010011101
1200010011111
1200010101000
1200010101010
1200011010000
1200011010010
1200011100101
1200011100111
1200100011000
1200100011010
1200100101101
1200100101111
1200101010101
1200101010111
1200101100000
1200101100010
1200110000100
1200110000110
1200110110001
1200110110011
1200111001001
1200111001011
1200111111100
1200111111110
1201000000100
1201000000110
1201000110001
1201000110011
1201001001001
1201001001011
1201001111100
1201001111110
1201010011000
1201010011010
1201010101101
1201010101111
1201011010101
1201011010111
1201011100000
1201011100010
1201100011101
1201100011111
1201100101000
1201100101010
1201101010000
1201101010010
1201101100101
1201101100111
1201110000001
1201110000011
1201110110100
1201110110110
1201111001100
1201111001110
1201111111001
1201111111011
1202000011001
1202000011011
1202000100000
1202000100010
1202001010100
1202001010110
1202001101101
1202001101111
1202010000101
1202010000111
1202010111100
1202010111110
1202011001000
1202011001010
1202011110001
1202011110011
1202100001100
1202100001110
1202100110101
1202100110111
1202101000001
1202101000011
1202101111000
1202101111010
1202110010000
1202110010010
1202110101001
1202110101011
1202111011101
1202111011111
1202111100100
1202111100110
1210000011100
1210000011110
1210000100101
1210000100111
1210001010001
1210001010011
1210001101000
1210001101010
1210010000000
1210010000010
1210010111001
1210010111011
1210011001101
1210011001111
1210011110100
1210011110110
1210100001001
1210100001011
1210100110000
1210100110010
1210101000100
1210101000110
1210101111101
1210101111111
1210110010101
1210110010111
1210110101100
1210110101110
1210111011000
1210111011010
1210111100001
1210111100011
1211000010101
1211000010111
1211000101100
1211000101110
1211001011000
1211001011010
1211001100001
1211001100011
1211010001001
1211010001011
1211010110000
1211010110010
1211011000100
1211011000110
1211011111101
1211011111111
1211100000000
1211100000010
1211100111001
1211100111011
1211101001101
1211101001111
1211101110100
1211101110110
1211110011100
1211110011110
1211110100101
1211110100111
1211111010001
1211111010011
1211111101000
1211111101010
1212000011001
1212000011011
1212000100000
1212000100010
1212001010100
1212001010110
1212001101101
1212001101111
1212010000101
1212010000111
1212010111100
1212010111110
1212011001000
1212011001010
1212011110001
1212011110011
1212100001100
1212100001110
1212100110101
1212100110111
1212101000001
1212101000011
1212101111000
1212101111010
1212110010000
1212110010010
1212110101001
1212110101011
1212111011101
1212111011111
1212111100100
1212111100110
1220000010000
1220000010010
1220000101001
1220000101011
1220001011101
1220001011111
1220001100100
1220001100110
1220010001100
1220010001110
1220010110101
1220010110111
1220011000001
1220011000011
1220011111000
1220011111010
1220100000101
1220100000111
1220100111100
1220100111110
1220101001000
1220101001010
1220101110001
1220101110011
1220110011001
1220110011011
1220110100000
1220110100010
1220111010100
1220111010110
1220111101101
1220111101111
1221000001101
1221000001111
1221000111000
1221000111010
1221001000000
1221001000010
1221001110101
1221001110111
1221010010100
1221010010110
1221010100001
1221010100011
1221011011001
1221011011011
1221011101100
1221011101110
1221100010001
1221100010011
1221100100100
1221100100110
1221101011100
1221101011110
1221101101001
1221101101011
1221110001000
1221110001010
1221110111101
1221110111111
1221111000101
1221111000111
1221111110000
1221111110010
1222000001000
1222000001010
1222000111101
1222000111111
1222001000101
1222001000111
1222001110000
1222001110010
1222010010001
1222010010011
1222010100100
1222010100110
1222011011100
1222011011110
1222011101001
1222011101011
1222100010100
1222100010110
1222100100001
1222100100011
1222101011001
1222101011011
1222101101100
1222101101110
1222110001101
1222110001111
1222110111000
1222110111010
1222111000000
1222111000010
1222111110101
1222111110111
2000000010000
2000000010010
2000000101001
2000000101011
2000001011101
2000001011111
2000001100100
2000001100110
2000010001100
2000010001110
2000010110101
2000010110111
2000011000001
2000011000011
2000011111000
2000011111010
2000100000101
2000100000111
2000100111100
2000100111110
2000101001000
2000101001010
2000101110001
2000101110011
2000110011001
2000110011011
2000110100000
2000110100010
2000111010100
2000111010110
2000111101101
2000111101111
2001000001101
2001000001111
2001000111000
2001000111010
2001001000000
2001001000010
2001001110101
2001001110111
2001010010100
2001010010110
2001010100001
2001010100011
2001011011001
2001011011011
2001011101100
2001011101110
2001100010001
2001100010011
2001100100100
2001100100110
2001101011100
2001101011110
2001101101001
2001101101011
2001110001000
2001110001010
2001110111101
2001110111111
2001111000101
2001111000111
2001111110000
2001111110010
2002000001000
2002000001010
2002000111101
2002000111111
2002001000101
2002001000111
2002001110000
2002001110010
2002010010001
2002010010011
2002010100100
2002010100110
2002011011100
2002011011110
2002011101001
2002011101011
2002100010100
2002100010110
2002100100001
2002100100011
2002101011001
2002101011011
2002101101100
2002101101110
2002110001101
2002110001111
2002110111000
2002110111010
2002111000000
2002111000010
2002111110101
2002111110111
2010000000001
2010000000011
2010000110100
2010000110110
2010001001100
2010001001110
2010001111001
2010001111011
2010010011101
2010010011111
2010010101000
2010010101010
2010011010000
2010011010010
2010011100101
2010011100111
2010100011000
2010100011010
2010100101101
2010100101111
2010101010101
2010101010111
2010101100000
2010101100010
2010110000100
2010110000110
2010110110001
2010110110011
2010111001001
2010111001011
2010111111100
2010111111110
2011000000100
2011000000110
2011000110001
2011000110011
2011001001001
2011001001011
2011001111100
2011001111110
2011010011000
2011010011010
2011010101101
2011010101111
2011011010101
2011011010111
2011011100000
2011011100010
2011100011101
2011100011111
2011100101000
2011100101010
2011101010000
2011101010010
2011101100101
2011101100111
2011110000001
2011110000011
2011110110100
2011110110110
2011111001100
2011111001110
2011111111001
2011111111011
2012000011001
2012000011011
2012000100000
2012000100010
2012001010100
2012001010110
2012001101101
2012001101111
2012010000101
2012010000111
2012010111100
2012010111110
2012011001000
2012011001010
2012011110001
2012011110011
2012100001100
2012100001110
2012100110101
2012100110111
2012101000001
2012101000011
2012101111000
2012101111010
2012110010000
2012110010010
2012110101001
2012110101011
2012111011101
2012111011111
2012111100100
2012111100110
2020000011100
2020000011110
2020000100101
2020000100111
2020001010001
2020001010011
2020001101000
2020001101010
2020010000000
2020010000010
2020010111001
2020010111011
2020011001101
2020011001111
2020011110100
2020011110110
2020100001001
2020100001011
2020100110000
2020100110010
2020101000100
2020101000110
2020101111101
2020101111111
2020110010101
2020110010111
2020110101100
2020110101110
2020111011000
2020111011010
2020111100001
2020111100011
2021000010101
2021000010111
2021000101100
2021000101110
2021001011000
2021001011010
2021001100001
2021001100011
2021010001001
2021010001011
2021010110000
2021010110010
2021011000100
2021011000110
2021011111101
2021011111111
2021100000000
2021100000010
2021100111001
2021100111011
2021101001101
2021101001111
2021101110100
2021101110110
2021110011100
2021110011110
2021110100101
2021110100111
2021111010001
2021111010011
2021111101000
2021111101010
2022000011001
2022000011011
2022000100000
2022000100010
2022001010100
2022001010110
2022001101101
2022001101111
2022010000101
2022010000111
2022010111100
2022010111110
2022011001000
2022011001010
2022011110001
2022011110011
2022100001100
2022100001110
2022100110101
2022100110111
2022101000001
2022101000011
2022101111000
2022101111010
2022110010000
2022110010010
2022110101001
2022110101011
2022111011101
2022111011111
2022111100100
2022111100110
2100000000100
2100000000110
2100000110001
2100000110011
2100001001001
2100001001011
2100001111100
2100001111110
2100010011000
2100010011010
2100010101101
2100010101111
2100011010101
2100011010111
2100011100000
2100011100010
2100100011101
2100100011111
2100100101000
2100100101010
2100101010000
2100101010010
2100101100101
2100101100111
2100110000001
2100110000011
2100110110100
2100110110110
2100111001100
2100111001110
2100111111001
2100111111011
2101000011001
2101000011011
2101000100000
2101000100010
2101001010100
2101001010110
2101001101101
2101001101111
2101010000101
2101010000111
2101010111100
2101010111110
2101011001000
2101011001010
2101011110001
2101011110011
2101100001100
2101100001110
2101100110101
2101100110111
2101101000001
2101101000011
2101101111000
2101101111010
2101110010000
2101110010010
2101110101001
2101110101011
2101111011101
2101111011111
2101111100100
2101111100110
2102000000001
2102000000011
2102000110100
2102000110110
2102001001100
2102001001110
2102001111001
2102001111011
2102010011101
2102010011111
2102010101000
2102010101010
2102011010000
2102011010010
2102011100101
2102011100111
2102100011000
2102100011010
2102100101101
2102100101111
2102101010101
2102101010111
2102101100000
2102101100010
2102110000100
2102110000110
2102110110001
2102110110011
2102111001001
2102111001011
2102111111100
2102111111110
2110000010101
2110000010111
2110000101100
2110000101110
2110001011000
2110001011010
2110001100001
2110001100011
2110010001001
2110010001011
2110010110000
2110010110010
2110011000100
2110011000110
2110011111101
2110011111111
2110100000000
2110100000010
2110100111001
2110100111011
2110101001101
2110101001111
2110101110100
2110101110110
2110110011100
2110110011110
2110110100101
2110110100111
2110111010001
2110111010011
2110111101000
2110111101010
2111000011001
2111000011011
2111000100000
2111000100010
2111001010100
2111001010110
2111001101101
2111001101111
2111010000101
2111010000111
2111010111100
2111010111110
2111011001000
2111011001010
2111011110001
2111011110011
2111100001100
2111100001110
2111100110101
2111100110111
2111101000001
2111101000011
2111101111000
2111101111010
2111110010000
2111110010010
2111110101001
2111110101011
2111111011101
2111111011111
2111111100100
2111111100110
2112000011100
2112000011110
2112000100101
2112000100111
2112001010001
2112001010011
2112001101000
2112001101010
2112010000000
2112010000010
2112010111001
2112010111011
2112011001101
2112011001111
2112011110100
2112011110110
2112100001001
2112100001011
2112100110000
2112100110010
2112101000100
2112101000110
2112101111101
2112101111111
2112110010101
2112110010111
2112110101100
2112110101110
2112111011000
2112111011010
2112111100001
2112111100011
2120000001101
2120000001111
2120000111000
2120000111010
2120001000000
2120001000010
2120001110101
2120001110111
2120010010100
2120010010110
2120010100001
2120010100011
2120011011001
2120011011011
2120011101100
2120011101110
2120100010001
2120100010011
2120100100100
2120100100110
2120101011100
2120101011110
2120101101001
2120101101011
2120110001000
2120110001010
2120110111101
2120110111111
2120111000101
2120111000111
2120111110000
2120111110010
2121000001000
2121000001010
2121000111101
2121000111111
2121001000101
2121001000111
2121001110000
2121001110010
2121010010001
2121010010011
2121010100100
2121010100110
2121011011100
2121011011110
2121011101001
2121011101011
2121100010100
2121100010110
2121100100001
2121100100011
2121101011001
2121101011011
2121101101100
2121101101110
2121110001101
2121110001111
2121110111000
2121110111010
2121111000000
2121111000010
2121111110101
2121111110111
2122000010000
2122000010010
2122000101001
2122000101011
2122001011101
2122001011111
2122001100100
2122001100110
2122010001100
2122010001110
2122010110101
2122010110111
2122011000001
2122011000011
2122011111000
2122011111010
2122100000101
2122100000111
2122100111100
2122100111110
2122101001000
2122101001010
2122101110001
2122101110011
2122110011001
2122110011011
2122110100000
2122110100010
2122111010100
2122111010110
2122111101101
2122111101111
2200000011001
2200000011011
2200000100000
2200000100010
2200001010100
2200001010110
2200001101101
2200001101111
2200010000101
2200010000111
2200010111100
2200010111110
2200011001000
2200011001010
2200011110001
2200011110011
2200100001100
2200100001110
2200100110101
2200100110111
2200101000001
2200101000011
2200101111000
2200101111010
2200110010000
2200110010010
2200110101001
2200110101011
2200111011101
2200111011111
2200111100100
2200111100110
2201000011100
2201000011110
2201000100101
2201000100111
2201001010001
2201001010011
2201001101000
2201001101010
2201010000000
2201010000010
2201010111001
2201010111011
2201011001101
2201011001111
2201011110100
2201011110110
2201100001001
2201100001011
2201100110000
2201100110010
2201101000100
2201101000110
2201101111101
2201101111111
2201110010101
2201110010111
2201110101100
2201110101110
2201111011000
2201111011010
2201111100001
2201111100011
2202000010101
2202000010111
2202000101100
2202000101110
2202001011000
2202001011010
2202001100001
2202001100011
2202010001001
2202010001011
2202010110000
2202010110010
2202011000100
2202011000110
2202011111101
2202011111111
2202100000000
2202100000010
2202100111001
2202100111011
2202101001101
2202101001111
2202101110100
2202101110110
2202110011100
2202110011110
2202110100101
2202110100111
2202111010001
2202111010011
2202111101000
2202111101010
2210000001000
2210000001010
2210000111101
2210000111111
2210001000101
2210001000111
2210001110000
2210001110010
2210010010001
2210010010011
2210010100100
2210010100110
2210011011100
2210011011110
2210011101001
2210011101011
2210100010100
2210100010110
2210100100001
2210100100011
2210101011001
2210101011011
2210101101100
2210101101110
2210110001101
2210110001111
2210110111000
2210110111010
2210111000000
2210111000010
2210111110101
2210111110111
2211000010000
2211000010010
2211000101001
2211000101011
2211001011101
2211001011111
2211001100100
2211001100110
2211010001100
2211010001110
2211010110101
2211010110111
2211011000001
2211011000011
2211011111000
2211011111010
2211100000101
2211100000111
2211100111100
2211100111110
2211101001000
2211101001010
2211101110001
2211101110011
2211110011001
2211110011011
2211110100000
2211110100010
2211111010100
2211111010110
2211111101101
2211111101111
2212000001101
2212000001111
2212000111000
2212000111010
2212001000000
2212001000010
2212001110101
2212001110111
2212010010100
2212010010110
2212010100001
2212010100011
2212011011001
2212011011011
2212011101100
2212011101110
2212100010001
2212100010011
2212100100100
2212100100110
2212101011100
2212101011110
2212101101001
2212101101011
2212110001000
2212110001010
2212110111101
2212110111111
2212111000101
2212111000111
2212111110000
2212111110010
2220000011001
2220000011011
2220000100000
2220000100010
2220001010100
2220001010110
2220001101101
2220001101111
2220010000101
2220010000111
2220010111100
2220010111110
2220011001000
2220011001010
2220011110001
2220011110011
2220100001100
2220100001110
2220100110101
2220100110111
2220101000001
2220101000011
2220101111000
2220101111010
2220110010000
2220110010010
2220110101001
2220110101011
2220111011101
2220111011111
2220111100100
2220111100110
2221000000001
2221000000011
2221000110100
2221000110110
2221001001100
2221001001110
2221001111001
2221001111011
2221010011101
2221010011111
2221010101000
2221010101010
2221011010000
2221011010010
2221011100101
2221011100111
2221100011000
2221100011010
2221100101101
2221100101111
2221101010101
2221101010111
2221101100000
2221101100010
2221110000100
2221110000110
2221110110001
2221110110011
2221111001001
2221111001011
2221111111100
2221111111110
2222000000100
2222000000110
2222000110001
2222000110011
2222001001001
2222001001011
2222001111100
2222001111110
2222010011000
2222010011010
2222010101101
2222010101111
2222011010101
2222011010111
2222011100000
2222011100010
2222100011101
2222100011111
2222100101000
2222100101010
2222101010000
2222101010010
2222101100101
2222101100111
2222110000001
2222110000011
2222110110100
2222110110110
2222111001100
2222111001110
2222111111001
2222111111011