0000000000000
0000000011101
0000000100111
0000000111010
0000001001011
0000001010110
0000001101100
0000001110001
0000010001110
0000010010011
0000010101001
0000010110100
0000011000101
0000011011000
0000011100010
0000011111111
0000100000000
0000100011101
0000100100111
0000100111010
0000101001011
0000101010110
0000101101100
0000101110001
0000110001110
0000110010011
0000110101001
0000110110100
0000111000101
0000111011000
0000111100010
0000111111111
0000200000000
0000200011101
0000200100111
0000200111010
0000201001011
0000201010110
0000201101100
0000201110001
0000210001110
0000210010011
0000210101001
0000210110100
0000211000101
0000211011000
0000211100010
0000211111111
0001000000110
0001000010001
0001000101011
0001000111100
0001001001101
0001001011010
0001001100000
0001001110111
0001010001000
0001010011111
0001010100101
0001010110010
0001011000011
0001011010100
0001011101110
0001011111001
0001100000110
0001100010001
0001100101011
0001100111100
0001101001101
0001101011010
0001101100000
0001101110111
0001110001000
0001110011111
0001110100101
0001110110010
0001111000011
0001111010100
0001111101110
0001111111001
0001200000110
0001200010001
0001200101011
0001200111100
0001201001101
0001201011010
0001201100000
0001201110111
0001210001000
0001210011111
0001210100101
0001210110010
0001211000011
0001211010100
0001211101110
0001211111001
0002000000011
0002000010100
0002000101110
0002000111001
0002001001000
0002001011111
0002001100101
0002001110010
0002010001101
0002010011010
0002010100000
0002010110111
0002011000110
0002011010001
0002011101011
0002011111100
0002100000011
0002100010100
0002100101110
0002100111001
0002101001000
0002101011111
0002101100101
0002101110010
0002110001101
0002110011010
0002110100000
0002110110111
0002111000110
0002111010001
0002111101011
0002111111100
0002200000011
0002200010100
0002200101110
0002200111001
0002201001000
0002201011111
0002201100101
0002201110010
0002210001101
0002210011010
0002210100000
0002210110111
0002211000110
0002211010001
0002211101011
0002211111100
0010000000000
0010000011101
0010000100111
0010000111010
0010001001011
0010001010110
0010001101100
0010001110001
0010010001110
0010010010011
0010010101001
0010010110100
0010011000101
0010011011000
0010011100010
0010011111111
0010100000000
0010100011101
0010100100111
0010100111010
0010101001011
0010101010110
0010101101100
0010101110001
0010110001110
0010110010011
0010110101001
0010110110100
0010111000101
0010111011000
0010111100010
0010111111111
0010200000000
0010200011101
0010200100111
0010200111010
0010201001011
0010201010110
0010201101100
0010201110001
0010210001110
0010210010011
0010210101001
0010210110100
0010211000101
0010211011000
0010211100010
0010211111111
0011000001111
0011000010010
0011000101000
0011000110101
0011001000100
0011001011001
0011001100011
0011001111110
0011010000001
0011010011100
0011010100110
0011010111011
0011011001010
0011011010111
0011011101101
0011011110000
0011100001111
0011100010010
0011100101000
0011100110101
0011101000100
0011101011001
0011101100011
0011101111110
0011110000001
0011110011100
0011110100110
0011110111011
0011111001010
0011111010111
0011111101101
0011111110000
0011200001111
0011200010010
0011200101000
0011200110101
0011201000100
0011201011001
0011201100011
0011201111110
0011210000001
0011210011100
0011210100110
0011210111011
0011211001010
0011211010111
0011211101101
0011211110000
0012000001010
0012000010111
0012000101101
0012000110000
0012001000001
0012001011100
0012001100110
0012001111011
0012010000100
0012010011001
0012010100011
0012010111110
0012011001111
0012011010010
0012011101000
0012011110101
0012100001010
0012100010111
0012100101101
0012100110000
0012101000001
0012101011100
0012101100110
0012101111011
0012110000100
0012110011001
0012110100011
0012110111110
0012111001111
0012111010010
0012111101000
0012111110101
0012200001010
0012200010111
0012200101101
0012200110000
0012201000001
0012201011100
0012201100110
0012201111011
0012210000100
0012210011001
0012210100011
0012210111110
0012211001111
0012211010010
0012211101000
0012211110101
0020000001001
0020000011110
0020000100100
0020000110011
0020001000111
0020001010000
0020001101010
0020001111101
0020010000010
0020010010101
0020010101111
0020010111000
0020011001100
0020011011011
0020011100001
0020011110110
0020100001001
0020100011110
0020100100100
0020100110011
0020101000111
0020101010000
0020101101010
0020101111101
0020110000010
0020110010101
0020110101111
0020110111000
0020111001100
0020111011011
0020111100001
0020111110110
0020200001001
0020200011110
0020200100100
0020200110011
0020201000111
0020201010000
0020201101010
0020201111101
0020210000010
0020210010101
0020210101111
0020210111000
0020211001100
0020211011011
0020211100001
0020211110110
0021000000101
0021000011000
0021000100010
0021000111111
0021001001110
0021001010011
0021001101001
0021001110100
0021010001011
0021010010110
0021010101100
0021010110001
0021011000000
0021011011101
0021011100111
0021011111010
0021100000101
0021100011000
0021100100010
0021100111111
0021101001110
0021101010011
0021101101001
0021101110100
0021110001011
0021110010110
0021110101100
0021110110001
0021111000000
0021111011101
0021111100111
0021111111010
0021200000101
0021200011000
0021200100010
0021200111111
0021201001110
0021201010011
0021201101001
0021201110100
0021210001011
0021210010110
0021210101100
0021210110001
0021211000000
0021211011101
0021211100111
0021211111010
0022000001100
0022000011011
0022000100001
0022000110110
0022001000010
0022001010101
0022001101111
0022001111000
0022010000111
0022010010000
0022010101010
0022010111101
0022011001001
0022011011110
0022011100100
0022011110011
0022100001100
0022100011011
0022100100001
0022100110110
0022101000010
0022101010101
0022101101111
0022101111000
0022110000111
0022110010000
0022110101010
0022110111101
0022111001001
0022111011110
0022111100100
0022111110011
0022200001100
0022200011011
0022200100001
0022200110110
0022201000010
0022201010101
0022201101111
0022201111000
0022210000111
0022210010000
0022210101010
0022210111101
0022211001001
0022211011110
0022211100100
0022211110011
0100000001111
0100000010010
0100000101000
0100000110101
0100001000100
0100001011001
0100001100011
0100001111110
0100010000001
0100010011100
0100010100110
0100010111011
0100011001010
0100011010111
0100011101101
0100011110000
0100100001111
0100100010010
0100100101000
0100100110101
0100101000100
0100101011001
0100101100011
0100101111110
0100110000001
0100110011100
0100110100110
0100110111011
0100111001010
0100111010111
0100111101101
0100111110000
0100200001111
0100200010010
0100200101000
0100200110101
0100201000100
0100201011001
0100201100011
0100201111110
0100210000001
0100210011100
0100210100110
0100210111011
0100211001010
0100211010111
0100211101101
0100211110000
0101000001010
0101000010111
0101000101101
0101000110000
0101001000001
0101001011100
0101001100110
0101001111011
0101010000100
0101010011001
0101010100011
0101010111110
0101011001111
0101011010010
0101011101000
0101011110101
0101100001010
0101100010111
0101100101101
0101100110000
0101101000001
0101101011100
0101101100110
0101101111011
0101110000100
0101110011001
0101110100011
0101110111110
0101111001111
0101111010010
0101111101000
0101111110101
0101200001010
0101200010111
0101200101101
0101200110000
0101201000001
0101201011100
0101201100110
0101201111011
0101210000100
0101210011001
0101210100011
0101210111110
0101211001111
0101211010010
0101211101000
0101211110101
0102000000000
0102000011101
0102000100111
0102000111010
0102001001011
0102001010110
0102001101100
0102001110001
0102010001110
0102010010011
0102010101001
0102010110100
0102011000101
0102011011000
0102011100010
0102011111111
0102100000000
0102100011101
0102100100111
0102100111010
0102101001011
0102101010110
0102101101100
0102101110001
0102110001110
0102110010011
0102110101001
0102110110100
0102111000101
0102111011000
0102111100010
0102111111111
0102200000000
0102200011101
0102200100111
0102200111010
0102201001011
0102201010110
0102201101100
0102201110001
0102210001110
0102210010011
0102210101001
0102210110100
0102211000101
0102211011000
0102211100010
0102211111111
0110000000101
0110000011000
0110000100010
0110000111111
0110001001110
0110001010011
0110001101001
0110001110100
0110010001011
0110010010110
0110010101100
0110010110001
0110011000000
0110011011101
0110011100111
0110011111010
0110100000101
0110100011000
0110100100010
0110100111111
0110101001110
0110101010011
0110101101001
0110101110100
0110110001011
0110110010110
0110110101100
0110110110001
0110111000000
0110111011101
0110111100111
0110111111010
0110200000101
0110200011000
0110200100010
0110200111111
0110201001110
0110201010011
0110201101001
0110201110100
0110210001011
0110210010110
0110210101100
0110210110001
0110211000000
0110211011101
0110211100111
0110211111010
0111000001100
0111000011011
0111000100001
0111000110110
0111001000010
0111001010101
0111001101111
0111001111000
0111010000111
0111010010000
0111010101010
0111010111101
0111011001001
0111011011110
0111011100100
0111011110011
0111100001100
0111100011011
0111100100001
0111100110110
0111101000010
0111101010101
0111101101111
0111101111000
0111110000111
0111110010000
0111110101010
0111110111101
0111111001001
0111111011110
0111111100100
0111111110011
0111200001100
0111200011011
0111200100001
0111200110110
0111201000010
0111201010101
0111201101111
0111201111000
0111210000111
0111210010000
0111210101010
0111210111101
0111211001001
0111211011110
0111211100100
0111211110011
0112000001001
0112000011110
0112000100100
0112000110011
0112001000111
0112001010000
0112001101010
0112001111101
0112010000010
0112010010101
0112010101111
0112010111000
0112011001100
0112011011011
0112011100001
0112011110110
0112100001001
0112100011110
0112100100100
0112100110011
0112101000111
0112101010000
0112101101010
0112101111101
0112110000010
0112110010101
0112110101111
0112110111000
0112111001100
0112111011011
0112111100001
0112111110110
0112200001001
0112200011110
0112200100100
0112200110011
0112201000111
0112201010000
0112201101010
0112201111101
0112210000010
0112210010101
0112210101111
0112210111000
0112211001100
0112211011011
0112211100001
0112211110110
0120000000110
0120000010001
0120000101011
0120000111100
0120001001101
0120001011010
0120001100000
0120001110111
0120010001000
0120010011111
0120010100101
0120010110010
0120011000011
0120011010100
0120011101110
0120011111001
0120100000110
0120100010001
0120100101011
0120100111100
0120101001101
0120101011010
0120101100000
0120101110111
0120110001000
0120110011111
0120110100101
0120110110010
0120111000011
0120111010100
0120111101110
0120111111001
0120200000110
0120200010001
0120200101011
0120200111100
0120201001101
0120201011010
0120201100000
0120201110111
0120210001000
0120210011111
0120210100101
0120210110010
0120211000011
0120211010100
0120211101110
0120211111001
0121000000011
0121000010100
0121000101110
0121000111001
0121001001000
0121001011111
0121001100101
0121001110010
0121010001101
0121010011010
0121010100000
0121010110111
0121011000110
0121011010001
0121011101011
0121011111100
0121100000011
0121100010100
0121100101110
0121100111001
0121101001000
0121101011111
0121101100101
0121101110010
0121110001101
0121110011010
0121110100000
0121110110111
0121111000110
0121111010001
0121111101011
0121111111100
0121200000011
0121200010100
0121200101110
0121200111001
0121201001000
0121201011111
0121201100101
0121201110010
0121210001101
0121210011010
0121210100000
0121210110111
0121211000110
0121211010001
0121211101011
0121211111100
0122000000000
0122000011101
0122000100111
0122000111010
0122001001011
0122001010110
0122001101100
0122001110001
0122010001110
0122010010011
0122010101001
0122010110100
0122011000101
0122011011000
0122011100010
0122011111111
0122100000000
0122100011101
0122100100111
0122100111010
0122101001011
0122101010110
0122101101100
0122101110001
0122110001110
0122110010011
0122110101001
0122110110100
0122111000101
0122111011000
0122111100010
0122111111111
0122200000000
0122200011101
0122200100111
0122200111010
0122201001011
0122201010110
0122201101100
0122201110001
0122210001110
0122210010011
0122210101001
0122210110100
0122211000101
0122211011000
0122211100010
0122211111111
0200000001100
0200000011011
0200000100001
0200000110110
0200001000010
0200001010101
0200001101111
0200001111000
0200010000111
0200010010000
0200010101010
0200010111101
0200011001001
0200011011110
0200011100100
0200011110011
0200100001100
0200100011011
0200100100001
0200100110110
0200101000010
0200101010101
0200101101111
0200101111000
0200110000111
0200110010000
0200110101010
0200110111101
0200111001001
0200111011110
0200111100100
0200111110011
0200200001100
0200200011011
0200200100001
0200200110110
0200201000010
0200201010101
0200201101111
0200201111000
0200210000111
0200210010000
0200210101010
0200210111101
0200211001001
0200211011110
0200211100100
0200211110011
0201000001001
0201000011110
0201000100100
0201000110011
0201001000111
0201001010000
0201001101010
0201001111101
0201010000010
0201010010101
0201010101111
0201010111000
0201011001100
0201011011011
0201011100001
0201011110110
0201100001001
0201100011110
0201100100100
0201100110011
0201101000111
0201101010000
0201101101010
0201101111101
0201110000010
0201110010101
0201110101111
0201110111000
0201111001100
0201111011011
0201111100001
0201111110110
0201200001001
0201200011110
0201200100100
0201200110011
0201201000111
0201201010000
0201201101010
0201201111101
0201210000010
0201210010101
0201210101111
0201210111000
0201211001100
0201211011011
0201211100001
0201211110110
0202000000101
0202000011000
0202000100010
0202000111111
0202001001110
0202001010011
0202001101001
0202001110100
0202010001011
0202010010110
0202010101100
0202010110001
0202011000000
0202011011101
0202011100111
0202011111010
0202100000101
0202100011000
0202100100010
0202100111111
0202101001110
0202101010011
0202101101001
0202101110100
0202110001011
0202110010110
0202110101100
0202110110001
0202111000000
0202111011101
0202111100111
0202111111010
0202200000101
0202200011000
0202200100010
0202200111111
0202201001110
0202201010011
0202201101001
0202201110100
0202210001011
0202210010110
0202210101100
0202210110001
0202211000000
0202211011101
0202211100111
0202211111010
0210000000011
0210000010100
0210000101110
0210000111001
0210001001000
0210001011111
0210001100101
0210001110010
0210010001101
0210010011010
0210010100000
0210010110111
0210011000110
0210011010001
0210011101011
0210011111100
0210100000011
0210100010100
0210100101110
0210100111001
0210101001000
0210101011111
0210101100101
0210101110010
0210110001101
0210110011010
0210110100000
0210110110111
0210111000110
0210111010001
0210111101011
0210111111100
0210200000011
0210200010100
0210200101110
0210200111001
0210201001000
0210201011111
0210201100101
0210201110010
0210210001101
0210210011010
0210210100000
0210210110111
0210211000110
0210211010001
0210211101011
0210211111100
0211000000000
0211000011101
0211000100111
0211000111010
0211001001011
0211001010110
0211001101100
0211001110001
0211010001110
0211010010011
0211010101001
0211010110100
0211011000101
0211011011000
0211011100010
0211011111111
0211100000000
0211100011101
0211100100111
0211100111010
0211101001011
0211101010110
0211101101100
0211101110001
0211110001110
0211110010011
0211110101001
0211110110100
0211111000101
0211111011000
0211111100010
0211111111111
0211200000000
0211200011101
0211200100111
0211200111010
0211201001011
0211201010110
0211201101100
0211201110001
0211210001110
0211210010011
0211210101001
0211210110100
0211211000101
0211211011000
0211211100010
0211211111111
0212000000110
0212000010001
0212000101011
0212000111100
0212001001101
0212001011010
0212001100000
0212001110111
0212010001000
0212010011111
0212010100101
0212010110010
0212011000011
0212011010100
0212011101110
0212011111001
0212100000110
0212100010001
0212100101011
0212100111100
0212101001101
0212101011010
0212101100000
0212101110111
0212110001000
0212110011111
0212110100101
0212110110010
0212111000011
0212111010100
0212111101110
0212111111001
0212200000110
0212200010001
0212200101011
0212200111100
0212201001101
0212201011010
0212201100000
0212201110111
0212210001000
0212210011111
0212210100101
0212210110010
0212211000011
0212211010100
0212211101110
0212211111001
0220000001010
0220000010111
0220000101101
0220000110000
0220001000001
0220001011100
0220001100110
0220001111011
0220010000100
0220010011001
0220010100011
0220010111110
0220011001111
0220011010010
0220011101000
0220011110101
0220100001010
0220100010111
0220100101101
0220100110000
0220101000001
0220101011100
0220101100110
0220101111011
0220110000100
0220110011001
0220110100011
0220110111110
0220111001111
0220111010010
0220111101000
0220111110101
0220200001010
0220200010111
0220200101101
0220200110000
0220201000001
0220201011100
0220201100110
0220201111011
0220210000100
0220210011001
0220210100011
0220210111110
0220211001111
0220211010010
0220211101000
0220211110101
0221000000000
0221000011101
0221000100111
0221000111010
0221001001011
0221001010110
0221001101100
0221001110001
0221010001110
0221010010011
0221010101001
0221010110100
0221011000101
0221011011000
0221011100010
0221011111111
0221100000000
0221100011101
0221100100111
0221100111010
0221101001011
0221101010110
0221101101100
0221101110001
0221110001110
0221110010011
0221110101001
0221110110100
0221111000101
0221111011000
0221111100010
0221111111111
0221200000000
0221200011101
0221200100111
0221200111010
0221201001011
0221201010110
0221201101100
0221201110001
0221210001110
0221210010011
0221210101001
0221210110100
0221211000101
0221211011000
0221211100010
0221211111111
0222000001111
0222000010010
0222000101000
0222000110101
0222001000100
0222001011001
0222001100011
0222001111110
0222010000001
0222010011100
0222010100110
0222010111011
0222011001010
0222011010111
0222011101101
0222011110000
0222100001111
0222100010010
0222100101000
0222100110101
0222101000100
0222101011001
0222101100011
0222101111110
0222110000001
0222110011100
0222110100110
0222110111011
0222111001010
0222111010111
0222111101101
0222111110000
0222200001111
0222200010010
0222200101000
0222200110101
0222201000100
0222201011001
0222201100011
0222201111110
0222210000001
0222210011100
0222210100110
0222210111011
0222211001010
0222211010111
0222211101101
0222211110000
1000000001010
1000000010111
1000000101101
1000000110000
1000001000001
1000001011100
1000001100110
1000001111011
1000010000100
1000010011001
1000010100011
1000010111110
1000011001111
1000011010010
1000011101000
1000011110101
1000100001010
1000100010111
1000100101101
1000100110000
1000101000001
1000101011100
1000101100110
1000101111011
1000110000100
1000110011001
1000110100011
1000110111110
1000111001111
1000111010010
1000111101000
1000111110101
1000200001010
1000200010111
1000200101101
1000200110000
1000201000001
1000201011100
1000201100110
1000201111011
1000210000100
1000210011001
1000210100011
1000210111110
1000211001111
1000211010010
1000211101000
1000211110101
1001000000000
1001000011101
1001000100111
1001000111010
1001001001011
1001001010110
1001001101100
1001001110001
1001010001110
1001010010011
1001010101001
1001010110100
1001011000101
1001011011000
1001011100010
1001011111111
1001100000000
1001100011101
1001100100111
1001100111010
1001101001011
1001101010110
1001101101100
1001101110001
1001110001110
1001110010011
1001110101001
1001110110100
1001111000101
1001111011000
1001111100010
1001111111111
1001200000000
1001200011101
1001200100111
1001200111010
1001201001011
1001201010110
1001201101100
1001201110001
1001210001110
1001210010011
1001210101001
1001210110100
1001211000101
1001211011000
1001211100010
1001211111111
1002000001111
1002000010010
1002000101000
1002000110101
1002001000100
1002001011001
1002001100011
1002001111110
1002010000001
1002010011100
1002010100110
1002010111011
1002011001010
1002011010111
1002011101101
1002011110000
1002100001111
1002100010010
1002100101000
1002100110101
1002101000100
1002101011001
1002101100011
1002101111110
1002110000001
1002110011100
1002110100110
1002110111011
1002111001010
1002111010111
1002111101101
1002111110000
1002200001111
1002200010010
1002200101000
1002200110101
1002201000100
1002201011001
1002201100011
1002201111110
1002210000001
1002210011100
1002210100110
1002210111011
1002211001010
1002211010111
1002211101101
1002211110000
1010000001100
1010000011011
1010000100001
1010000110110
1010001000010
1010001010101
1010001101111
1010001111000
1010010000111
1010010010000
1010010101010
1010010111101
1010011001001
1010011011110
1010011100100
1010011110011
1010100001100
1010100011011
1010100100001
1010100110110
1010101000010
1010101010101
1010101101111
1010101111000
1010110000111
1010110010000
1010110101010
1010110111101
1010111001001
1010111011110
1010111100100
1010111110011
1010200001100
1010200011011
1010200100001
1010200110110
1010201000010
1010201010101
1010201101111
1010201111000
1010210000111
1010210010000
1010210101010
1010210111101
1010211001001
1010211011110
1010211100100
1010211110011
1011000001001
1011000011110
1011000100100
1011000110011
1011001000111
1011001010000
1011001101010
1011001111101
1011010000010
1011010010101
1011010101111
1011010111000
1011011001100
1011011011011
1011011100001
1011011110110
1011100001001
1011100011110
1011100100100
1011100110011
1011101000111
1011101010000
1011101101010
1011101111101
1011110000010
1011110010101
1011110101111
1011110111000
1011111001100
1011111011011
1011111100001
1011111110110
1011200001001
1011200011110
1011200100100
1011200110011
1011201000111
1011201010000
1011201101010
1011201111101
1011210000010
1011210010101
1011210101111
1011210111000
1011211001100
1011211011011
1011211100001
1011211110110
1012000000101
1012000011000
1012000100010
1012000111111
1012001001110
1012001010011
1012001101001
1012001110100
1012010001011
1012010010110
1012010101100
1012010110001
1012011000000
1012011011101
1012011100111
1012011111010
1012100000101
1012100011000
1012100100010
1012100111111
1012101001110
1012101010011
1012101101001
1012101110100
1012110001011
1012110010110
1012110101100
1012110110001
1012111000000
1012111011101
1012111100111
1012111111010
1012200000101
1012200011000
1012200100010
1012200111111
1012201001110
1012201010011
1012201101001
1012201110100
1012210001011
1012210010110
1012210101100
1012210110001
1012211000000
1012211011101
1012211100111
1012211111010
1020000000011
1020000010100
1020000101110
1020000111001
1020001001000
1020001011111
1020001100101
1020001110010
1020010001101
1020010011010
1020010100000
1020010110111
1020011000110
1020011010001
1020011101011
1020011111100
1020100000011
1020100010100
1020100101110
1020100111001
1020101001000
1020101011111
1020101100101
1020101110010
1020110001101
1020110011010
1020110100000
1020110110111
1020111000110
1020111010001
1020111101011
1020111111100
1020200000011
1020200010100
1020200101110
1020200111001
1020201001000
1020201011111
1020201100101
1020201110010
1020210001101
1020210011010
1020210100000
1020210110111
1020211000110
1020211010001
1020211101011
1020211111100
1021000000000
1021000011101
1021000100111
1021000111010
1021001001011
1021001010110
1021001101100
1021001110001
1021010001110
1021010010011
1021010101001
1021010110100
1021011000101
1021011011000
1021011100010
1021011111111
1021100000000
1021100011101
1021100100111
1021100111010
1021101001011
1021101010110
1021101101100
1021101110001
1021110001110
1021110010011
1021110101001
1021110110100
1021111000101
1021111011000
1021111100010
1021111111111
1021200000000
1021200011101
1021200100111
1021200111010
1021201001011
1021201010110
1021201101100
1021201110001
1021210001110
1021210010011
1021210101001
1021210110100
1021211000101
1021211011000
1021211100010
1021211111111
1022000000110
1022000010001
1022000101011
1022000111100
1022001001101
1022001011010
1022001100000
1022001110111
1022010001000
1022010011111
1022010100101
1022010110010
1022011000011
1022011010100
1022011101110
1022011111001
1022100000110
1022100010001
1022100101011
1022100111100
1022101001101
1022101011010
1022101100000
1022101110111
1022110001000
1022110011111
1022110100101
1022110110010
1022111000011
1022111010100
1022111101110
1022111111001
1022200000110
1022200010001
1022200101011
1022200111100
1022201001101
1022201011010
1022201100000
1022201110111
1022210001000
1022210011111
1022210100101
1022210110010
1022211000011
1022211010100
1022211101110
1022211111001
1100000001001
1100000011110
1100000100100
1100000110011
1100001000111
1100001010000
1100001101010
1100001111101
1100010000010
1100010010101
1100010101111
1100010111000
1100011001100
1100011011011
1100011100001
1100011110110
1100100001001
1100100011110
1100100100100
1100100110011
1100101000111
1100101010000
1100101101010
1100101111101
1100110000010
1100110010101
1100110101111
1100110111000
1100111001100
1100111011011
1100111100001
1100111110110
1100200001001
1100200011110
1100200100100
1100200110011
1100201000111
1100201010000
1100201101010
1100201111101
1100210000010
1100210010101
1100210101111
1100210111000
1100211001100
1100211011011
1100211100001
1100211110110
1101000000101
1101000011000
1101000100010
1101000111111
1101001001110
1101001010011
1101001101001
1101001110100
1101010001011
1101010010110
1101010101100
1101010110001
1101011000000
1101011011101
1101011100111
1101011111010
1101100000101
1101100011000
1101100100010
1101100111111
1101101001110
1101101010011
1101101101001
1101101110100
1101110001011
1101110010110
1101110101100
1101110110001
1101111000000
1101111011101
1101111100111
1101111111010
1101200000101
1101200011000
1101200100010
1101200111111
1101201001110
1101201010011
1101201101001
1101201110100
1101210001011
1101210010110
1101210101100
1101210110001
1101211000000
1101211011101
1101211100111
1101211111010
1102000001100
1102000011011
1102000100001
1102000110110
1102001000010
1102001010101
1102001101111
1102001111000
1102010000111
1102010010000
1102010101010
1102010111101
1102011001001
1102011011110
1102011100100
1102011110011
1102100001100
1102100011011
1102100100001
1102100110110
1102101000010
1102101010101
1102101101111
1102101111000
1102110000111
1102110010000
1102110101010
1102110111101
1102111001001
1102111011110
1102111100100
1102111110011
1102200001100
1102200011011
1102200100001
1102200110110
1102201000010
1102201010101
1102201101111
1102201111000
1102210000111
1102210010000
1102210101010
1102210111101
1102211001001
1102211011110
1102211100100
1102211110011
1110000000000
1110000011101
1110000100111
1110000111010
1110001001011
1110001010110
1110001101100
1110001110001
1110010001110
1110010010011
1110010101001
1110010110100
1110011000101
1110011011000
1110011100010
1110011111111
1110100000000
1110100011101
1110100100111
1110100111010
1110101001011
1110101010110
1110101101100
1110101110001
1110110001110
1110110010011
1110110101001
1110110110100
1110111000101
1110111011000
1110111100010
1110111111111
1110200000000
1110200011101
1110200100111
1110200111010
1110201001011
1110201010110
1110201101100
1110201110001
1110210001110
1110210010011
1110210101001
1110210110100
1110211000101
1110211011000
1110211100010
1110211111111
1111000000110
1111000010001
1111000101011
1111000111100
1111001001101
1111001011010
1111001100000
1111001110111
1111010001000
1111010011111
1111010100101
1111010110010
1111011000011
1111011010100
1111011101110
1111011111001
1111100000110
1111100010001
1111100101011
1111100111100
1111101001101
1111101011010
1111101100000
1111101110111
1111110001000
1111110011111
1111110100101
1111110110010
1111111000011
1111111010100
1111111101110
1111111111001
1111200000110
1111200010001
1111200101011
1111200111100
1111201001101
1111201011010
1111201100000
1111201110111
1111210001000
1111210011111
1111210100101
1111210110010
1111211000011
1111211010100
1111211101110
1111211111001
1112000000011
1112000010100
1112000101110
1112000111001
1112001001000
1112001011111
1112001100101
1112001110010
1112010001101
1112010011010
1112010100000
1112010110111
1112011000110
1112011010001
1112011101011
1112011111100
1112100000011
1112100010100
1112100101110
1112100111001
1112101001000
1112101011111
1112101100101
1112101110010
1112110001101
1112110011010
1112110100000
1112110110111
1112111000110
1112111010001
1112111101011
1112111111100
1112200000011
1112200010100
1112200101110
1112200111001
1112201001000
1112201011111
1112201100101
1112201110010
1112210001101
1112210011010
1112210100000
1112210110111
1112211000110
1112211010001
1112211101011
1112211111100
1120000000000
1120000011101
1120000100111
1120000111010
1120001001011
1120001010110
1120001101100
1120001110001
1120010001110
1120010010011
1120010101001
1120010110100
1120011000101
1120011011000
1120011100010
1120011111111
1120100000000
1120100011101
1120100100111
1120100111010
1120101001011
1120101010110
1120101101100
1120101110001
1120110001110
1120110010011
1120110101001
1120110110100
1120111000101
1120111011000
1120111100010
1120111111111
1120200000000
1120200011101
1120200100111
1120200111010
1120201001011
1120201010110
1120201101100
1120201110001
1120210001110
1120210010011
1120210101001
1120210110100
1120211000101
1120211011000
1120211100010
1120211111111
1121000001111
1121000010010
1121000101000
1121000110101
1121001000100
1121001011001
1121001100011
1121001111110
1121010000001
1121010011100
1121010100110
1121010111011
1121011001010
1121011010111
1121011101101
1121011110000
1121100001111
1121100010010
1121100101000
1121100110101
1121101000100
1121101011001
1121101100011
1121101111110
1121110000001
1121110011100
1121110100110
1121110111011
1121111001010
1121111010111
1121111101101
1121111110000
1121200001111
1121200010010
1121200101000
1121200110101
1121201000100
1121201011001
1121201100011
1121201111110
1121210000001
1121210011100
1121210100110
1121210111011
1121211001010
1121211010111
1121211101101
1121211110000
1122000001010
1122000010111
1122000101101
1122000110000
1122001000001
1122001011100
1122001100110
1122001111011
1122010000100
1122010011001
1122010100011
1122010111110
1122011001111
1122011010010
1122011101000
1122011110101
1122100001010
1122100010111
1122100101101
1122100110000
1122101000001
1122101011100
1122101100110
1122101111011
1122110000100
1122110011001
1122110100011
1122110111110
1122111001111
1122111010010
1122111101000
1122111110101
1122200001010
1122200010111
1122200101101
1122200110000
1122201000001
1122201011100
1122201100110
1122201111011
1122210000100
1122210011001
1122210100011
1122210111110
1122211001111
1122211010010
1122211101000
1122211110101
1200000000110
1200000010001
1200000101011
1200000111100
1200001001101
1200001011010
1200001100000
1200001110111
1200010001000
1200010011111
1200010100101
1200010110010
1200011000011
1200011010100
1200011101110
1200011111001
1200100000110
1200100010001
1200100101011
1200100111100
1200101001101
1200101011010
1200101100000
1200101110111
1200110001000
1200110011111
1200110100101
1200110110010
1200111000011
1200111010100
1200111101110
1200111111001
1200200000110
1200200010001
1200200101011
1200200111100
1200201001101
1200201011010
1200201100000
1200201110111
1200210001000
1200210011111
1200210100101
1200210110010
1200211000011
1200211010100
1200211101110
1200211111001
1201000000011
1201000010100
1201000101110
1201000111001
1201001001000
1201001011111
1201001100101
1201001110010
1201010001101
1201010011010
1201010100000
1201010110111
1201011000110
1201011010001
1201011101011
1201011111100
1201100000011
1201100010100
1201100101110
1201100111001
1201101001000
1201101011111
1201101100101
1201101110010
1201110001101
1201110011010
1201110100000
1201110110111
1201111000110
1201111010001
1201111101011
1201111111100
1201200000011
1201200010100
1201200101110
1201200111001
1201201001000
1201201011111
1201201100101
1201201110010
1201210001101
1201210011010
1201210100000
1201210110111
1201211000110
1201211010001
1201211101011
1201211111100
1202000000000
1202000011101
1202000100111
1202000111010
1202001001011
1202001010110
1202001101100
1202001110001
1202010001110
1202010010011
1202010101001
1202010110100
1202011000101
1202011011000
1202011100010
1202011111111
1202100000000
1202100011101
1202100100111
1202100111010
1202101001011
1202101010110
1202101101100
1202101110001
1202110001110
1202110010011
1202110101001
1202110110100
1202111000101
1202111011000
1202111100010
1202111111111
1202200000000
1202200011101
1202200100111
1202200111010
1202201001011
1202201010110
1202201101100
1202201110001
1202210001110
1202210010011
1202210101001
1202210110100
1202211000101
1202211011000
1202211100010
1202211111111
1210000001111
1210000010010
1210000101000
1210000110101
1210001000100
1210001011001
1210001100011
1210001111110
1210010000001
1210010011100
1210010100110
1210010111011
1210011001010
1210011010111
1210011101101
1210011110000
1210100001111
1210100010010
1210100101000
1210100110101
1210101000100
1210101011001
1210101100011
1210101111110
1210110000001
1210110011100
1210110100110
1210110111011
1210111001010
1210111010111
1210111101101
1210111110000
1210200001111
1210200010010
1210200101000
1210200110101
1210201000100
1210201011001
1210201100011
1210201111110
1210210000001
1210210011100
1210210100110
1210210111011
1210211001010
1210211010111
1210211101101
1210211110000
1211000001010
1211000010111
1211000101101
1211000110000
1211001000001
1211001011100
1211001100110
1211001111011
1211010000100
1211010011001
1211010100011
1211010111110
1211011001111
1211011010010
1211011101000
1211011110101
1211100001010
1211100010111
1211100101101
1211100110000
1211101000001
1211101011100
1211101100110
1211101111011
1211110000100
1211110011001
1211110100011
1211110111110
1211111001111
1211111010010
1211111101000
1211111110101
1211200001010
1211200010111
1211200101101
1211200110000
1211201000001
1211201011100
1211201100110
1211201111011
1211210000100
1211210011001
1211210100011
1211210111110
1211211001111
1211211010010
1211211101000
1211211110101
1212000000000
1212000011101
1212000100111
1212000111010
1212001001011
1212001010110
1212001101100
1212001110001
1212010001110
1212010010011
1212010101001
1212010110100
1212011000101
1212011011000
1212011100010
1212011111111
1212100000000
1212100011101
1212100100111
1212100111010
1212101001011
1212101010110
1212101101100
1212101110001
1212110001110
1212110010011
1212110101001
1212110110100
1212111000101
1212111011000
1212111100010
1212111111111
1212200000000
1212200011101
1212200100111
1212200111010
1212201001011
1212201010110
1212201101100
1212201110001
1212210001110
1212210010011
1212210101001
1212210110100
1212211000101
1212211011000
1212211100010
1212211111111
1220000000101
1220000011000
1220000100010
1220000111111
1220001001110
1220001010011
1220001101001
1220001110100
1220010001011
1220010010110
1220010101100
1220010110001
1220011000000
1220011011101
1220011100111
1220011111010
1220100000101
1220100011000
1220100100010
1220100111111
1220101001110
1220101010011
1220101101001
1220101110100
1220110001011
1220110010110
1220110101100
1220110110001
1220111000000
1220111011101
1220111100111
1220111111010
1220200000101
1220200011000
1220200100010
1220200111111
1220201001110
1220201010011
1220201101001
1220201110100
1220210001011
1220210010110
1220210101100
1220210110001
1220211000000
1220211011101
1220211100111
1220211111010
1221000001100
1221000011011
1221000100001
1221000110110
1221001000010
1221001010101
1221001101111
1221001111000
1221010000111
1221010010000
1221010101010
1221010111101
1221011001001
1221011011110
1221011100100
1221011110011
1221100001100
1221100011011
1221100100001
1221100110110
1221101000010
1221101010101
1221101101111
1221101111000
1221110000111
1221110010000
1221110101010
1221110111101
1221111001001
1221111011110
1221111100100
1221111110011
1221200001100
1221200011011
1221200100001
1221200110110
1221201000010
1221201010101
1221201101111
1221201111000
1221210000111
1221210010000
1221210101010
1221210111101
1221211001001
1221211011110
1221211100100
1221211110011
1222000001001
1222000011110
1222000100100
1222000110011
1222001000111
1222001010000
1222001101010
1222001111101
1222010000010
1222010010101
1222010101111
1222010111000
1222011001100
1222011011011
1222011100001
1222011110110
1222100001001
1222100011110
1222100100100
1222100110011
1222101000111
1222101010000
1222101101010
1222101111101
1222110000010
1222110010101
1222110101111
1222110111000
1222111001100
1222111011011
1222111100001
1222111110110
1222200001001
1222200011110
1222200100100
1222200110011
1222201000111
1222201010000
1222201101010
1222201111101
1222210000010
1222210010101
1222210101111
1222210111000
1222211001100
1222211011011
1222211100001
1222211110110
2000000000101
2000000011000
2000000100010
2000000111111
2000001001110
2000001010011
2000001101001
2000001110100
2000010001011
2000010010110
2000010101100
2000010110001
2000011000000
2000011011101
2000011100111
2000011111010
2000100000101
2000100011000
2000100100010
2000100111111
2000101001110
2000101010011
2000101101001
2000101110100
2000110001011
2000110010110
2000110101100
2000110110001
2000111000000
2000111011101
2000111100111
2000111111010
2000200000101
2000200011000
2000200100010
2000200111111
2000201001110
2000201010011
2000201101001
2000201110100
2000210001011
2000210010110
2000210101100
2000210110001
2000211000000
2000211011101
2000211100111
2000211111010
2001000001100
2001000011011
2001000100001
2001000110110
2001001000010
2001001010101
2001001101111
2001001111000
2001010000111
2001010010000
2001010101010
2001010111101
2001011001001
2001011011110
2001011100100
2001011110011
2001100001100
2001100011011
2001100100001
2001100110110
2001101000010
2001101010101
2001101101111
2001101111000
2001110000111
2001110010000
2001110101010
2001110111101
2001111001001
2001111011110
2001111100100
2001111110011
2001200001100
2001200011011
2001200100001
2001200110110
2001201000010
2001201010101
2001201101111
2001201111000
2001210000111
2001210010000
2001210101010
2001210111101
2001211001001
2001211011110
2001211100100
2001211110011
2002000001001
2002000011110
2002000100100
2002000110011
2002001000111
2002001010000
2002001101010
2002001111101
2002010000010
2002010010101
2002010101111
2002010111000
2002011001100
2002011011011
2002011100001
2002011110110
2002100001001
2002100011110
2002100100100
2002100110011
2002101000111
2002101010000
2002101101010
2002101111101
2002110000010
2002110010101
2002110101111
2002110111000
2002111001100
2002111011011
2002111100001
2002111110110
2002200001001
2002200011110
2002200100100
2002200110011
2002201000111
2002201010000
2002201101010
2002201111101
2002210000010
2002210010101
2002210101111
2002210111000
2002211001100
2002211011011
2002211100001
2002211110110
2010000000110
2010000010001
2010000101011
2010000111100
2010001001101
2010001011010
2010001100000
2010001110111
2010010001000
2010010011111
2010010100101
2010010110010
2010011000011
2010011010100
2010011101110
2010011111001
2010100000110
2010100010001
2010100101011
2010100111100
2010101001101
2010101011010
2010101100000
2010101110111
2010110001000
2010110011111
2010110100101
2010110110010
2010111000011
2010111010100
2010111101110
2010111111001
2010200000110
2010200010001
2010200101011
2010200111100
2010201001101
2010201011010
2010201100000
2010201110111
2010210001000
2010210011111
2010210100101
2010210110010
2010211000011
2010211010100
2010211101110
2010211111001
2011000000011
2011000010100
2011000101110
2011000111001
2011001001000
2011001011111
2011001100101
2011001110010
2011010001101
2011010011010
2011010100000
2011010110111
2011011000110
2011011010001
2011011101011
2011011111100
2011100000011
2011100010100
2011100101110
2011100111001
2011101001000
2011101011111
2011101100101
2011101110010
2011110001101
2011110011010
2011110100000
2011110110111
2011111000110
2011111010001
2011111101011
2011111111100
2011200000011
2011200010100
2011200101110
2011200111001
2011201001000
2011201011111
2011201100101
2011201110010
2011210001101
2011210011010
2011210100000
2011210110111
2011211000110
2011211010001
2011211101011
2011211111100
2012000000000
2012000011101
2012000100111
2012000111010
2012001001011
2012001010110
2012001101100
2012001110001
2012010001110
2012010010011
2012010101001
2012010110100
2012011000101
2012011011000
2012011100010
2012011111111
2012100000000
2012100011101
2012100100111
2012100111010
2012101001011
2012101010110
2012101101100
2012101110001
2012110001110
2012110010011
2012110101001
2012110110100
2012111000101
2012111011000
2012111100010
2012111111111
2012200000000
2012200011101
2012200100111
2012200111010
2012201001011
2012201010110
2012201101100
2012201110001
2012210001110
2012210010011
2012210101001
2012210110100
2012211000101
2012211011000
2012211100010
2012211111111
2020000001111
2020000010010
2020000101000
2020000110101
2020001000100
2020001011001
2020001100011
2020001111110
2020010000001
2020010011100
2020010100110
2020010111011
2020011001010
2020011010111
2020011101101
2020011110000
2020100001111
2020100010010
2020100101000
2020100110101
2020101000100
2020101011001
2020101100011
2020101111110
2020110000001
2020110011100
2020110100110
2020110111011
2020111001010
2020111010111
2020111101101
2020111110000
2020200001111
2020200010010
2020200101000
2020200110101
2020201000100
2020201011001
2020201100011
2020201111110
2020210000001
2020210011100
2020210100110
2020210111011
2020211001010
2020211010111
2020211101101
2020211110000
2021000001010
2021000010111
2021000101101
2021000110000
2021001000001
2021001011100
2021001100110
2021001111011
2021010000100
2021010011001
2021010100011
2021010111110
2021011001111
2021011010010
2021011101000
2021011110101
2021100001010
2021100010111
2021100101101
2021100110000
2021101000001
2021101011100
2021101100110
2021101111011
2021110000100
2021110011001
2021110100011
2021110111110
2021111001111
2021111010010
2021111101000
2021111110101
2021200001010
2021200010111
2021200101101
2021200110000
2021201000001
2021201011100
2021201100110
2021201111011
2021210000100
2021210011001
2021210100011
2021210111110
2021211001111
2021211010010
2021211101000
2021211110101
2022000000000
2022000011101
2022000100111
2022000111010
2022001001011
2022001010110
2022001101100
2022001110001
2022010001110
2022010010011
2022010101001
2022010110100
2022011000101
2022011011000
2022011100010
2022011111111
2022100000000
2022100011101
2022100100111
2022100111010
2022101001011
2022101010110
2022101101100
2022101110001
2022110001110
2022110010011
2022110101001
2022110110100
2022111000101
2022111011000
2022111100010
2022111111111
2022200000000
2022200011101
2022200100111
2022200111010
2022201001011
2022201010110
2022201101100
2022201110001
2022210001110
2022210010011
2022210101001
2022210110100
2022211000101
2022211011000
2022211100010
2022211111111
2100000000011
2100000010100
2100000101110
2100000111001
2100001001000
2100001011111
2100001100101
2100001110010
2100010001101
2100010011010
2100010100000
2100010110111
2100011000110
2100011010001
2100011101011
2100011111100
2100100000011
2100100010100
2100100101110
2100100111001
2100101001000
2100101011111
2100101100101
2100101110010
2100110001101
2100110011010
2100110100000
2100110110111
2100111000110
2100111010001
2100111101011
2100111111100
2100200000011
2100200010100
2100200101110
2100200111001
2100201001000
2100201011111
2100201100101
2100201110010
2100210001101
2100210011010
2100210100000
2100210110111
2100211000110
2100211010001
2100211101011
2100211111100
2101000000000
2101000011101
2101000100111
2101000111010
2101001001011
2101001010110
2101001101100
2101001110001
2101010001110
2101010010011
2101010101001
2101010110100
2101011000101
2101011011000
2101011100010
2101011111111
2101100000000
2101100011101
2101100100111
2101100111010
2101101001011
2101101010110
2101101101100
2101101110001
2101110001110
2101110010011
2101110101001
2101110110100
2101111000101
2101111011000
2101111100010
2101111111111
2101200000000
2101200011101
2101200100111
2101200111010
2101201001011
2101201010110
2101201101100
2101201110001
2101210001110
2101210010011
2101210101001
2101210110100
2101211000101
2101211011000
2101211100010
2101211111111
2102000000110
2102000010001
2102000101011
2102000111100
2102001001101
2102001011010
2102001100000
2102001110111
2102010001000
2102010011111
2102010100101
2102010110010
2102011000011
2102011010100
2102011101110
2102011111001
2102100000110
2102100010001
2102100101011
2102100111100
2102101001101
2102101011010
2102101100000
2102101110111
2102110001000
2102110011111
2102110100101
2102110110010
2102111000011
2102111010100
2102111101110
2102111111001
2102200000110
2102200010001
2102200101011
2102200111100
2102201001101
2102201011010
2102201100000
2102201110111
2102210001000
2102210011111
2102210100101
2102210110010
2102211000011
2102211010100
2102211101110
2102211111001
2110000001010
2110000010111
2110000101101
2110000110000
2110001000001
2110001011100
2110001100110
2110001111011
2110010000100
2110010011001
2110010100011
2110010111110
2110011001111
2110011010010
2110011101000
2110011110101
2110100001010
2110100010111
2110100101101
2110100110000
2110101000001
2110101011100
2110101100110
2110101111011
2110110000100
2110110011001
2110110100011
2110110111110
2110111001111
2110111010010
2110111101000
2110111110101
2110200001010
2110200010111
2110200101101
2110200110000
2110201000001
2110201011100
2110201100110
2110201111011
2110210000100
2110210011001
2110210100011
2110210111110
2110211001111
2110211010010
2110211101000
2110211110101
2111000000000
2111000011101
2111000100111
2111000111010
2111001001011
2111001010110
2111001101100
2111001110001
2111010001110
2111010010011
2111010101001
2111010110100
2111011000101
2111011011000
2111011100010
2111011111111
2111100000000
2111100011101
2111100100111
2111100111010
2111101001011
2111101010110
2111101101100
2111101110001
2111110001110
2111110010011
2111110101001
2111110110100
2111111000101
2111111011000
2111111100010
2111111111111
2111200000000
2111200011101
2111200100111
2111200111010
2111201001011
2111201010110
2111201101100
2111201110001
2111210001110
2111210010011
2111210101001
2111210110100
2111211000101
2111211011000
2111211100010
2111211111111
2112000001111
2112000010010
2112000101000
2112000110101
2112001000100
2112001011001
2112001100011
2112001111110
2112010000001
2112010011100
2112010100110
2112010111011
2112011001010
2112011010111
2112011101101
2112011110000
2112100001111
2112100010010
2112100101000
2112100110101
2112101000100
2112101011001
2112101100011
2112101111110
2112110000001
2112110011100
2112110100110
2112110111011
2112111001010
2112111010111
2112111101101
2112111110000
2112200001111
2112200010010
2112200101000
2112200110101
2112201000100
2112201011001
2112201100011
2112201111110
2112210000001
2112210011100
2112210100110
2112210111011
2112211001010
2112211010111
2112211101101
2112211110000
2120000001100
2120000011011
2120000100001
2120000110110
2120001000010
2120001010101
2120001101111
2120001111000
2120010000111
2120010010000
2120010101010
2120010111101
2120011001001
2120011011110
2120011100100
2120011110011
2120100001100
2120100011011
2120100100001
2120100110110
2120101000010
2120101010101
2120101101111
2120101111000
2120110000111
2120110010000
2120110101010
2120110111101
2120111001001
2120111011110
2120111100100
2120111110011
2120200001100
2120200011011
2120200100001
2120200110110
2120201000010
2120201010101
2120201101111
2120201111000
2120210000111
2120210010000
2120210101010
2120210111101
2120211001001
2120211011110
2120211100100
2120211110011
2121000001001
2121000011110
2121000100100
2121000110011
2121001000111
2121001010000
2121001101010
2121001111101
2121010000010
2121010010101
2121010101111
2121010111000
2121011001100
2121011011011
2121011100001
2121011110110
2121100001001
2121100011110
2121100100100
2121100110011
2121101000111
2121101010000
2121101101010
2121101111101
2121110000010
2121110010101
2121110101111
2121110111000
2121111001100
2121111011011
2121111100001
2121111110110
2121200001001
2121200011110
2121200100100
2121200110011
2121201000111
2121201010000
2121201101010
2121201111101
2121210000010
2121210010101
2121210101111
2121210111000
2121211001100
2121211011011
2121211100001
2121211110110
2122000000101
2122000011000
2122000100010
2122000111111
2122001001110
2122001010011
2122001101001
2122001110100
2122010001011
2122010010110
2122010101100
2122010110001
2122011000000
2122011011101
2122011100111
2122011111010
2122100000101
2122100011000
2122100100010
2122100111111
2122101001110
2122101010011
2122101101001
2122101110100
2122110001011
2122110010110
2122110101100
2122110110001
2122111000000
2122111011101
2122111100111
2122111111010
2122200000101
2122200011000
2122200100010
2122200111111
2122201001110
2122201010011
2122201101001
2122201110100
2122210001011
2122210010110
2122210101100
2122210110001
2122211000000
2122211011101
2122211100111
2122211111010
2200000000000
2200000011101
2200000100111
2200000111010
2200001001011
2200001010110
2200001101100
2200001110001
2200010001110
2200010010011
2200010101001
2200010110100
2200011000101
2200011011000
2200011100010
2200011111111
2200100000000
2200100011101
2200100100111
2200100111010
2200101001011
2200101010110
2200101101100
2200101110001
2200110001110
2200110010011
2200110101001
2200110110100
2200111000101
2200111011000
2200111100010
2200111111111
2200200000000
2200200011101
2200200100111
2200200111010
2200201001011
2200201010110
2200201101100
2200201110001
2200210001110
2200210010011
2200210101001
2200210110100
2200211000101
2200211011000
2200211100010
2200211111111
2201000001111
2201000010010
2201000101000
2201000110101
2201001000100
2201001011001
2201001100011
2201001111110
2201010000001
2201010011100
2201010100110
2201010111011
2201011001010
2201011010111
2201011101101
2201011110000
2201100001111
2201100010010
2201100101000
2201100110101
2201101000100
2201101011001
2201101100011
2201101111110
2201110000001
2201110011100
2201110100110
2201110111011
2201111001010
2201111010111
2201111101101
2201111110000
2201200001111
2201200010010
2201200101000
2201200110101
2201201000100
2201201011001
2201201100011
2201201111110
2201210000001
2201210011100
2201210100110
2201210111011
2201211001010
2201211010111
2201211101101
2201211110000
2202000001010
2202000010111
2202000101101
2202000110000
2202001000001
2202001011100
2202001100110
2202001111011
2202010000100
2202010011001
2202010100011
2202010111110
2202011001111
2202011010010
2202011101000
2202011110101
2202100001010
2202100010111
2202100101101
2202100110000
2202101000001
2202101011100
2202101100110
2202101111011
2202110000100
2202110011001
2202110100011
2202110111110
2202111001111
2202111010010
2202111101000
2202111110101
2202200001010
2202200010111
2202200101101
2202200110000
2202201000001
2202201011100
2202201100110
2202201111011
2202210000100
2202210011001
2202210100011
2202210111110
2202211001111
2202211010010
2202211101000
2202211110101
2210000001001
2210000011110
2210000100100
2210000110011
2210001000111
2210001010000
2210001101010
2210001111101
2210010000010
2210010010101
2210010101111
2210010111000
2210011001100
2210011011011
2210011100001
2210011110110
2210100001001
2210100011110
2210100100100
2210100110011
2210101000111
2210101010000
2210101101010
2210101111101
2210110000010
2210110010101
2210110101111
2210110111000
2210111001100
2210111011011
2210111100001
2210111110110
2210200001001
2210200011110
2210200100100
2210200110011
2210201000111
2210201010000
2210201101010
2210201111101
2210210000010
2210210010101
2210210101111
2210210111000
2210211001100
2210211011011
2210211100001
2210211110110
2211000000101
2211000011000
2211000100010
2211000111111
2211001001110
2211001010011
2211001101001
2211001110100
2211010001011
2211010010110
2211010101100
2211010110001
2211011000000
2211011011101
2211011100111
2211011111010
2211100000101
2211100011000
2211100100010
2211100111111
2211101001110
2211101010011
2211101101001
2211101110100
2211110001011
2211110010110
2211110101100
2211110110001
2211111000000
2211111011101
2211111100111
2211111111010
2211200000101
2211200011000
2211200100010
2211200111111
2211201001110
2211201010011
2211201101001
2211201110100
2211210001011
2211210010110
2211210101100
2211210110001
2211211000000
2211211011101
2211211100111
2211211111010
2212000001100
2212000011011
2212000100001
2212000110110
2212001000010
2212001010101
2212001101111
2212001111000
2212010000111
2212010010000
2212010101010
2212010111101
2212011001001
2212011011110
2212011100100
2212011110011
2212100001100
2212100011011
2212100100001
2212100110110
2212101000010
2212101010101
2212101101111
2212101111000
2212110000111
2212110010000
2212110101010
2212110111101
2212111001001
2212111011110
2212111100100
2212111110011
2212200001100
2212200011011
2212200100001
2212200110110
2212201000010
2212201010101
2212201101111
2212201111000
2212210000111
2212210010000
2212210101010
2212210111101
2212211001001
2212211011110
2212211100100
2212211110011
2220000000000
2220000011101
2220000100111
2220000111010
2220001001011
2220001010110
2220001101100
2220001110001
2220010001110
2220010010011
2220010101001
2220010110100
2220011000101
2220011011000
2220011100010
2220011111111
2220100000000
2220100011101
2220100100111
2220100111010
2220101001011
2220101010110
2220101101100
2220101110001
2220110001110
2220110010011
2220110101001
2220110110100
2220111000101
2220111011000
2220111100010
2220111111111
2220200000000
2220200011101
2220200100111
2220200111010
2220201001011
2220201010110
2220201101100
2220201110001
2220210001110
2220210010011
2220210101001
2220210110100
2220211000101
2220211011000
2220211100010
2220211111111
2221000000110
2221000010001
2221000101011
2221000111100
2221001001101
2221001011010
2221001100000
2221001110111
2221010001000
2221010011111
2221010100101
2221010110010
2221011000011
2221011010100
2221011101110
2221011111001
2221100000110
2221100010001
2221100101011
2221100111100
2221101001101
2221101011010
2221101100000
2221101110111
2221110001000
2221110011111
2221110100101
2221110110010
2221111000011
2221111010100
2221111101110
2221111111001
2221200000110
2221200010001
2221200101011
2221200111100
2221201001101
2221201011010
2221201100000
2221201110111
2221210001000
2221210011111
2221210100101
2221210110010
2221211000011
2221211010100
2221211101110
2221211111001
2222000000011
2222000010100
2222000101110
2222000111001
2222001001000
2222001011111
2222001100101
2222001110010
2222010001101
2222010011010
2222010100000
2222010110111
2222011000110
2222011010001
2222011101011
2222011111100
2222100000011
2222100010100
2222100101110
2222100111001
2222101001000
2222101011111
2222101100101
2222101110010
2222110001101
2222110011010
2222110100000
2222110110111
2222111000110
2222111010001
2222111101011
2222111111100
2222200000011
2222200010100
2222200101110
2222200111001
2222201001000
2222201011111
2222201100101
2222201110010
2222210001101
2222210011010
2222210100000
2222210110111
2222211000110
2222211010001
2222211101011
2222211111100