00000010011
00000011100
00000100011
00000101100
00001000000
00001000110
00001001001
00001001111
00001110110
00001111001
00002010101
00002011010
00002100101
00002101010
00010010110
00010011001
00010100110
00010101001
00011010101
00011011010
00011100101
00011101010
00012000011
00012001100
00012110000
00012110011
00012111100
00012111111
00020000000
00020000101
00020001010
00020110101
00020111010
00020111111
00021010011
00021011100
00021100011
00021101100
00022010110
00022011001
00022100110
00022101001
00100011111
00100100000
00101010001
00101010010
00101010100
00101011000
00101100111
00101101011
00101101101
00101110000
00101110011
00101110101
00101111001
00102000001
00102001110
00102011110
00102111110
00110010000
00110101111
00110110001
00111000001
00111001110
00111011110
00111111110
00112010111
00112011011
00112011101
00112011110
00112100010
00112100100
00112101000
00120000011
00120000101
00120000110
00120001001
00120001010
00120001100
00120101110
00120110110
00120111010
00120111100
00121011111
00121100000
00122010000
00122101111
00122110001
00200000100
00200001011
00200110100
00200111011
00201010001
00201010111
00201011000
00201100111
00201101000
00201101110
00202000010
00202001101
00202110010
00202111101
00210000111
00210001000
00210110111
00210111000
00211000010
00211001101
00211110010
00211111101
00212010001
00212010100
00212011011
00212100100
00212101011
00212101110
00220010010
00220011101
00220011110
00220100001
00220100010
00220101101
00221000100
00221001011
00221110100
00221111011
00222000111
00222001000
00222110111
00222111000
01000001110
01000010000
01000101111
01000110000
01001000011
01001000101
01001001001
01001100001
01001101110
01001110110
01001111010
01001111100
01001111111
01002011111
01002100000
01002110001
01010000001
01010001111
01010111110
01011011111
01011100000
01011110001
01012000000
01012000110
01012001010
01012001100
01012001111
01012010010
01012010100
01012011000
01012100111
01012101011
01012101101
01020010111
01020011011
01020011101
01020100010
01020100100
01020101000
01020110000
01020110011
01020110101
01020111001
01021001110
01021010000
01021101111
01021110000
01022000001
01022001111
01022111110
01100000010
01100001101
01100110010
01100111101
01101010001
01101010100
01101011011
01101100100
01101101011
01101101110
01102000111
01102001000
01102110111
01102111000
01110000100
01110001011
01110110100
01110111011
01111000111
01111001000
01111110111
01111111000
01112010010
01112011101
01112100001
01112100010
01112101101
01112101110
01120010001
01120010111
01120011000
01120011110
01120100111
01120101000
01121000010
01121001101
01121110010
01121111101
01122000100
01122001011
01122110100
01122111011
01200010101
01200011010
01200100101
01200101010
01201000000
01201000011
01201001100
01201001111
01201110011
01201111100
01202010110
01202011001
01202100110
01202101001
01210010011
01210011100
01210100011
01210101100
01211010110
01211011001
01211100110
01211101001
01212000101
01212001010
01212110000
01212110101
01212111010
01212111111
01220000000
01220000110
01220001001
01220110110
01220111001
01220111111
01221010101
01221011010
01221100101
01221101010
01222010011
01222011100
01222100011
01222101100
02000000111
02000001000
02000110111
02000111000
02001010001
02001010010
02001011101
02001011110
02001100010
02001101101
02002000100
02002001011
02002110100
02002111011
02010000010
02010001101
02010110010
02010111101
02011000100
02011001011
02011110100
02011111011
02012010001
02012010111
02012011000
02012100111
02012101000
02012101110
02020010100
02020011011
02020011110
02020100001
02020100100
02020101011
02021000111
02021001000
02021110111
02021111000
02022000010
02022001101
02022110010
02022111101
02100010110
02100011001
02100100110
02100101001
02101000000
02101000101
02101001010
02101110101
02101111010
02101111111
02102010011
02102011100
02102100011
02102101100
02110010101
02110011010
02110100101
02110101010
02111010011
02111011100
02111100011
02111101100
02112000000
02112000110
02112001001
02112001111
02112110110
02112111001
02120000011
02120001100
02120110000
02120110011
02120111100
02120111111
02121010110
02121011001
02121100110
02121101001
02122010101
02122011010
02122100101
02122101010
02200000001
02200110001
02200111110
02201000110
02201001010
02201001100
02201010111
02201011011
02201011101
02201011110
02201100010
02201100100
02201101000
02202010000
02202100001
02202101111
02210001110
02210011111
02210100000
02211010000
02211100001
02211101111
02212000011
02212000101
02212001001
02212100001
02212110011
02212110101
02212110110
02212111001
02212111010
02212111100
02220001111
02220010001
02220010010
02220010100
02220011000
02220100111
02220101011
02220101101
02221000001
02221110001
02221111110
02222001110
02222011111
02222100000
10000000001
10000010001
10000110001
10000111110
10001000110
10001001010
10001001100
10001010111
10001011011
10001011101
10001011110
10001100010
10001100100
10001101000
10002010000
10002101111
10010001110
10010011111
10010100000
10011010000
10011101111
10012000011
10012000101
10012001001
10012100001
10012110011
10012110101
10012110110
10012111001
10012111010
10012111100
10020001111
10020010001
10020010010
10020010100
10020011000
10020100111
10020101011
10020101101
10021000001
10021010001
10021110001
10021111110
10022001110
10022011111
10022100000
10100000111
10100001000
10100110111
10100111000
10101010010
10101011101
10101100001
10101100010
10101101101
10101101110
10102000100
10102001011
10102110100
10102111011
10110000010
10110001101
10110110010
10110111101
10111000100
10111001011
10111110100
10111111011
10112010001
10112010111
10112011000
10112100111
10112101000
10112101110
10120010100
10120011011
10120011110
10120100001
10120100100
10120101011
10121000111
10121001000
10121110111
10121111000
10122000010
10122001101
10122110010
10122111101
10200010110
10200011001
10200100110
10200101001
10201000101
10201001010
10201001111
10201110000
10201110101
10201111010
10202010011
10202011100
10202100011
10202101100
10210010101
10210011010
10210100101
10210101010
10211010011
10211011100
10211100011
10211101100
10212000000
10212000110
10212001001
10212110000
10212110110
10212111001
10212111111
10220000000
10220000011
10220001100
10220001111
10220110011
10220111100
10220111111
10221010110
10221011001
10221100110
10221101001
10222010101
10222011010
10222100101
10222101010
11000000100
11000001011
11000110100
11000111011
11001010111
11001011000
11001011110
11001100001
11001100111
11001101000
11002000010
11002001101
11002110010
11002111101
11010000111
11010001000
11010110111
11010111000
11011000010
11011001101
11011110010
11011111101
11012010001
11012010100
11012011011
11012011110
11012100100
11012101011
11020010010
11020011101
11020100001
11020100010
11020101101
11020101110
11021000100
11021001011
11021110100
11021111011
11022000111
11022001000
11022110111
11022111000
11100010011
11100011100
11100100011
11100101100
11101000000
11101000110
11101001001
11101110110
11101111001
11101111111
11102010101
11102011010
11102100101
11102101010
11110010110
11110011001
11110100110
11110101001
11111010101
11111011010
11111100101
11111101010
11112000000
11112000011
11112001100
11112001111
11112110011
11112111100
11120000101
11120001010
11120110000
11120110101
11120111010
11120111111
11121010011
11121011100
11121100011
11121101100
11122010110
11122011001
11122100110
11122101001
11200011111
11200100000
11201010001
11201010010
11201010100
11201011000
11201100111
11201101011
11201101101
11201110000
11201110011
11201110101
11201111001
11202000001
11202001110
11202101110
11202111110
11210010000
11210101111
11210110001
11211000001
11211001110
11211101110
11211111110
11212010111
11212011011
11212011101
11212100010
11212100100
11212101000
11212101110
11220000011
11220000101
11220000110
11220001001
11220001010
11220001100
11220011110
11220110110
11220111010
11220111100
11221011111
11221100000
11222010000
11222101111
11222110001
12000010101
12000011010
12000100101
12000101010
12001000000
12001000011
12001001100
12001110011
12001111100
12001111111
12002010110
12002011001
12002100110
12002101001
12010010011
12010011100
12010100011
12010101100
12011010110
12011011001
12011100110
12011101001
12012000000
12012000101
12012001010
12012001111
12012110101
12012111010
12020000110
12020001001
12020110000
12020110110
12020111001
12020111111
12021010101
12021011010
12021100101
12021101010
12022010011
12022011100
12022100011
12022101100
12100001110
12100001111
12100010000
12100101111
12101000011
12101000101
12101001001
12101001111
12101100001
12101101110
12101110110
12101111010
12101111100
12102011111
12102100000
12102110000
12102110001
12110000001
12110111110
12111011111
12111100000
12111110000
12111110001
12112000110
12112001010
12112001100
12112010010
12112010100
12112011000
12112100111
12112101011
12112101101
12112110000
12112111111
12120000000
12120010111
12120011011
12120011101
12120100010
12120100100
12120101000
12120110011
12120110101
12120111001
12121001110
12121001111
12121010000
12121101111
12122000001
12122111110
12200000010
12200001101
12200110010
12200111101
12201010001
12201010100
12201011011
12201011110
12201100100
12201101011
12202000111
12202001000
12202110111
12202111000
12210000100
12210001011
12210110100
12210111011
12211000111
12211001000
12211110111
12211111000
12212010001
12212010010
12212011101
12212011110
12212100010
12212101101
12220010111
12220011000
12220100001
12220100111
12220101000
12220101110
12221000010
12221001101
12221110010
12221111101
12222000100
12222001011
12222110100
12222111011
20000000010
20000001101
20000110010
20000111101
20001010100
20001011011
20001011110
20001100001
20001100100
20001101011
20002000111
20002001000
20002110111
20002111000
20010000100
20010001011
20010110100
20010111011
20011000111
20011001000
20011110111
20011111000
20012010001
20012010010
20012011101
20012100010
20012101101
20012101110
20020010111
20020011000
20020011110
20020100001
20020100111
20020101000
20021000010
20021001101
20021110010
20021111101
20022000100
20022001011
20022110100
20022111011
20100010101
20100011010
20100100101
20100101010
20101000011
20101001100
20101001111
20101110000
20101110011
20101111100
20102010110
20102011001
20102100110
20102101001
20110010011
20110011100
20110100011
20110101100
20111010110
20111011001
20111100110
20111101001
20112000000
20112000101
20112001010
20112110000
20112110101
20112111010
20112111111
20120000000
20120000110
20120001001
20120001111
20120110110
20120111001
20120111111
20121010101
20121011010
20121100101
20121101010
20122010011
20122011100
20122100011
20122101100
20200001110
20200010000
20200101111
20201000000
20201000011
20201000101
20201001001
20201100001
20201101110
20201110110
20201111010
20201111100
20201111111
20202011111
20202100000
20202110001
20210000001
20210111110
20211011111
20211100000
20211110001
20212000110
20212001010
20212001100
20212001111
20212010010
20212010100
20212011000
20212100111
20212101011
20212101101
20220010111
20220011011
20220011101
20220100010
20220100100
20220101000
20220110000
20220110011
20220110101
20220111001
20221001110
20221010000
20221101111
20222000001
20222111110
21000010110
21000011001
21000100110
21000101001
21001000000
21001000101
21001001010
21001001111
21001110101
21001111010
21002010011
21002011100
21002100011
21002101100
21010010101
21010011010
21010100101
21010101010
21011010011
21011011100
21011100011
21011101100
21012000110
21012001001
21012110000
21012110110
21012111001
21012111111
21020000000
21020000011
21020001100
21020110011
21020111100
21020111111
21021010110
21021011001
21021100110
21021101001
21022010101
21022011010
21022100101
21022101010
21100000001
21100100001
21100110001
21100111110
21101000110
21101001010
21101001100
21101010111
21101011011
21101011101
21101011110
21101100010
21101100100
21101101000
21102010000
21102101111
21110001110
21110011111
21110100000
21111010000
21111101111
21112000011
21112000101
21112001001
21112010001
21112110011
21112110101
21112110110
21112111001
21112111010
21112111100
21120001111
21120010010
21120010100
21120011000
21120100001
21120100111
21120101011
21120101101
21121000001
21121100001
21121110001
21121111110
21122001110
21122011111
21122100000
21200000111
21200001000
21200110111
21200111000
21201010001
21201010010
21201011101
21201011110
21201100010
21201101101
21202000100
21202001011
21202110100
21202111011
21210000010
21210001101
21210110010
21210111101
21211000100
21211001011
21211110100
21211111011
21212010111
21212011000
21212011110
21212100001
21212100111
21212101000
21220010001
21220010100
21220011011
21220100100
21220101011
21220101110
21221000111
21221001000
21221110111
21221111000
21222000010
21222001101
21222110010
21222111101
22000011111
22000100000
22000101110
22001010001
22001010010
22001010100
22001011000
22001100111
22001101011
22001101101
22001110000
22001110011
22001110101
22001111001
22002000001
22002001110
22002111110
22010010000
22010101111
22010110001
22011000001
22011001110
22011111110
22012010111
22012011011
22012011101
22012011110
22012100010
22012100100
22012101000
22020000011
22020000101
22020000110
22020001001
22020001010
22020001100
22020101110
22020110110
22020111010
22020111100
22021011111
22021100000
22021101110
22022010000
22022101111
22022110001
22100000100
22100001011
22100110100
22100111011
22101010001
22101010111
22101011000
22101011110
22101100111
22101101000
22102000010
22102001101
22102110010
22102111101
22110000111
22110001000
22110110111
22110111000
22111000010
22111001101
22111110010
22111111101
22112010100
22112011011
22112100001
22112100100
22112101011
22112101110
22120010001
22120010010
22120011101
22120011110
22120100010
22120101101
22121000100
22121001011
22121110100
22121111011
22122000111
22122001000
22122110111
22122111000
22200010011
22200011100
22200100011
22200101100
22201000110
22201001001
22201001111
22201110000
22201110110
22201111001
22202010101
22202011010
22202100101
22202101010
22210010110
22210011001
22210100110
22210101001
22211010101
22211011010
22211100101
22211101010
22212000000
22212000011
22212001100
22212110000
22212110011
22212111100
22212111111
22220000000
22220000101
22220001010
22220001111
22220110101
22220111010
22220111111
22221010011
22221011100
22221100011
22221101100
22222010110
22222011001
22222100110
22222101001