000000000000
000000011101
000000101110
000000110011
000001001011
000001010110
000001100101
000001111000
000010000111
000010011010
000010101001
000010110100
000011001100
000011010001
000011100010
000011111111
000020000000
000020011101
000020101110
000020110011
000021001011
000021010110
000021100101
000021111000
000100000101
000100011000
000100101011
000100110110
000101001110
000101010011
000101100000
000101111101
000110000010
000110011111
000110101100
000110110001
000111001001
000111010100
000111100111
000111111010
000120000101
000120011000
000120101011
000120110110
000121001110
000121010011
000121100000
000121111101
000200001001
000200010100
000200100111
000200111010
000201000010
000201011111
000201101100
000201110001
000210001110
000210010011
000210100000
000210111101
000211000101
000211011000
000211101011
000211110110
000220001001
000220010100
000220100111
000220111010
000221000010
000221011111
000221101100
000221110001
001000001100
001000010001
001000100010
001000111111
001001000111
001001011010
001001101001
001001110100
001010001011
001010010110
001010100101
001010111000
001011000000
001011011101
001011101110
001011110011
001020001100
001020010001
001020100010
001020111111
001021000111
001021011010
001021101001
001021110100
001100001111
001100010010
001100100100
001100111001
001101001000
001101010101
001101100011
001101111110
001110000001
001110011100
001110101010
001110110111
001111000110
001111011011
001111101101
001111110000
001120001111
001120010010
001120100100
001120111001
001121001000
001121010101
001121100011
001121111110
001200001010
001200010111
001200100001
001200111100
001201000100
001201011001
001201101111
001201110010
001210001101
001210010000
001210100110
001210111011
001211000011
001211011110
001211101000
001211110101
001220001010
001220010111
001220100001
001220111100
001221000100
001221011001
001221101111
001221110010
002000000110
002000011011
002000101101
002000110000
002001000001
002001011100
002001101010
002001110111
002010001000
002010010101
002010100011
002010111110
002011001111
002011010010
002011100100
002011111001
002020000110
002020011011
002020101101
002020110000
002021000001
002021011100
002021101010
002021110111
002100000011
002100011110
002100101000
002100110101
002101001101
002101010000
002101100110
002101111011
002110000100
002110011001
002110101111
002110110010
002111001010
002111010111
002111100001
002111111100
002120000011
002120011110
002120101000
002120110101
002121001101
002121010000
002121100110
002121111011
002200000000
002200011101
002200101110
002200110011
002201001011
002201010110
002201100101
002201111000
002210000111
002210011010
002210101001
002210110100
002211001100
002211010001
002211100010
002211111111
002220000000
002220011101
002220101110
002220110011
002221001011
002221010110
002221100101
002221111000
010000000000
010000011101
010000101110
010000110011
010001001011
010001010110
010001100101
010001111000
010010000111
010010011010
010010101001
010010110100
010011001100
010011010001
010011100010
010011111111
010020000000
010020011101
010020101110
010020110011
010021001011
010021010110
010021100101
010021111000
010100000110
010100011011
010100101101
010100110000
010101000001
010101011100
010101101010
010101110111
010110001000
010110010101
010110100011
010110111110
010111001111
010111010010
010111100100
010111111001
010120000110
010120011011
010120101101
010120110000
010121000001
010121011100
010121101010
010121110111
010200000011
010200011110
010200101000
010200110101
010201001101
010201010000
010201100110
010201111011
010210000100
010210011001
010210101111
010210110010
010211001010
010211010111
010211100001
010211111100
010220000011
010220011110
010220101000
010220110101
010221001101
010221010000
010221100110
010221111011
011000001001
011000010100
011000100111
011000111010
011001000010
011001011111
011001101100
011001110001
011010001110
011010010011
011010100000
011010111101
011011000101
011011011000
011011101011
011011110110
011020001001
011020010100
011020100111
011020111010
011021000010
011021011111
011021101100
011021110001
011100000000
011100011101
011100101110
011100110011
011101001011
011101010110
011101100101
011101111000
011110000111
011110011010
011110101001
011110110100
011111001100
011111010001
011111100010
011111111111
011120000000
011120011101
011120101110
011120110011
011121001011
011121010110
011121100101
011121111000
011200000101
011200011000
011200101011
011200110110
011201001110
011201010011
011201100000
011201111101
011210000010
011210011111
011210101100
011210110001
011211001001
011211010100
011211100111
011211111010
011220000101
011220011000
011220101011
011220110110
011221001110
011221010011
011221100000
011221111101
012000001010
012000010111
012000100001
012000111100
012001000100
012001011001
012001101111
012001110010
012010001101
012010010000
012010100110
012010111011
012011000011
012011011110
012011101000
012011110101
012020001010
012020010111
012020100001
012020111100
012021000100
012021011001
012021101111
012021110010
012100001100
012100010001
012100100010
012100111111
012101000111
012101011010
012101101001
012101110100
012110001011
012110010110
012110100101
012110111000
012111000000
012111011101
012111101110
012111110011
012120001100
012120010001
012120100010
012120111111
012121000111
012121011010
012121101001
012121110100
012200001111
012200010010
012200100100
012200111001
012201001000
012201010101
012201100011
012201111110
012210000001
012210011100
012210101010
012210110111
012211000110
012211011011
012211101101
012211110000
012220001111
012220010010
012220100100
012220111001
012221001000
012221010101
012221100011
012221111110
020000001111
020000010010
020000100100
020000111001
020001001000
020001010101
020001100011
020001111110
020010000001
020010011100
020010101010
020010110111
020011000110
020011011011
020011101101
020011110000
020020001111
020020010010
020020100100
020020111001
020021001000
020021010101
020021100011
020021111110
020100001010
020100010111
020100100001
020100111100
020101000100
020101011001
020101101111
020101110010
020110001101
020110010000
020110100110
020110111011
020111000011
020111011110
020111101000
020111110101
020120001010
020120010111
020120100001
020120111100
020121000100
020121011001
020121101111
020121110010
020200001100
020200010001
020200100010
020200111111
020201000111
020201011010
020201101001
020201110100
020210001011
020210010110
020210100101
020210111000
020211000000
020211011101
020211101110
020211110011
020220001100
020220010001
020220100010
020220111111
020221000111
020221011010
020221101001
020221110100
021000000011
021000011110
021000101000
021000110101
021001001101
021001010000
021001100110
021001111011
021010000100
021010011001
021010101111
021010110010
021011001010
021011010111
021011100001
021011111100
021020000011
021020011110
021020101000
021020110101
021021001101
021021010000
021021100110
021021111011
021100000000
021100011101
021100101110
021100110011
021101001011
021101010110
021101100101
021101111000
021110000111
021110011010
021110101001
021110110100
021111001100
021111010001
021111100010
021111111111
021120000000
021120011101
021120101110
021120110011
021121001011
021121010110
021121100101
021121111000
021200000110
021200011011
021200101101
021200110000
021201000001
021201011100
021201101010
021201110111
021210001000
021210010101
021210100011
021210111110
021211001111
021211010010
021211100100
021211111001
021220000110
021220011011
021220101101
021220110000
021221000001
021221011100
021221101010
021221110111
022000000101
022000011000
022000101011
022000110110
022001001110
022001010011
022001100000
022001111101
022010000010
022010011111
022010101100
022010110001
022011001001
022011010100
022011100111
022011111010
022020000101
022020011000
022020101011
022020110110
022021001110
022021010011
022021100000
022021111101
022100001001
022100010100
022100100111
022100111010
022101000010
022101011111
022101101100
022101110001
022110001110
022110010011
022110100000
022110111101
022111000101
022111011000
022111101011
022111110110
022120001001
022120010100
022120100111
022120111010
022121000010
022121011111
022121101100
022121110001
022200000000
022200011101
022200101110
022200110011
022201001011
022201010110
022201100101
022201111000
022210000111
022210011010
022210101001
022210110100
022211001100
022211010001
022211100010
022211111111
022220000000
022220011101
022220101110
022220110011
022221001011
022221010110
022221100101
022221111000
100000000011
100000011110
100000101000
100000110101
100001001101
100001010000
100001100110
100001111011
100010000100
100010011001
100010101111
100010110010
100011001010
100011010111
100011100001
100011111100
100020000011
100020011110
100020101000
100020110101
100021001101
100021010000
100021100110
100021111011
100100000000
100100011101
100100101110
100100110011
100101001011
100101010110
100101100101
100101111000
100110000111
100110011010
100110101001
100110110100
100111001100
100111010001
100111100010
100111111111
100120000000
100120011101
100120101110
100120110011
100121001011
100121010110
100121100101
100121111000
100200000110
100200011011
100200101101
100200110000
100201000001
100201011100
100201101010
100201110111
100210001000
100210010101
100210100011
100210111110
100211001111
100211010010
100211100100
100211111001
100220000110
100220011011
100220101101
100220110000
100221000001
100221011100
100221101010
100221110111
101000000101
101000011000
101000101011
101000110110
101001001110
101001010011
101001100000
101001111101
101010000010
101010011111
101010101100
101010110001
101011001001
101011010100
101011100111
101011111010
101020000101
101020011000
101020101011
101020110110
101021001110
101021010011
101021100000
101021111101
101100001001
101100010100
101100100111
101100111010
101101000010
101101011111
101101101100
101101110001
101110001110
101110010011
101110100000
101110111101
101111000101
101111011000
101111101011
101111110110
101120001001
101120010100
101120100111
101120111010
101121000010
101121011111
101121101100
101121110001
101200000000
101200011101
101200101110
101200110011
101201001011
101201010110
101201100101
101201111000
101210000111
101210011010
101210101001
101210110100
101211001100
101211010001
101211100010
101211111111
101220000000
101220011101
101220101110
101220110011
101221001011
101221010110
101221100101
101221111000
102000001111
102000010010
102000100100
102000111001
102001001000
102001010101
102001100011
102001111110
102010000001
102010011100
102010101010
102010110111
102011000110
102011011011
102011101101
102011110000
102020001111
102020010010
102020100100
102020111001
102021001000
102021010101
102021100011
102021111110
102100001010
102100010111
102100100001
102100111100
102101000100
102101011001
102101101111
102101110010
102110001101
102110010000
102110100110
102110111011
102111000011
102111011110
102111101000
102111110101
102120001010
102120010111
102120100001
102120111100
102121000100
102121011001
102121101111
102121110010
102200001100
102200010001
102200100010
102200111111
102201000111
102201011010
102201101001
102201110100
102210001011
102210010110
102210100101
102210111000
102211000000
102211011101
102211101110
102211110011
102220001100
102220010001
102220100010
102220111111
102221000111
102221011010
102221101001
102221110100
110000001100
110000010001
110000100010
110000111111
110001000111
110001011010
110001101001
110001110100
110010001011
110010010110
110010100101
110010111000
110011000000
110011011101
110011101110
110011110011
110020001100
110020010001
110020100010
110020111111
110021000111
110021011010
110021101001
110021110100
110100001111
110100010010
110100100100
110100111001
110101001000
110101010101
110101100011
110101111110
110110000001
110110011100
110110101010
110110110111
110111000110
110111011011
110111101101
110111110000
110120001111
110120010010
110120100100
110120111001
110121001000
110121010101
110121100011
110121111110
110200001010
110200010111
110200100001
110200111100
110201000100
110201011001
110201101111
110201110010
110210001101
110210010000
110210100110
110210111011
110211000011
110211011110
110211101000
110211110101
110220001010
110220010111
110220100001
110220111100
110221000100
110221011001
110221101111
110221110010
111000000110
111000011011
111000101101
111000110000
111001000001
111001011100
111001101010
111001110111
111010001000
111010010101
111010100011
111010111110
111011001111
111011010010
111011100100
111011111001
111020000110
111020011011
111020101101
111020110000
111021000001
111021011100
111021101010
111021110111
111100000011
111100011110
111100101000
111100110101
111101001101
111101010000
111101100110
111101111011
111110000100
111110011001
111110101111
111110110010
111111001010
111111010111
111111100001
111111111100
111120000011
111120011110
111120101000
111120110101
111121001101
111121010000
111121100110
111121111011
111200000000
111200011101
111200101110
111200110011
111201001011
111201010110
111201100101
111201111000
111210000111
111210011010
111210101001
111210110100
111211001100
111211010001
111211100010
111211111111
111220000000
111220011101
111220101110
111220110011
111221001011
111221010110
111221100101
111221111000
112000000000
112000011101
112000101110
112000110011
112001001011
112001010110
112001100101
112001111000
112010000111
112010011010
112010101001
112010110100
112011001100
112011010001
112011100010
112011111111
112020000000
112020011101
112020101110
112020110011
112021001011
112021010110
112021100101
112021111000
112100000101
112100011000
112100101011
112100110110
112101001110
112101010011
112101100000
112101111101
112110000010
112110011111
112110101100
112110110001
112111001001
112111010100
112111100111
112111111010
112120000101
112120011000
112120101011
112120110110
112121001110
112121010011
112121100000
112121111101
112200001001
112200010100
112200100111
112200111010
112201000010
112201011111
112201101100
112201110001
112210001110
112210010011
112210100000
112210111101
112211000101
112211011000
112211101011
112211110110
112220001001
112220010100
112220100111
112220111010
112221000010
112221011111
112221101100
112221110001
120000001001
120000010100
120000100111
120000111010
120001000010
120001011111
120001101100
120001110001
120010001110
120010010011
120010100000
120010111101
120011000101
120011011000
120011101011
120011110110
120020001001
120020010100
120020100111
120020111010
120021000010
120021011111
120021101100
120021110001
120100000000
120100011101
120100101110
120100110011
120101001011
120101010110
120101100101
120101111000
120110000111
120110011010
120110101001
120110110100
120111001100
120111010001
120111100010
120111111111
120120000000
120120011101
120120101110
120120110011
120121001011
120121010110
120121100101
120121111000
120200000101
120200011000
120200101011
120200110110
120201001110
120201010011
120201100000
120201111101
120210000010
120210011111
120210101100
120210110001
120211001001
120211010100
120211100111
120211111010
120220000101
120220011000
120220101011
120220110110
120221001110
120221010011
120221100000
120221111101
121000001010
121000010111
121000100001
121000111100
121001000100
121001011001
121001101111
121001110010
121010001101
121010010000
121010100110
121010111011
121011000011
121011011110
121011101000
121011110101
121020001010
121020010111
121020100001
121020111100
121021000100
121021011001
121021101111
121021110010
121100001100
121100010001
121100100010
121100111111
121101000111
121101011010
121101101001
121101110100
121110001011
121110010110
121110100101
121110111000
121111000000
121111011101
121111101110
121111110011
121120001100
121120010001
121120100010
121120111111
121121000111
121121011010
121121101001
121121110100
121200001111
121200010010
121200100100
121200111001
121201001000
121201010101
121201100011
121201111110
121210000001
121210011100
121210101010
121210110111
121211000110
121211011011
121211101101
121211110000
121220001111
121220010010
121220100100
121220111001
121221001000
121221010101
121221100011
121221111110
122000000000
122000011101
122000101110
122000110011
122001001011
122001010110
122001100101
122001111000
122010000111
122010011010
122010101001
122010110100
122011001100
122011010001
122011100010
122011111111
122020000000
122020011101
122020101110
122020110011
122021001011
122021010110
122021100101
122021111000
122100000110
122100011011
122100101101
122100110000
122101000001
122101011100
122101101010
122101110111
122110001000
122110010101
122110100011
122110111110
122111001111
122111010010
122111100100
122111111001
122120000110
122120011011
122120101101
122120110000
122121000001
122121011100
122121101010
122121110111
122200000011
122200011110
122200101000
122200110101
122201001101
122201010000
122201100110
122201111011
122210000100
122210011001
122210101111
122210110010
122211001010
122211010111
122211100001
122211111100
122220000011
122220011110
122220101000
122220110101
122221001101
122221010000
122221100110
122221111011
200000001010
200000010111
200000100001
200000111100
200001000100
200001011001
200001101111
200001110010
200010001101
200010010000
200010100110
200010111011
200011000011
200011011110
200011101000
200011110101
200020001010
200020010111
200020100001
200020111100
200021000100
200021011001
200021101111
200021110010
200100001100
200100010001
200100100010
200100111111
200101000111
200101011010
200101101001
200101110100
200110001011
200110010110
200110100101
200110111000
200111000000
200111011101
200111101110
200111110011
200120001100
200120010001
200120100010
200120111111
200121000111
200121011010
200121101001
200121110100
200200001111
200200010010
200200100100
200200111001
200201001000
200201010101
200201100011
200201111110
200210000001
200210011100
200210101010
200210110111
200211000110
200211011011
200211101101
200211110000
200220001111
200220010010
200220100100
200220111001
200221001000
200221010101
200221100011
200221111110
201000000000
201000011101
201000101110
201000110011
201001001011
201001010110
201001100101
201001111000
201010000111
201010011010
201010101001
201010110100
201011001100
201011010001
201011100010
201011111111
201020000000
201020011101
201020101110
201020110011
201021001011
201021010110
201021100101
201021111000
201100000110
201100011011
201100101101
201100110000
201101000001
201101011100
201101101010
201101110111
201110001000
201110010101
201110100011
201110111110
201111001111
201111010010
201111100100
201111111001
201120000110
201120011011
201120101101
201120110000
201121000001
201121011100
201121101010
201121110111
201200000011
201200011110
201200101000
201200110101
201201001101
201201010000
201201100110
201201111011
201210000100
201210011001
201210101111
201210110010
201211001010
201211010111
201211100001
201211111100
201220000011
201220011110
201220101000
201220110101
201221001101
201221010000
201221100110
201221111011
202000001001
202000010100
202000100111
202000111010
202001000010
202001011111
202001101100
202001110001
202010001110
202010010011
202010100000
202010111101
202011000101
202011011000
202011101011
202011110110
202020001001
202020010100
202020100111
202020111010
202021000010
202021011111
202021101100
202021110001
202100000000
202100011101
202100101110
202100110011
202101001011
202101010110
202101100101
202101111000
202110000111
202110011010
202110101001
202110110100
202111001100
202111010001
202111100010
202111111111
202120000000
202120011101
202120101110
202120110011
202121001011
202121010110
202121100101
202121111000
202200000101
202200011000
202200101011
202200110110
202201001110
202201010011
202201100000
202201111101
202210000010
202210011111
202210101100
202210110001
202211001001
202211010100
202211100111
202211111010
202220000101
202220011000
202220101011
202220110110
202221001110
202221010011
202221100000
202221111101
210000000101
210000011000
210000101011
210000110110
210001001110
210001010011
210001100000
210001111101
210010000010
210010011111
210010101100
210010110001
210011001001
210011010100
210011100111
210011111010
210020000101
210020011000
210020101011
210020110110
210021001110
210021010011
210021100000
210021111101
210100001001
210100010100
210100100111
210100111010
210101000010
210101011111
210101101100
210101110001
210110001110
210110010011
210110100000
210110111101
210111000101
210111011000
210111101011
210111110110
210120001001
210120010100
210120100111
210120111010
210121000010
210121011111
210121101100
210121110001
210200000000
210200011101
210200101110
210200110011
210201001011
210201010110
210201100101
210201111000
210210000111
210210011010
210210101001
210210110100
210211001100
210211010001
210211100010
210211111111
210220000000
210220011101
210220101110
210220110011
210221001011
210221010110
210221100101
210221111000
211000001111
211000010010
211000100100
211000111001
211001001000
211001010101
211001100011
211001111110
211010000001
211010011100
211010101010
211010110111
211011000110
211011011011
211011101101
211011110000
211020001111
211020010010
211020100100
211020111001
211021001000
211021010101
211021100011
211021111110
211100001010
211100010111
211100100001
211100111100
211101000100
211101011001
211101101111
211101110010
211110001101
211110010000
211110100110
211110111011
211111000011
211111011110
211111101000
211111110101
211120001010
211120010111
211120100001
211120111100
211121000100
211121011001
211121101111
211121110010
211200001100
211200010001
211200100010
211200111111
211201000111
211201011010
211201101001
211201110100
211210001011
211210010110
211210100101
211210111000
211211000000
211211011101
211211101110
211211110011
211220001100
211220010001
211220100010
211220111111
211221000111
211221011010
211221101001
211221110100
212000000011
212000011110
212000101000
212000110101
212001001101
212001010000
212001100110
212001111011
212010000100
212010011001
212010101111
212010110010
212011001010
212011010111
212011100001
212011111100
212020000011
212020011110
212020101000
212020110101
212021001101
212021010000
212021100110
212021111011
212100000000
212100011101
212100101110
212100110011
212101001011
212101010110
212101100101
212101111000
212110000111
212110011010
212110101001
212110110100
212111001100
212111010001
212111100010
212111111111
212120000000
212120011101
212120101110
212120110011
212121001011
212121010110
212121100101
212121111000
212200000110
212200011011
212200101101
212200110000
212201000001
212201011100
212201101010
212201110111
212210001000
212210010101
212210100011
212210111110
212211001111
212211010010
212211100100
212211111001
212220000110
212220011011
212220101101
212220110000
212221000001
212221011100
212221101010
212221110111
220000000110
220000011011
220000101101
220000110000
220001000001
220001011100
220001101010
220001110111
220010001000
220010010101
220010100011
220010111110
220011001111
220011010010
220011100100
220011111001
220020000110
220020011011
220020101101
220020110000
220021000001
220021011100
220021101010
220021110111
220100000011
220100011110
220100101000
220100110101
220101001101
220101010000
220101100110
220101111011
220110000100
220110011001
220110101111
220110110010
220111001010
220111010111
220111100001
220111111100
220120000011
220120011110
220120101000
220120110101
220121001101
220121010000
220121100110
220121111011
220200000000
220200011101
220200101110
220200110011
220201001011
220201010110
220201100101
220201111000
220210000111
220210011010
220210101001
220210110100
220211001100
220211010001
220211100010
220211111111
220220000000
220220011101
220220101110
220220110011
220221001011
220221010110
220221100101
220221111000
221000000000
221000011101
221000101110
221000110011
221001001011
221001010110
221001100101
221001111000
221010000111
221010011010
221010101001
221010110100
221011001100
221011010001
221011100010
221011111111
221020000000
221020011101
221020101110
221020110011
221021001011
221021010110
221021100101
221021111000
221100000101
221100011000
221100101011
221100110110
221101001110
221101010011
221101100000
221101111101
221110000010
221110011111
221110101100
221110110001
221111001001
221111010100
221111100111
221111111010
221120000101
221120011000
221120101011
221120110110
221121001110
221121010011
221121100000
221121111101
221200001001
221200010100
221200100111
221200111010
221201000010
221201011111
221201101100
221201110001
221210001110
221210010011
221210100000
221210111101
221211000101
221211011000
221211101011
221211110110
221220001001
221220010100
221220100111
221220111010
221221000010
221221011111
221221101100
221221110001
222000001100
222000010001
222000100010
222000111111
222001000111
222001011010
222001101001
222001110100
222010001011
222010010110
222010100101
222010111000
222011000000
222011011101
222011101110
222011110011
222020001100
222020010001
222020100010
222020111111
222021000111
222021011010
222021101001
222021110100
222100001111
222100010010
222100100100
222100111001
222101001000
222101010101
222101100011
222101111110
222110000001
222110011100
222110101010
222110110111
222111000110
222111011011
222111101101
222111110000
222120001111
222120010010
222120100100
222120111001
222121001000
222121010101
222121100011
222121111110
222200001010
222200010111
222200100001
222200111100
222201000100
222201011001
222201101111
222201110010
222210001101
222210010000
222210100110
222210111011
222211000011
222211011110
222211101000
222211110101
222220001010
222220010111
222220100001
222220111100
222221000100
222221011001
222221101111
222221110010