0000010011
0000011100
0000100110
0000101001
0000101111
0000210101
0000211010
0001010110
0001011001
0001011110
0001110101
0001111010
0001200000
0001200011
0001201100
0002000101
0002001010
0002110011
0002111100
0002210110
0002211001
0002211110
0010010000
0010011111
0010100000
0010100011
0010100101
0010101001
0010110001
0010111110
0010201110
0011000001
0011101110
0011210010
0011210100
0011210111
0011211000
0011211011
0011211101
0011211111
0012000001
0012000110
0012001010
0012001100
0012001110
0012010000
0012010001
0012110000
0012111111
0012200001
0020000111
0020001000
0020110100
0020111011
0020111110
0020200010
0020201101
0021000100
0021001011
0021100010
0021101101
0021210001
0021210111
0021211000
0022010010
0022011101
0022100111
0022101000
0022200100
0022201011
0100000000
0100001110
0100010001
0100101111
0100110010
0100110100
0100111000
0100200001
0100211111
0101010000
0101100001
0101111111
0101200110
0101201010
0101201100
0101201110
0101210001
0102000011
0102000101
0102001001
0102010111
0102011011
0102011101
0102011111
0102100000
0102101110
0102110001
0102210000
0110000100
0110001011
0110110010
0110111101
0110111110
0110200111
0110201000
0111000010
0111001101
0111100111
0111101000
0111210001
0111210100
0111211011
0112010111
0112011000
0112100100
0112101011
0112200010
0112201101
0120010101
0120011010
0120100011
0120101100
0120101111
0120210110
0120211001
0121010011
0121011100
0121110110
0121111001
0121200000
0121200101
0121201010
0122000110
0122001001
0122110101
0122111010
0122210011
0122211100
0200000010
0200001101
0200110111
0200111000
0200111110
0200200100
0200201011
0201000111
0201001000
0201001111
0201100100
0201101011
0201210001
0201210010
0201211101
0202010100
0202011011
0202100010
0202101101
0202200111
0202201000
0202201111
0210010110
0210011001
0210100101
0210101010
0210101111
0210210011
0210211100
0211010101
0211011010
0211110011
0211111100
0211200000
0211200110
0211201001
0212000011
0212001100
0212110110
0212111001
0212210101
0212211010
0220000001
0220100001
0220100110
0220101010
0220101100
0220110000
0220110111
0220111011
0220111101
0220210000
0221001110
0221011111
0221110000
0221200011
0221200101
0221201001
0221201111
0221211110
0222000000
0222001111
0222010001
0222010010
0222010100
0222011000
0222011110
0222100001
0222201110
0222211111
1000000001
1000100001
1000100110
1000101010
1000101100
1000110000
1000110111
1000111011
1000111101
1000210000
1001001110
1001011111
1001110000
1001200011
1001200101
1001201001
1001201111
1001211110
1002000000
1002001111
1002010001
1002010010
1002010100
1002011000
1002011110
1002100001
1002201110
1002211111
1010000010
1010001101
1010110111
1010111000
1010111110
1010200100
1010201011
1011000111
1011001000
1011001111
1011100100
1011101011
1011210001
1011210010
1011211101
1012010100
1012011011
1012100010
1012101101
1012200111
1012201000
1012201111
1020010110
1020011001
1020100101
1020101010
1020101111
1020210011
1020211100
1021010101
1021011010
1021110011
1021111100
1021200000
1021200110
1021201001
1022000011
1022001100
1022110110
1022111001
1022210101
1022211010
1100000111
1100001000
1100110100
1100111011
1100111110
1100200010
1100201101
1101000100
1101001011
1101100010
1101101101
1101210001
1101210111
1101211000
1102010010
1102011101
1102100111
1102101000
1102200100
1102201011
1110010011
1110011100
1110100110
1110101001
1110101111
1110210101
1110211010
1111010110
1111011001
1111011110
1111110101
1111111010
1111200000
1111200011
1111201100
1112000101
1112001010
1112110011
1112111100
1112210110
1112211001
1112211110
1120010000
1120011111
1120100000
1120100011
1120100101
1120101001
1120110001
1120111110
1120201110
1121000001
1121101110
1121210010
1121210100
1121210111
1121211000
1121211011
1121211101
1121211111
1122000001
1122000110
1122001010
1122001100
1122001110
1122010000
1122010001
1122110000
1122111111
1122200001
1200010101
1200011010
1200100011
1200101100
1200101111
1200210110
1200211001
1201010011
1201011100
1201110110
1201111001
1201200000
1201200101
1201201010
1202000110
1202001001
1202110101
1202111010
1202210011
1202211100
1210000000
1210001110
1210010001
1210101111
1210110010
1210110100
1210111000
1210200001
1210211111
1211010000
1211100001
1211111111
1211200110
1211201010
1211201100
1211201110
1211210001
1212000011
1212000101
1212001001
1212010111
1212011011
1212011101
1212011111
1212100000
1212101110
1212110001
1212210000
1220000100
1220001011
1220110010
1220111101
1220111110
1220200111
1220201000
1221000010
1221001101
1221100111
1221101000
1221210001
1221210100
1221211011
1222010111
1222011000
1222100100
1222101011
1222200010
1222201101
2000000100
2000001011
2000110010
2000111101
2000111110
2000200111
2000201000
2001000010
2001001101
2001100111
2001101000
2001210001
2001210100
2001211011
2002010111
2002011000
2002100100
2002101011
2002200010
2002201101
2010010101
2010011010
2010100011
2010101100
2010101111
2010210110
2010211001
2011010011
2011011100
2011110110
2011111001
2011200000
2011200101
2011201010
2012000110
2012001001
2012110101
2012111010
2012210011
2012211100
2020000000
2020001110
2020010001
2020101111
2020110010
2020110100
2020111000
2020200001
2020211111
2021010000
2021100001
2021111111
2021200110
2021201010
2021201100
2021201110
2021210001
2022000011
2022000101
2022001001
2022010111
2022011011
2022011101
2022011111
2022100000
2022101110
2022110001
2022210000
2100010110
2100011001
2100100101
2100101010
2100101111
2100210011
2100211100
2101010101
2101011010
2101110011
2101111100
2101200000
2101200110
2101201001
2102000011
2102001100
2102110110
2102111001
2102210101
2102211010
2110000001
2110100001
2110100110
2110101010
2110101100
2110110000
2110110111
2110111011
2110111101
2110210000
2111001110
2111011111
2111110000
2111200011
2111200101
2111201001
2111201111
2111211110
2112000000
2112001111
2112010001
2112010010
2112010100
2112011000
2112011110
2112100001
2112201110
2112211111
2120000010
2120001101
2120110111
2120111000
2120111110
2120200100
2120201011
2121000111
2121001000
2121001111
2121100100
2121101011
2121210001
2121210010
2121211101
2122010100
2122011011
2122100010
2122101101
2122200111
2122201000
2122201111
2200010000
2200011111
2200100000
2200100011
2200100101
2200101001
2200110001
2200111110
2200201110
2201000001
2201101110
2201210010
2201210100
2201210111
2201211000
2201211011
2201211101
2201211111
2202000001
2202000110
2202001010
2202001100
2202001110
2202010000
2202010001
2202110000
2202111111
2202200001
2210000111
2210001000
2210110100
2210111011
2210111110
2210200010
2210201101
2211000100
2211001011
2211100010
2211101101
2211210001
2211210111
2211211000
2212010010
2212011101
2212100111
2212101000
2212200100
2212201011
2220010011
2220011100
2220100110
2220101001
2220101111
2220210101
2220211010
2221010110
2221011001
2221011110
2221110101
2221111010
2221200000
2221200011
2221201100
2222000101
2222001010
2222110011
2222111100
2222210110
2222211001
2222211110