0000001
0000011
0001110
0002200
0010100
0011010
0011100
0012111
0020210
0021201
0022000
0022210
0100100
0101000
0101110
0102211
0110010
0110110
0110201
0111000
0121011
0122101
0200210
0201101
0202010
0202200
0211211
0212001
0220000
0220111
0220200
0222010
1000110
1001000
1001100
1001211
1010000
1010110
1011010
1012201
1020101
1022011
1100010
1100100
1101010
1102001
1110000
1111101
1111111
1112210
1120211
1121200
1122110
1122200
1200201
1202111
1210011
1211200
1212100
1212210
1221001
1221110
1221210
1222100
2000200
2002010
2002101
2002210
2010211
2011001
2020010
2020200
2021111
2022000
2100111
2101201
2111210
2112011
2112100
2112200
2120001
2121100
2121210
2122110
2200000
2200210
2201011
2202000
2210101
2211110
2211200
2212110
2220010
2221100
2222201
2222211