000000010
000000101
000011001
000011110
000120011
000120100
000121000
000121111
000201011
000201100
000210010
000210101
001001000
001001111
001020001
001020110
001110000
001110111
001111011
001111100
001200001
001200110
001221010
001221101
002010011
002010100
002021010
002021101
002100010
002100101
002101011
002101100
002211001
002211110
002220000
002220111
010010011
010010100
010021010
010021101
010100000
010100111
010101001
010101110
010211000
010211111
010220001
010220110
011000011
011000100
011011001
011011110
011120010
011120101
011121000
011121111
011201001
011201110
011210011
011210100
012001011
012001100
012020000
012020111
012110001
012110110
012111010
012111101
012200010
012200101
012221011
012221100
020001011
020001100
020020000
020020111
020110001
020110110
020111011
020111100
020200000
020200111
020221010
020221101
021010010
021010101
021021011
021021100
021100011
021100100
021101010
021101101
021211001
021211110
021220000
021220111
022000001
022000110
022011000
022011111
022120010
022120101
022121001
022121110
022201000
022201111
022210011
022210100
100001011
100001100
100020010
100020101
100110011
100110100
100111010
100111101
100200000
100200111
100221001
100221110
101010001
101010110
101021000
101021111
101100010
101100101
101101001
101101110
101211000
101211111
101220011
101220100
102000000
102000111
102011011
102011100
102120001
102120110
102121011
102121100
102201010
102201101
102210000
102210111
110000001
110000110
110011000
110011111
110120000
110120111
110121011
110121100
110201010
110201101
110210001
110210110
111001010
111001101
111020011
111020100
111110010
111110101
111111011
111111100
111200000
111200111
111221001
111221110
112010010
112010101
112021001
112021110
112100011
112100100
112101000
112101111
112211011
112211100
112220010
112220101
120010011
120010100
120021001
120021110
120100010
120100101
120101000
120101111
120211001
120211110
120220011
120220100
121000000
121000111
121011011
121011100
121120001
121120110
121121010
121121101
121201011
121201100
121210010
121210101
122001010
122001101
122020011
122020100
122110000
122110111
122111001
122111110
122200001
122200110
122221000
122221111
200010000
200010111
200021011
200021100
200100001
200100110
200101010
200101101
200211011
200211100
200220010
200220101
201000011
201000100
201011010
201011101
201120000
201120111
201121001
201121110
201201000
201201111
201210001
201210110
202001001
202001110
202020011
202020100
202110010
202110101
202111000
202111111
202200011
202200100
202221001
202221110
210001000
210001111
210020001
210020110
210110010
210110101
210111001
210111110
210200011
210200100
210221000
210221111
211010000
211010111
211021011
211021100
211100001
211100110
211101011
211101100
211211010
211211101
211220000
211220111
212000010
212000101
212011011
212011100
212120011
212120100
212121010
212121101
212201001
212201110
212210000
212210111
220000011
220000100
220011010
220011101
220120010
220120101
220121011
220121100
220201001
220201110
220210000
220210111
221001001
221001110
221020010
221020101
221110011
221110100
221111000
221111111
221200010
221200101
221221011
221221100
222010001
222010110
222021000
222021111
222100000
222100111
222101011
222101100
222211010
222211101
222220001
222220110