00000001
00000010
00000011
00000100
00000101
00000110
00011111
00022000
00101000
00110111
00111000
00121011
00121101
00121110
00202111
00212001
00212010
00212100
00220000
00222111
01001000
01010000
01011111
01022011
01022101
01022110
01100111
01101111
01102001
01102010
01102100
01110000
01210011
01210101
01210110
01221001
01221010
01221100
02002111
02011001
02011010
02011100
02020111
02022000
02112011
02112101
02112110
02120001
02120010
02120100
02200000
02201011
02201101
02201110
02202000
02220111
10001111
10010000
10011000
10012011
10012101
10012110
10100000
10101111
10110111
10122001
10122010
10122100
10201001
10201010
10201100
10220011
10220101
10220110
11000111
11001000
11010111
11020001
11020010
11020100
11100000
11111001
11111010
11111011
11111100
11111101
11111110
11122111
11202011
11202101
11202110
11212000
11221111
11222000
12002001
12002010
12002100
12021011
12021101
12021110
12100011
12100101
12100110
12112000
12121000
12122111
12210001
12210010
12210100
12211111
12212111
12221000
20002000
20020111
20021001
20021010
20021100
20022111
20102011
20102101
20102110
20110001
20110010
20110100
20200111
20202000
20211011
20211101
20211110
20220000
21001011
21001101
21001110
21012001
21012010
21012100
21112111
21120011
21120101
21120110
21121000
21122000
21200001
21200010
21200100
21211000
21212111
21221111
22000000
22002111
22010011
22010101
22010110
22020000
22101001
22101010
22101100
22111111
22112000
22121111
22200111
22211000
22222001
22222010
22222011
22222100
22222101
22222110