000022
000111
001102
001221
002000
002110
002200
002210
010001
010010
010100
010111
011001
011212
012122
012221
020111
020202
020220
021020
021120
021220
022011
022012
022101
100000
100212
101102
101220
102001
102021
102111
102121
110000
110011
110101
110110
111022
111110
112202
112220
120000
120122
120221
121201
121211
121221
122010
122012
122100
200012
200102
200120
200201
201010
201011
201012
201102
202222
210222
211121
211200
212002
212020
212112
212211
220021
220210
221002
221112
222100
222101
222222