000000001011
000000010110
000000100101
000000111000
000001000000
000001011101
000001101110
000001110011
000002001011
000002010110
000002100101
000002111000
000010001100
000010010001
000010100010
000010111111
000011000111
000011011010
000011101001
000011110100
000012001100
000012010001
000012100010
000012111111
000020001100
000020010001
000020100010
000020111111
000021000111
000021011010
000021101001
000021110100
000022001100
000022010001
000022100010
000022111111
000100000001
000100011100
000100101010
000100110111
000101000110
000101011011
000101101101
000101110000
000102000001
000102011100
000102101010
000102110111
000110001111
000110010010
000110100100
000110111001
000111001000
000111010101
000111100011
000111111110
000112001111
000112010010
000112100100
000112111001
000120001111
000120010010
000120100100
000120111001
000121001000
000121010101
000121100011
000121111110
000122001111
000122010010
000122100100
000122111001
000200001101
000200010000
000200100110
000200111011
000201000011
000201011110
000201101000
000201110101
000202001101
000202010000
000202100110
000202111011
000210001010
000210010111
000210100001
000210111100
000211000100
000211011001
000211101111
000211110010
000212001010
000212010111
000212100001
000212111100
000220001010
000220010111
000220100001
000220111100
000221000100
000221011001
000221101111
000221110010
000222001010
000222010111
000222100001
000222111100
001000001000
001000010101
001000100011
001000111110
001001001111
001001010010
001001100100
001001111001
001002001000
001002010101
001002100011
001002111110
001010000110
001010011011
001010101101
001010110000
001011000001
001011011100
001011101010
001011110111
001012000110
001012011011
001012101101
001012110000
001020000110
001020011011
001020101101
001020110000
001021000001
001021011100
001021101010
001021110111
001022000110
001022011011
001022101101
001022110000
001100000100
001100011001
001100101111
001100110010
001101001010
001101010111
001101100001
001101111100
001102000100
001102011001
001102101111
001102110010
001110000011
001110011110
001110101000
001110110101
001111001101
001111010000
001111100110
001111111011
001112000011
001112011110
001112101000
001112110101
001120000011
001120011110
001120101000
001120110101
001121001101
001121010000
001121100110
001121111011
001122000011
001122011110
001122101000
001122110101
001200000111
001200011010
001200101001
001200110100
001201001100
001201010001
001201100010
001201111111
001202000111
001202011010
001202101001
001202110100
001210000000
001210011101
001210101110
001210110011
001211001011
001211010110
001211100101
001211111000
001212000000
001212011101
001212101110
001212110011
001220000000
001220011101
001220101110
001220110011
001221001011
001221010110
001221100101
001221111000
001222000000
001222011101
001222101110
001222110011
002000000111
002000011010
002000101001
002000110100
002001001100
002001010001
002001100010
002001111111
002002000111
002002011010
002002101001
002002110100
002010000000
002010011101
002010101110
002010110011
002011001011
002011010110
002011100101
002011111000
002012000000
002012011101
002012101110
002012110011
002020000000
002020011101
002020101110
002020110011
002021001011
002021010110
002021100101
002021111000
002022000000
002022011101
002022101110
002022110011
002100000010
002100011111
002100101100
002100110001
002101001001
002101010100
002101100111
002101111010
002102000010
002102011111
002102101100
002102110001
002110000101
002110011000
002110101011
002110110110
002111001110
002111010011
002111100000
002111111101
002112000101
002112011000
002112101011
002112110110
002120000101
002120011000
002120101011
002120110110
002121001110
002121010011
002121100000
002121111101
002122000101
002122011000
002122101011
002122110110
002200001110
002200010011
002200100000
002200111101
002201000101
002201011000
002201101011
002201110110
002202001110
002202010011
002202100000
002202111101
002210001001
002210010100
002210100111
002210111010
002211000010
002211011111
002211101100
002211110001
002212001001
002212010100
002212100111
002212111010
002220001001
002220010100
002220100111
002220111010
002221000010
002221011111
002221101100
002221110001
002222001001
002222010100
002222100111
002222111010
010000000100
010000011001
010000101111
010000110010
010001001010
010001010111
010001100001
010001111100
010002000100
010002011001
010002101111
010002110010
010010000011
010010011110
010010101000
010010110101
010011001101
010011010000
010011100110
010011111011
010012000011
010012011110
010012101000
010012110101
010020000011
010020011110
010020101000
010020110101
010021001101
010021010000
010021100110
010021111011
010022000011
010022011110
010022101000
010022110101
010100000111
010100011010
010100101001
010100110100
010101001100
010101010001
010101100010
010101111111
010102000111
010102011010
010102101001
010102110100
010110000000
010110011101
010110101110
010110110011
010111001011
010111010110
010111100101
010111111000
010112000000
010112011101
010112101110
010112110011
010120000000
010120011101
010120101110
010120110011
010121001011
010121010110
010121100101
010121111000
010122000000
010122011101
010122101110
010122110011
010200001000
010200010101
010200100011
010200111110
010201001111
010201010010
010201100100
010201111001
010202001000
010202010101
010202100011
010202111110
010210000110
010210011011
010210101101
010210110000
010211000001
010211011100
010211101010
010211110111
010212000110
010212011011
010212101101
010212110000
010220000110
010220011011
010220101101
010220110000
010221000001
010221011100
010221101010
010221110111
010222000110
010222011011
010222101101
010222110000
011000000010
011000011111
011000101100
011000110001
011001001001
011001010100
011001100111
011001111010
011002000010
011002011111
011002101100
011002110001
011010000101
011010011000
011010101011
011010110110
011011001110
011011010011
011011100000
011011111101
011012000101
011012011000
011012101011
011012110110
011020000101
011020011000
011020101011
011020110110
011021001110
011021010011
011021100000
011021111101
011022000101
011022011000
011022101011
011022110110
011100001110
011100010011
011100100000
011100111101
011101000101
011101011000
011101101011
011101110110
011102001110
011102010011
011102100000
011102111101
011110001001
011110010100
011110100111
011110111010
011111000010
011111011111
011111101100
011111110001
011112001001
011112010100
011112100111
011112111010
011120001001
011120010100
011120100111
011120111010
011121000010
011121011111
011121101100
011121110001
011122001001
011122010100
011122100111
011122111010
011200000111
011200011010
011200101001
011200110100
011201001100
011201010001
011201100010
011201111111
011202000111
011202011010
011202101001
011202110100
011210000000
011210011101
011210101110
011210110011
011211001011
011211010110
011211100101
011211111000
011212000000
011212011101
011212101110
011212110011
011220000000
011220011101
011220101110
011220110011
011221001011
011221010110
011221100101
011221111000
011222000000
011222011101
011222101110
011222110011
012000000001
012000011100
012000101010
012000110111
012001000110
012001011011
012001101101
012001110000
012002000001
012002011100
012002101010
012002110111
012010001111
012010010010
012010100100
012010111001
012011001000
012011010101
012011100011
012011111110
012012001111
012012010010
012012100100
012012111001
012020001111
012020010010
012020100100
012020111001
012021001000
012021010101
012021100011
012021111110
012022001111
012022010010
012022100100
012022111001
012100001101
012100010000
012100100110
012100111011
012101000011
012101011110
012101101000
012101110101
012102001101
012102010000
012102100110
012102111011
012110001010
012110010111
012110100001
012110111100
012111000100
012111011001
012111101111
012111110010
012112001010
012112010111
012112100001
012112111100
012120001010
012120010111
012120100001
012120111100
012121000100
012121011001
012121101111
012121110010
012122001010
012122010111
012122100001
012122111100
012200001011
012200010110
012200100101
012200111000
012201000000
012201011101
012201101110
012201110011
012202001011
012202010110
012202100101
012202111000
012210001100
012210010001
012210100010
012210111111
012211000111
012211011010
012211101001
012211110100
012212001100
012212010001
012212100010
012212111111
012220001100
012220010001
012220100010
012220111111
012221000111
012221011010
012221101001
012221110100
012222001100
012222010001
012222100010
012222111111
020000001110
020000010011
020000100000
020000111101
020001000101
020001011000
020001101011
020001110110
020002001110
020002010011
020002100000
020002111101
020010001001
020010010100
020010100111
020010111010
020011000010
020011011111
020011101100
020011110001
020012001001
020012010100
020012100111
020012111010
020020001001
020020010100
020020100111
020020111010
020021000010
020021011111
020021101100
020021110001
020022001001
020022010100
020022100111
020022111010
020100000111
020100011010
020100101001
020100110100
020101001100
020101010001
020101100010
020101111111
020102000111
020102011010
020102101001
020102110100
020110000000
020110011101
020110101110
020110110011
020111001011
020111010110
020111100101
020111111000
020112000000
020112011101
020112101110
020112110011
020120000000
020120011101
020120101110
020120110011
020121001011
020121010110
020121100101
020121111000
020122000000
020122011101
020122101110
020122110011
020200000010
020200011111
020200101100
020200110001
020201001001
020201010100
020201100111
020201111010
020202000010
020202011111
020202101100
020202110001
020210000101
020210011000
020210101011
020210110110
020211001110
020211010011
020211100000
020211111101
020212000101
020212011000
020212101011
020212110110
020220000101
020220011000
020220101011
020220110110
020221001110
020221010011
020221100000
020221111101
020222000101
020222011000
020222101011
020222110110
021000001101
021000010000
021000100110
021000111011
021001000011
021001011110
021001101000
021001110101
021002001101
021002010000
021002100110
021002111011
021010001010
021010010111
021010100001
021010111100
021011000100
021011011001
021011101111
021011110010
021012001010
021012010111
021012100001
021012111100
021020001010
021020010111
021020100001
021020111100
021021000100
021021011001
021021101111
021021110010
021022001010
021022010111
021022100001
021022111100
021100001011
021100010110
021100100101
021100111000
021101000000
021101011101
021101101110
021101110011
021102001011
021102010110
021102100101
021102111000
021110001100
021110010001
021110100010
021110111111
021111000111
021111011010
021111101001
021111110100
021112001100
021112010001
021112100010
021112111111
021120001100
021120010001
021120100010
021120111111
021121000111
021121011010
021121101001
021121110100
021122001100
021122010001
021122100010
021122111111
021200000001
021200011100
021200101010
021200110111
021201000110
021201011011
021201101101
021201110000
021202000001
021202011100
021202101010
021202110111
021210001111
021210010010
021210100100
021210111001
021211001000
021211010101
021211100011
021211111110
021212001111
021212010010
021212100100
021212111001
021220001111
021220010010
021220100100
021220111001
021221001000
021221010101
021221100011
021221111110
021222001111
021222010010
021222100100
021222111001
022000000111
022000011010
022000101001
022000110100
022001001100
022001010001
022001100010
022001111111
022002000111
022002011010
022002101001
022002110100
022010000000
022010011101
022010101110
022010110011
022011001011
022011010110
022011100101
022011111000
022012000000
022012011101
022012101110
022012110011
022020000000
022020011101
022020101110
022020110011
022021001011
022021010110
022021100101
022021111000
022022000000
022022011101
022022101110
022022110011
022100001000
022100010101
022100100011
022100111110
022101001111
022101010010
022101100100
022101111001
022102001000
022102010101
022102100011
022102111110
022110000110
022110011011
022110101101
022110110000
022111000001
022111011100
022111101010
022111110111
022112000110
022112011011
022112101101
022112110000
022120000110
022120011011
022120101101
022120110000
022121000001
022121011100
022121101010
022121110111
022122000110
022122011011
022122101101
022122110000
022200000100
022200011001
022200101111
022200110010
022201001010
022201010111
022201100001
022201111100
022202000100
022202011001
022202101111
022202110010
022210000011
022210011110
022210101000
022210110101
022211001101
022211010000
022211100110
022211111011
022212000011
022212011110
022212101000
022212110101
022220000011
022220011110
022220101000
022220110101
022221001101
022221010000
022221100110
022221111011
022222000011
022222011110
022222101000
022222110101
100000000010
100000011111
100000101100
100000110001
100001001001
100001010100
100001100111
100001111010
100002000010
100002011111
100002101100
100002110001
100010000101
100010011000
100010101011
100010110110
100011001110
100011010011
100011100000
100011111101
100012000101
100012011000
100012101011
100012110110
100020000101
100020011000
100020101011
100020110110
100021001110
100021010011
100021100000
100021111101
100022000101
100022011000
100022101011
100022110110
100100001110
100100010011
100100100000
100100111101
100101000101
100101011000
100101101011
100101110110
100102001110
100102010011
100102100000
100102111101
100110001001
100110010100
100110100111
100110111010
100111000010
100111011111
100111101100
100111110001
100112001001
100112010100
100112100111
100112111010
100120001001
100120010100
100120100111
100120111010
100121000010
100121011111
100121101100
100121110001
100122001001
100122010100
100122100111
100122111010
100200000111
100200011010
100200101001
100200110100
100201001100
100201010001
100201100010
100201111111
100202000111
100202011010
100202101001
100202110100
100210000000
100210011101
100210101110
100210110011
100211001011
100211010110
100211100101
100211111000
100212000000
100212011101
100212101110
100212110011
100220000000
100220011101
100220101110
100220110011
100221001011
100221010110
100221100101
100221111000
100222000000
100222011101
100222101110
100222110011
101000000001
101000011100
101000101010
101000110111
101001000110
101001011011
101001101101
101001110000
101002000001
101002011100
101002101010
101002110111
101010001111
101010010010
101010100100
101010111001
101011001000
101011010101
101011100011
101011111110
101012001111
101012010010
101012100100
101012111001
101020001111
101020010010
101020100100
101020111001
101021001000
101021010101
101021100011
101021111110
101022001111
101022010010
101022100100
101022111001
101100001101
101100010000
101100100110
101100111011
101101000011
101101011110
101101101000
101101110101
101102001101
101102010000
101102100110
101102111011
101110001010
101110010111
101110100001
101110111100
101111000100
101111011001
101111101111
101111110010
101112001010
101112010111
101112100001
101112111100
101120001010
101120010111
101120100001
101120111100
101121000100
101121011001
101121101111
101121110010
101122001010
101122010111
101122100001
101122111100
101200001011
101200010110
101200100101
101200111000
101201000000
101201011101
101201101110
101201110011
101202001011
101202010110
101202100101
101202111000
101210001100
101210010001
101210100010
101210111111
101211000111
101211011010
101211101001
101211110100
101212001100
101212010001
101212100010
101212111111
101220001100
101220010001
101220100010
101220111111
101221000111
101221011010
101221101001
101221110100
101222001100
101222010001
101222100010
101222111111
102000000100
102000011001
102000101111
102000110010
102001001010
102001010111
102001100001
102001111100
102002000100
102002011001
102002101111
102002110010
102010000011
102010011110
102010101000
102010110101
102011001101
102011010000
102011100110
102011111011
102012000011
102012011110
102012101000
102012110101
102020000011
102020011110
102020101000
102020110101
102021001101
102021010000
102021100110
102021111011
102022000011
102022011110
102022101000
102022110101
102100000111
102100011010
102100101001
102100110100
102101001100
102101010001
102101100010
102101111111
102102000111
102102011010
102102101001
102102110100
102110000000
102110011101
102110101110
102110110011
102111001011
102111010110
102111100101
102111111000
102112000000
102112011101
102112101110
102112110011
102120000000
102120011101
102120101110
102120110011
102121001011
102121010110
102121100101
102121111000
102122000000
102122011101
102122101110
102122110011
102200001000
102200010101
102200100011
102200111110
102201001111
102201010010
102201100100
102201111001
102202001000
102202010101
102202100011
102202111110
102210000110
102210011011
102210101101
102210110000
102211000001
102211011100
102211101010
102211110111
102212000110
102212011011
102212101101
102212110000
102220000110
102220011011
102220101101
102220110000
102221000001
102221011100
102221101010
102221110111
102222000110
102222011011
102222101101
102222110000
110000001101
110000010000
110000100110
110000111011
110001000011
110001011110
110001101000
110001110101
110002001101
110002010000
110002100110
110002111011
110010001010
110010010111
110010100001
110010111100
110011000100
110011011001
110011101111
110011110010
110012001010
110012010111
110012100001
110012111100
110020001010
110020010111
110020100001
110020111100
110021000100
110021011001
110021101111
110021110010
110022001010
110022010111
110022100001
110022111100
110100001011
110100010110
110100100101
110100111000
110101000000
110101011101
110101101110
110101110011
110102001011
110102010110
110102100101
110102111000
110110001100
110110010001
110110100010
110110111111
110111000111
110111011010
110111101001
110111110100
110112001100
110112010001
110112100010
110112111111
110120001100
110120010001
110120100010
110120111111
110121000111
110121011010
110121101001
110121110100
110122001100
110122010001
110122100010
110122111111
110200000001
110200011100
110200101010
110200110111
110201000110
110201011011
110201101101
110201110000
110202000001
110202011100
110202101010
110202110111
110210001111
110210010010
110210100100
110210111001
110211001000
110211010101
110211100011
110211111110
110212001111
110212010010
110212100100
110212111001
110220001111
110220010010
110220100100
110220111001
110221001000
110221010101
110221100011
110221111110
110222001111
110222010010
110222100100
110222111001
111000000111
111000011010
111000101001
111000110100
111001001100
111001010001
111001100010
111001111111
111002000111
111002011010
111002101001
111002110100
111010000000
111010011101
111010101110
111010110011
111011001011
111011010110
111011100101
111011111000
111012000000
111012011101
111012101110
111012110011
111020000000
111020011101
111020101110
111020110011
111021001011
111021010110
111021100101
111021111000
111022000000
111022011101
111022101110
111022110011
111100001000
111100010101
111100100011
111100111110
111101001111
111101010010
111101100100
111101111001
111102001000
111102010101
111102100011
111102111110
111110000110
111110011011
111110101101
111110110000
111111000001
111111011100
111111101010
111111110111
111112000110
111112011011
111112101101
111112110000
111120000110
111120011011
111120101101
111120110000
111121000001
111121011100
111121101010
111121110111
111122000110
111122011011
111122101101
111122110000
111200000100
111200011001
111200101111
111200110010
111201001010
111201010111
111201100001
111201111100
111202000100
111202011001
111202101111
111202110010
111210000011
111210011110
111210101000
111210110101
111211001101
111211010000
111211100110
111211111011
111212000011
111212011110
111212101000
111212110101
111220000011
111220011110
111220101000
111220110101
111221001101
111221010000
111221100110
111221111011
111222000011
111222011110
111222101000
111222110101
112000001110
112000010011
112000100000
112000111101
112001000101
112001011000
112001101011
112001110110
112002001110
112002010011
112002100000
112002111101
112010001001
112010010100
112010100111
112010111010
112011000010
112011011111
112011101100
112011110001
112012001001
112012010100
112012100111
112012111010
112020001001
112020010100
112020100111
112020111010
112021000010
112021011111
112021101100
112021110001
112022001001
112022010100
112022100111
112022111010
112100000111
112100011010
112100101001
112100110100
112101001100
112101010001
112101100010
112101111111
112102000111
112102011010
112102101001
112102110100
112110000000
112110011101
112110101110
112110110011
112111001011
112111010110
112111100101
112111111000
112112000000
112112011101
112112101110
112112110011
112120000000
112120011101
112120101110
112120110011
112121001011
112121010110
112121100101
112121111000
112122000000
112122011101
112122101110
112122110011
112200000010
112200011111
112200101100
112200110001
112201001001
112201010100
112201100111
112201111010
112202000010
112202011111
112202101100
112202110001
112210000101
112210011000
112210101011
112210110110
112211001110
112211010011
112211100000
112211111101
112212000101
112212011000
112212101011
112212110110
112220000101
112220011000
112220101011
112220110110
112221001110
112221010011
112221100000
112221111101
112222000101
112222011000
112222101011
112222110110
120000001000
120000010101
120000100011
120000111110
120001001111
120001010010
120001100100
120001111001
120002001000
120002010101
120002100011
120002111110
120010000110
120010011011
120010101101
120010110000
120011000001
120011011100
120011101010
120011110111
120012000110
120012011011
120012101101
120012110000
120020000110
120020011011
120020101101
120020110000
120021000001
120021011100
120021101010
120021110111
120022000110
120022011011
120022101101
120022110000
120100000100
120100011001
120100101111
120100110010
120101001010
120101010111
120101100001
120101111100
120102000100
120102011001
120102101111
120102110010
120110000011
120110011110
120110101000
120110110101
120111001101
120111010000
120111100110
120111111011
120112000011
120112011110
120112101000
120112110101
120120000011
120120011110
120120101000
120120110101
120121001101
120121010000
120121100110
120121111011
120122000011
120122011110
120122101000
120122110101
120200000111
120200011010
120200101001
120200110100
120201001100
120201010001
120201100010
120201111111
120202000111
120202011010
120202101001
120202110100
120210000000
120210011101
120210101110
120210110011
120211001011
120211010110
120211100101
120211111000
120212000000
120212011101
120212101110
120212110011
120220000000
120220011101
120220101110
120220110011
120221001011
120221010110
120221100101
120221111000
120222000000
120222011101
120222101110
120222110011
121000000111
121000011010
121000101001
121000110100
121001001100
121001010001
121001100010
121001111111
121002000111
121002011010
121002101001
121002110100
121010000000
121010011101
121010101110
121010110011
121011001011
121011010110
121011100101
121011111000
121012000000
121012011101
121012101110
121012110011
121020000000
121020011101
121020101110
121020110011
121021001011
121021010110
121021100101
121021111000
121022000000
121022011101
121022101110
121022110011
121100000010
121100011111
121100101100
121100110001
121101001001
121101010100
121101100111
121101111010
121102000010
121102011111
121102101100
121102110001
121110000101
121110011000
121110101011
121110110110
121111001110
121111010011
121111100000
121111111101
121112000101
121112011000
121112101011
121112110110
121120000101
121120011000
121120101011
121120110110
121121001110
121121010011
121121100000
121121111101
121122000101
121122011000
121122101011
121122110110
121200001110
121200010011
121200100000
121200111101
121201000101
121201011000
121201101011
121201110110
121202001110
121202010011
121202100000
121202111101
121210001001
121210010100
121210100111
121210111010
121211000010
121211011111
121211101100
121211110001
121212001001
121212010100
121212100111
121212111010
121220001001
121220010100
121220100111
121220111010
121221000010
121221011111
121221101100
121221110001
121222001001
121222010100
121222100111
121222111010
122000001011
122000010110
122000100101
122000111000
122001000000
122001011101
122001101110
122001110011
122002001011
122002010110
122002100101
122002111000
122010001100
122010010001
122010100010
122010111111
122011000111
122011011010
122011101001
122011110100
122012001100
122012010001
122012100010
122012111111
122020001100
122020010001
122020100010
122020111111
122021000111
122021011010
122021101001
122021110100
122022001100
122022010001
122022100010
122022111111
122100000001
122100011100
122100101010
122100110111
122101000110
122101011011
122101101101
122101110000
122102000001
122102011100
122102101010
122102110111
122110001111
122110010010
122110100100
122110111001
122111001000
122111010101
122111100011
122111111110
122112001111
122112010010
122112100100
122112111001
122120001111
122120010010
122120100100
122120111001
122121001000
122121010101
122121100011
122121111110
122122001111
122122010010
122122100100
122122111001
122200001101
122200010000
122200100110
122200111011
122201000011
122201011110
122201101000
122201110101
122202001101
122202010000
122202100110
122202111011
122210001010
122210010111
122210100001
122210111100
122211000100
122211011001
122211101111
122211110010
122212001010
122212010111
122212100001
122212111100
122220001010
122220010111
122220100001
122220111100
122221000100
122221011001
122221101111
122221110010
122222001010
122222010111
122222100001
122222111100
200000000111
200000011010
200000101001
200000110100
200001001100
200001010001
200001100010
200001111111
200002000111
200002011010
200002101001
200002110100
200010000000
200010011101
200010101110
200010110011
200011001011
200011010110
200011100101
200011111000
200012000000
200012011101
200012101110
200012110011
200020000000
200020011101
200020101110
200020110011
200021001011
200021010110
200021100101
200021111000
200022000000
200022011101
200022101110
200022110011
200100001000
200100010101
200100100011
200100111110
200101001111
200101010010
200101100100
200101111001
200102001000
200102010101
200102100011
200102111110
200110000110
200110011011
200110101101
200110110000
200111000001
200111011100
200111101010
200111110111
200112000110
200112011011
200112101101
200112110000
200120000110
200120011011
200120101101
200120110000
200121000001
200121011100
200121101010
200121110111
200122000110
200122011011
200122101101
200122110000
200200000100
200200011001
200200101111
200200110010
200201001010
200201010111
200201100001
200201111100
200202000100
200202011001
200202101111
200202110010
200210000011
200210011110
200210101000
200210110101
200211001101
200211010000
200211100110
200211111011
200212000011
200212011110
200212101000
200212110101
200220000011
200220011110
200220101000
200220110101
200221001101
200221010000
200221100110
200221111011
200222000011
200222011110
200222101000
200222110101
201000001110
201000010011
201000100000
201000111101
201001000101
201001011000
201001101011
201001110110
201002001110
201002010011
201002100000
201002111101
201010001001
201010010100
201010100111
201010111010
201011000010
201011011111
201011101100
201011110001
201012001001
201012010100
201012100111
201012111010
201020001001
201020010100
201020100111
201020111010
201021000010
201021011111
201021101100
201021110001
201022001001
201022010100
201022100111
201022111010
201100000111
201100011010
201100101001
201100110100
201101001100
201101010001
201101100010
201101111111
201102000111
201102011010
201102101001
201102110100
201110000000
201110011101
201110101110
201110110011
201111001011
201111010110
201111100101
201111111000
201112000000
201112011101
201112101110
201112110011
201120000000
201120011101
201120101110
201120110011
201121001011
201121010110
201121100101
201121111000
201122000000
201122011101
201122101110
201122110011
201200000010
201200011111
201200101100
201200110001
201201001001
201201010100
201201100111
201201111010
201202000010
201202011111
201202101100
201202110001
201210000101
201210011000
201210101011
201210110110
201211001110
201211010011
201211100000
201211111101
201212000101
201212011000
201212101011
201212110110
201220000101
201220011000
201220101011
201220110110
201221001110
201221010011
201221100000
201221111101
201222000101
201222011000
201222101011
201222110110
202000001101
202000010000
202000100110
202000111011
202001000011
202001011110
202001101000
202001110101
202002001101
202002010000
202002100110
202002111011
202010001010
202010010111
202010100001
202010111100
202011000100
202011011001
202011101111
202011110010
202012001010
202012010111
202012100001
202012111100
202020001010
202020010111
202020100001
202020111100
202021000100
202021011001
202021101111
202021110010
202022001010
202022010111
202022100001
202022111100
202100001011
202100010110
202100100101
202100111000
202101000000
202101011101
202101101110
202101110011
202102001011
202102010110
202102100101
202102111000
202110001100
202110010001
202110100010
202110111111
202111000111
202111011010
202111101001
202111110100
202112001100
202112010001
202112100010
202112111111
202120001100
202120010001
202120100010
202120111111
202121000111
202121011010
202121101001
202121110100
202122001100
202122010001
202122100010
202122111111
202200000001
202200011100
202200101010
202200110111
202201000110
202201011011
202201101101
202201110000
202202000001
202202011100
202202101010
202202110111
202210001111
202210010010
202210100100
202210111001
202211001000
202211010101
202211100011
202211111110
202212001111
202212010010
202212100100
202212111001
202220001111
202220010010
202220100100
202220111001
202221001000
202221010101
202221100011
202221111110
202222001111
202222010010
202222100100
202222111001
210000000111
210000011010
210000101001
210000110100
210001001100
210001010001
210001100010
210001111111
210002000111
210002011010
210002101001
210002110100
210010000000
210010011101
210010101110
210010110011
210011001011
210011010110
210011100101
210011111000
210012000000
210012011101
210012101110
210012110011
210020000000
210020011101
210020101110
210020110011
210021001011
210021010110
210021100101
210021111000
210022000000
210022011101
210022101110
210022110011
210100000010
210100011111
210100101100
210100110001
210101001001
210101010100
210101100111
210101111010
210102000010
210102011111
210102101100
210102110001
210110000101
210110011000
210110101011
210110110110
210111001110
210111010011
210111100000
210111111101
210112000101
210112011000
210112101011
210112110110
210120000101
210120011000
210120101011
210120110110
210121001110
210121010011
210121100000
210121111101
210122000101
210122011000
210122101011
210122110110
210200001110
210200010011
210200100000
210200111101
210201000101
210201011000
210201101011
210201110110
210202001110
210202010011
210202100000
210202111101
210210001001
210210010100
210210100111
210210111010
210211000010
210211011111
210211101100
210211110001
210212001001
210212010100
210212100111
210212111010
210220001001
210220010100
210220100111
210220111010
210221000010
210221011111
210221101100
210221110001
210222001001
210222010100
210222100111
210222111010
211000001011
211000010110
211000100101
211000111000
211001000000
211001011101
211001101110
211001110011
211002001011
211002010110
211002100101
211002111000
211010001100
211010010001
211010100010
211010111111
211011000111
211011011010
211011101001
211011110100
211012001100
211012010001
211012100010
211012111111
211020001100
211020010001
211020100010
211020111111
211021000111
211021011010
211021101001
211021110100
211022001100
211022010001
211022100010
211022111111
211100000001
211100011100
211100101010
211100110111
211101000110
211101011011
211101101101
211101110000
211102000001
211102011100
211102101010
211102110111
211110001111
211110010010
211110100100
211110111001
211111001000
211111010101
211111100011
211111111110
211112001111
211112010010
211112100100
211112111001
211120001111
211120010010
211120100100
211120111001
211121001000
211121010101
211121100011
211121111110
211122001111
211122010010
211122100100
211122111001
211200001101
211200010000
211200100110
211200111011
211201000011
211201011110
211201101000
211201110101
211202001101
211202010000
211202100110
211202111011
211210001010
211210010111
211210100001
211210111100
211211000100
211211011001
211211101111
211211110010
211212001010
211212010111
211212100001
211212111100
211220001010
211220010111
211220100001
211220111100
211221000100
211221011001
211221101111
211221110010
211222001010
211222010111
211222100001
211222111100
212000001000
212000010101
212000100011
212000111110
212001001111
212001010010
212001100100
212001111001
212002001000
212002010101
212002100011
212002111110
212010000110
212010011011
212010101101
212010110000
212011000001
212011011100
212011101010
212011110111
212012000110
212012011011
212012101101
212012110000
212020000110
212020011011
212020101101
212020110000
212021000001
212021011100
212021101010
212021110111
212022000110
212022011011
212022101101
212022110000
212100000100
212100011001
212100101111
212100110010
212101001010
212101010111
212101100001
212101111100
212102000100
212102011001
212102101111
212102110010
212110000011
212110011110
212110101000
212110110101
212111001101
212111010000
212111100110
212111111011
212112000011
212112011110
212112101000
212112110101
212120000011
212120011110
212120101000
212120110101
212121001101
212121010000
212121100110
212121111011
212122000011
212122011110
212122101000
212122110101
212200000111
212200011010
212200101001
212200110100
212201001100
212201010001
212201100010
212201111111
212202000111
212202011010
212202101001
212202110100
212210000000
212210011101
212210101110
212210110011
212211001011
212211010110
212211100101
212211111000
212212000000
212212011101
212212101110
212212110011
212220000000
212220011101
212220101110
212220110011
212221001011
212221010110
212221100101
212221111000
212222000000
212222011101
212222101110
212222110011
220000000001
220000011100
220000101010
220000110111
220001000110
220001011011
220001101101
220001110000
220002000001
220002011100
220002101010
220002110111
220010001111
220010010010
220010100100
220010111001
220011001000
220011010101
220011100011
220011111110
220012001111
220012010010
220012100100
220012111001
220020001111
220020010010
220020100100
220020111001
220021001000
220021010101
220021100011
220021111110
220022001111
220022010010
220022100100
220022111001
220100001101
220100010000
220100100110
220100111011
220101000011
220101011110
220101101000
220101110101
220102001101
220102010000
220102100110
220102111011
220110001010
220110010111
220110100001
220110111100
220111000100
220111011001
220111101111
220111110010
220112001010
220112010111
220112100001
220112111100
220120001010
220120010111
220120100001
220120111100
220121000100
220121011001
220121101111
220121110010
220122001010
220122010111
220122100001
220122111100
220200001011
220200010110
220200100101
220200111000
220201000000
220201011101
220201101110
220201110011
220202001011
220202010110
220202100101
220202111000
220210001100
220210010001
220210100010
220210111111
220211000111
220211011010
220211101001
220211110100
220212001100
220212010001
220212100010
220212111111
220220001100
220220010001
220220100010
220220111111
220221000111
220221011010
220221101001
220221110100
220222001100
220222010001
220222100010
220222111111
221000000100
221000011001
221000101111
221000110010
221001001010
221001010111
221001100001
221001111100
221002000100
221002011001
221002101111
221002110010
221010000011
221010011110
221010101000
221010110101
221011001101
221011010000
221011100110
221011111011
221012000011
221012011110
221012101000
221012110101
221020000011
221020011110
221020101000
221020110101
221021001101
221021010000
221021100110
221021111011
221022000011
221022011110
221022101000
221022110101
221100000111
221100011010
221100101001
221100110100
221101001100
221101010001
221101100010
221101111111
221102000111
221102011010
221102101001
221102110100
221110000000
221110011101
221110101110
221110110011
221111001011
221111010110
221111100101
221111111000
221112000000
221112011101
221112101110
221112110011
221120000000
221120011101
221120101110
221120110011
221121001011
221121010110
221121100101
221121111000
221122000000
221122011101
221122101110
221122110011
221200001000
221200010101
221200100011
221200111110
221201001111
221201010010
221201100100
221201111001
221202001000
221202010101
221202100011
221202111110
221210000110
221210011011
221210101101
221210110000
221211000001
221211011100
221211101010
221211110111
221212000110
221212011011
221212101101
221212110000
221220000110
221220011011
221220101101
221220110000
221221000001
221221011100
221221101010
221221110111
221222000110
221222011011
221222101101
221222110000
222000000010
222000011111
222000101100
222000110001
222001001001
222001010100
222001100111
222001111010
222002000010
222002011111
222002101100
222002110001
222010000101
222010011000
222010101011
222010110110
222011001110
222011010011
222011100000
222011111101
222012000101
222012011000
222012101011
222012110110
222020000101
222020011000
222020101011
222020110110
222021001110
222021010011
222021100000
222021111101
222022000101
222022011000
222022101011
222022110110
222100001110
222100010011
222100100000
222100111101
222101000101
222101011000
222101101011
222101110110
222102001110
222102010011
222102100000
222102111101
222110001001
222110010100
222110100111
222110111010
222111000010
222111011111
222111101100
222111110001
222112001001
222112010100
222112100111
222112111010
222120001001
222120010100
222120100111
222120111010
222121000010
222121011111
222121101100
222121110001
222122001001
222122010100
222122100111
222122111010
222200000111
222200011010
222200101001
222200110100
222201001100
222201010001
222201100010
222201111111
222202000111
222202011010
222202101001
222202110100
222210000000
222210011101
222210101110
222210110011
222211001011
222211010110
222211100101
222211111000
222212000000
222212011101
222212101110
222212110011
222220000000
222220011101
222220101110
222220110011
222221001011
222221010110
222221100101
222221111000
222222000000
222222011101
222222101110
222222110011