00000001
00000010
00000011
00000100
00000101
00000110
00000201
00000210
00000211
00011111
00022000
00022200
00101000
00101200
00110111
00111000
00111200
00121011
00121101
00121110
00121211
00202111
00212001
00212010
00212100
00212201
00212210
00220000
00220200
00222111
01001000
01001200
01010000
01010200
01011111
01022011
01022101
01022110
01022211
01100111
01101111
01102001
01102010
01102100
01102201
01102210
01110000
01110200
01210011
01210101
01210110
01210211
01221001
01221010
01221100
01221201
01221210
02002111
02011001
02011010
02011100
02011201
02011210
02020111
02022000
02022200
02112011
02112101
02112110
02112211
02120001
02120010
02120100
02120201
02120210
02200000
02200200
02201011
02201101
02201110
02201211
02202000
02202200
02220111
10001111
10010000
10010200
10011000
10011200
10012011
10012101
10012110
10012211
10100000
10100200
10101111
10110111
10122001
10122010
10122100
10122201
10122210
10201001
10201010
10201100
10201201
10201210
10220011
10220101
10220110
10220211
11000111
11001000
11001200
11010111
11020001
11020010
11020100
11020201
11020210
11100000
11100200
11111001
11111010
11111011
11111100
11111101
11111110
11111201
11111210
11111211
11122111
11202011
11202101
11202110
11202211
11212000
11212200
11221111
11222000
11222200
12002001
12002010
12002100
12002201
12002210
12021011
12021101
12021110
12021211
12100011
12100101
12100110
12100211
12112000
12112200
12121000
12121200
12122111
12210001
12210010
12210100
12210201
12210210
12211111
12212111
12221000
12221200
20002000
20002200
20020111
20021001
20021010
20021100
20021201
20021210
20022111
20102011
20102101
20102110
20102211
20110001
20110010
20110100
20110201
20110210
20200111
20202000
20202200
20211011
20211101
20211110
20211211
20220000
20220200
21001011
21001101
21001110
21001211
21012001
21012010
21012100
21012201
21012210
21112111
21120011
21120101
21120110
21120211
21121000
21121200
21122000
21122200
21200001
21200010
21200100
21200201
21200210
21211000
21211200
21212111
21221111
22000000
22000200
22002111
22010011
22010101
22010110
22010211
22020000
22020200
22101001
22101010
22101100
22101201
22101210
22111111
22112000
22112200
22121111
22200111
22211000
22211200
22222001
22222010
22222011
22222100
22222101
22222110
22222201
22222210
22222211