000000000
000000111
000012011
000012100
000021000
000021111
000101001
000101110
000110001
000110110
000122010
000122101
000211010
000211101
000220011
000220100
001001010
001001101
001010010
001010101
001022001
001022110
001102011
001102100
001111011
001111100
001120000
001120111
001200001
001200110
001212000
001212111
002011000
002011111
002020010
002020101
002100011
002100100
002102001
002102110
002112001
002112110
002202001
002202110
002210011
002210100
002221000
002221010
002221011
002221100
002221101
002221111
010001010
010001101
010022000
010022111
010110001
010110110
010111011
010111100
010120001
010120110
010202000
010202010
010202011
010202100
010202101
010202111
010210001
010210110
010221011
010221100
011002000
011002111
011011000
011011111
011020011
011020100
011100010
011100101
011112001
011112110
011121001
011121110
011201011
011201100
011222010
011222101
012000001
012000110
012012010
012012101
012021010
012021101
012101000
012101111
012110011
012110100
012122011
012122100
012211001
012211110
012220000
012220111
020002010
020002101
020011001
020011110
020020010
020020101
020100011
020100100
020112000
020112111
020121011
020121100
020201000
020201111
020222001
020222110
021000000
021000111
021012010
021012101
021101001
021101110
021121001
021121110
021122011
021122100
021202011
021202100
021210000
021210010
021210011
021210100
021210101
021210111
021221001
021221110
022001011
022001100
022010000
022010111
022022000
022022111
022102001
022102110
022111010
022111101
022120001
022120110
022200010
022200101
022212011
022212100
100002001
100002110
100011010
100011101
100020001
100020110
100100010
100100101
100112011
100112100
100201011
100201100
100210000
100210111
100222000
100222111
101000011
101000100
101012000
101012111
101021011
101021100
101101000
101101111
101122001
101122110
101202010
101202101
101211001
101211110
101220010
101220101
102001001
102001110
102021001
102021110
102022011
102022100
102102011
102102100
102110000
102110010
102110011
102110100
102110101
102110111
102121001
102121110
102200000
102200111
102212010
102212101
110000011
110000100
110002001
110002110
110012001
110012110
110102001
110102110
110110011
110110100
110121000
110121010
110121011
110121100
110121101
110121111
110211000
110211111
110220010
110220101
111001001
111001110
111010001
111010110
111022010
111022101
111111010
111111101
111120011
111120100
111200000
111200111
111212011
111212100
111221000
111221111
112002011
112002100
112011011
112011100
112020000
112020111
112100001
112100110
112112000
112112111
112201010
112201101
112210010
112210101
112222001
112222110
120001000
120001111
120010011
120010100
120022011
120022100
120111001
120111110
120120000
120120111
120200001
120200110
120212010
120212101
120221010
120221101
121010001
121010110
121011011
121011100
121020001
121020110
121102000
121102010
121102011
121102100
121102101
121102111
121110001
121110110
121121011
121121100
121201010
121201101
121222000
121222111
122000010
122000101
122012001
122012110
122021001
122021110
122101011
122101100
122122010
122122101
122202000
122202111
122211000
122211111
122220011
122220100
200001011
200001100
200022010
200022101
200102000
200102111
200111000
200111111
200120011
200120100
200200010
200200101
200212001
200212110
200221001
200221110
201011001
201011110
201020000
201020111
201100001
201100110
201112010
201112101
201121010
201121101
201201000
201201111
201210011
201210100
201222011
201222100
202002000
202002010
202002011
202002100
202002101
202002111
202010001
202010110
202021011
202021100
202101010
202101101
202122000
202122111
202210001
202210110
202211011
202211100
202220001
202220110
210002011
210002100
210010000
210010010
210010011
210010100
210010101
210010111
210021001
210021110
210100000
210100111
210112010
210112101
210201001
210201110
210221001
210221110
210222011
210222100
211000010
211000101
211012011
211012100
211101011
211101100
211110000
211110111
211122000
211122111
211202001
211202110
211211010
211211101
211220001
211220110
212001000
212001111
212022001
212022110
212102010
212102101
212111001
212111110
212120010
212120101
212200011
212200100
212212000
212212111
212221011
212221100
220000001
220000110
220012000
220012111
220101010
220101101
220110010
220110101
220122001
220122110
220202011
220202100
220211011
220211100
220220000
220220111
221002001
221002110
221010011
221010100
221021000
221021010
221021011
221021100
221021101
221021111
221111000
221111111
221120010
221120101
221200011
221200100
221202001
221202110
221212001
221212110
222011010
222011101
222020011
222020100
222100000
222100111
222112011
222112100
222121000
222121111
222201001
222201110
222210001
222210110
222222010
222222101