0000000001110
0000000010011
0000000100000
0000000111101
0000001001110
0000001010011
0000001100000
0000001111101
0000010000101
0000010011000
0000010101011
0000010110110
0000011000101
0000011011000
0000011101011
0000011110110
0000020000101
0000020011000
0000020101011
0000020110110
0000021000101
0000021011000
0000021101011
0000021110110
0000100001001
0000100010100
0000100100111
0000100111010
0000101001001
0000101010100
0000101100111
0000101111010
0000110000010
0000110011111
0000110101100
0000110110001
0000111000010
0000111011111
0000111101100
0000111110001
0000120000010
0000120011111
0000120101100
0000120110001
0000121000010
0000121011111
0000121101100
0000121110001
0000200001110
0000200010011
0000200100000
0000200111101
0000201001110
0000201010011
0000201100000
0000201111101
0000210000101
0000210011000
0000210101011
0000210110110
0000211000101
0000211011000
0000211101011
0000211110110
0000220000101
0000220011000
0000220101011
0000220110110
0000221000101
0000221011000
0000221101011
0000221110110
0001000000010
0001000011111
0001000101100
0001000110001
0001001000010
0001001011111
0001001101100
0001001110001
0001010001001
0001010010100
0001010100111
0001010111010
0001011001001
0001011010100
0001011100111
0001011111010
0001020001001
0001020010100
0001020100111
0001020111010
0001021001001
0001021010100
0001021100111
0001021111010
0001100000101
0001100011000
0001100101011
0001100110110
0001101000101
0001101011000
0001101101011
0001101110110
0001110001110
0001110010011
0001110100000
0001110111101
0001111001110
0001111010011
0001111100000
0001111111101
0001120001110
0001120010011
0001120100000
0001120111101
0001121001110
0001121010011
0001121100000
0001121111101
0001200000010
0001200011111
0001200101100
0001200110001
0001201000010
0001201011111
0001201101100
0001201110001
0001210001001
0001210010100
0001210100111
0001210111010
0001211001001
0001211010100
0001211100111
0001211111010
0001220001001
0001220010100
0001220100111
0001220111010
0001221001001
0001221010100
0001221100111
0001221111010
0002000001011
0002000010110
0002000100101
0002000111000
0002001001011
0002001010110
0002001100101
0002001111000
0002010000000
0002010011101
0002010101110
0002010110011
0002011000000
0002011011101
0002011101110
0002011110011
0002020000000
0002020011101
0002020101110
0002020110011
0002021000000
0002021011101
0002021101110
0002021110011
0002100001100
0002100010001
0002100100010
0002100111111
0002101001100
0002101010001
0002101100010
0002101111111
0002110000111
0002110011010
0002110101001
0002110110100
0002111000111
0002111011010
0002111101001
0002111110100
0002120000111
0002120011010
0002120101001
0002120110100
0002121000111
0002121011010
0002121101001
0002121110100
0002200001011
0002200010110
0002200100101
0002200111000
0002201001011
0002201010110
0002201100101
0002201111000
0002210000000
0002210011101
0002210101110
0002210110011
0002211000000
0002211011101
0002211101110
0002211110011
0002220000000
0002220011101
0002220101110
0002220110011
0002221000000
0002221011101
0002221101110
0002221110011
0010000001101
0010000010000
0010000100110
0010000111011
0010001001101
0010001010000
0010001100110
0010001111011
0010010000011
0010010011110
0010010101000
0010010110101
0010011000011
0010011011110
0010011101000
0010011110101
0010020000011
0010020011110
0010020101000
0010020110101
0010021000011
0010021011110
0010021101000
0010021110101
0010100001010
0010100010111
0010100100001
0010100111100
0010101001010
0010101010111
0010101100001
0010101111100
0010110000100
0010110011001
0010110101111
0010110110010
0010111000100
0010111011001
0010111101111
0010111110010
0010120000100
0010120011001
0010120101111
0010120110010
0010121000100
0010121011001
0010121101111
0010121110010
0010200001101
0010200010000
0010200100110
0010200111011
0010201001101
0010201010000
0010201100110
0010201111011
0010210000011
0010210011110
0010210101000
0010210110101
0010211000011
0010211011110
0010211101000
0010211110101
0010220000011
0010220011110
0010220101000
0010220110101
0010221000011
0010221011110
0010221101000
0010221110101
0011000001011
0011000010110
0011000100101
0011000111000
0011001001011
0011001010110
0011001100101
0011001111000
0011010000000
0011010011101
0011010101110
0011010110011
0011011000000
0011011011101
0011011101110
0011011110011
0011020000000
0011020011101
0011020101110
0011020110011
0011021000000
0011021011101
0011021101110
0011021110011
0011100001100
0011100010001
0011100100010
0011100111111
0011101001100
0011101010001
0011101100010
0011101111111
0011110000111
0011110011010
0011110101001
0011110110100
0011111000111
0011111011010
0011111101001
0011111110100
0011120000111
0011120011010
0011120101001
0011120110100
0011121000111
0011121011010
0011121101001
0011121110100
0011200001011
0011200010110
0011200100101
0011200111000
0011201001011
0011201010110
0011201100101
0011201111000
0011210000000
0011210011101
0011210101110
0011210110011
0011211000000
0011211011101
0011211101110
0011211110011
0011220000000
0011220011101
0011220101110
0011220110011
0011221000000
0011221011101
0011221101110
0011221110011
0012000000001
0012000011100
0012000101010
0012000110111
0012001000001
0012001011100
0012001101010
0012001110111
0012010000110
0012010011011
0012010101101
0012010110000
0012011000110
0012011011011
0012011101101
0012011110000
0012020000110
0012020011011
0012020101101
0012020110000
0012021000110
0012021011011
0012021101101
0012021110000
0012100001111
0012100010010
0012100100100
0012100111001
0012101001111
0012101010010
0012101100100
0012101111001
0012110001000
0012110010101
0012110100011
0012110111110
0012111001000
0012111010101
0012111100011
0012111111110
0012120001000
0012120010101
0012120100011
0012120111110
0012121001000
0012121010101
0012121100011
0012121111110
0012200000001
0012200011100
0012200101010
0012200110111
0012201000001
0012201011100
0012201101010
0012201110111
0012210000110
0012210011011
0012210101101
0012210110000
0012211000110
0012211011011
0012211101101
0012211110000
0012220000110
0012220011011
0012220101101
0012220110000
0012221000110
0012221011011
0012221101101
0012221110000
0020000001000
0020000010101
0020000100011
0020000111110
0020001001000
0020001010101
0020001100011
0020001111110
0020010001111
0020010010010
0020010100100
0020010111001
0020011001111
0020011010010
0020011100100
0020011111001
0020020001111
0020020010010
0020020100100
0020020111001
0020021001111
0020021010010
0020021100100
0020021111001
0020100000110
0020100011011
0020100101101
0020100110000
0020101000110
0020101011011
0020101101101
0020101110000
0020110000001
0020110011100
0020110101010
0020110110111
0020111000001
0020111011100
0020111101010
0020111110111
0020120000001
0020120011100
0020120101010
0020120110111
0020121000001
0020121011100
0020121101010
0020121110111
0020200001000
0020200010101
0020200100011
0020200111110
0020201001000
0020201010101
0020201100011
0020201111110
0020210001111
0020210010010
0020210100100
0020210111001
0020211001111
0020211010010
0020211100100
0020211111001
0020220001111
0020220010010
0020220100100
0020220111001
0020221001111
0020221010010
0020221100100
0020221111001
0021000000100
0021000011001
0021000101111
0021000110010
0021001000100
0021001011001
0021001101111
0021001110010
0021010001010
0021010010111
0021010100001
0021010111100
0021011001010
0021011010111
0021011100001
0021011111100
0021020001010
0021020010111
0021020100001
0021020111100
0021021001010
0021021010111
0021021100001
0021021111100
0021100000011
0021100011110
0021100101000
0021100110101
0021101000011
0021101011110
0021101101000
0021101110101
0021110001101
0021110010000
0021110100110
0021110111011
0021111001101
0021111010000
0021111100110
0021111111011
0021120001101
0021120010000
0021120100110
0021120111011
0021121001101
0021121010000
0021121100110
0021121111011
0021200000100
0021200011001
0021200101111
0021200110010
0021201000100
0021201011001
0021201101111
0021201110010
0021210001010
0021210010111
0021210100001
0021210111100
0021211001010
0021211010111
0021211100001
0021211111100
0021220001010
0021220010111
0021220100001
0021220111100
0021221001010
0021221010111
0021221100001
0021221111100
0022000000111
0022000011010
0022000101001
0022000110100
0022001000111
0022001011010
0022001101001
0022001110100
0022010001100
0022010010001
0022010100010
0022010111111
0022011001100
0022011010001
0022011100010
0022011111111
0022020001100
0022020010001
0022020100010
0022020111111
0022021001100
0022021010001
0022021100010
0022021111111
0022100000000
0022100011101
0022100101110
0022100110011
0022101000000
0022101011101
0022101101110
0022101110011
0022110001011
0022110010110
0022110100101
0022110111000
0022111001011
0022111010110
0022111100101
0022111111000
0022120001011
0022120010110
0022120100101
0022120111000
0022121001011
0022121010110
0022121100101
0022121111000
0022200000111
0022200011010
0022200101001
0022200110100
0022201000111
0022201011010
0022201101001
0022201110100
0022210001100
0022210010001
0022210100010
0022210111111
0022211001100
0022211010001
0022211100010
0022211111111
0022220001100
0022220010001
0022220100010
0022220111111
0022221001100
0022221010001
0022221100010
0022221111111
0100000000100
0100000011001
0100000101111
0100000110010
0100001000100
0100001011001
0100001101111
0100001110010
0100010001010
0100010010111
0100010100001
0100010111100
0100011001010
0100011010111
0100011100001
0100011111100
0100020001010
0100020010111
0100020100001
0100020111100
0100021001010
0100021010111
0100021100001
0100021111100
0100100000011
0100100011110
0100100101000
0100100110101
0100101000011
0100101011110
0100101101000
0100101110101
0100110001101
0100110010000
0100110100110
0100110111011
0100111001101
0100111010000
0100111100110
0100111111011
0100120001101
0100120010000
0100120100110
0100120111011
0100121001101
0100121010000
0100121100110
0100121111011
0100200000100
0100200011001
0100200101111
0100200110010
0100201000100
0100201011001
0100201101111
0100201110010
0100210001010
0100210010111
0100210100001
0100210111100
0100211001010
0100211010111
0100211100001
0100211111100
0100220001010
0100220010111
0100220100001
0100220111100
0100221001010
0100221010111
0100221100001
0100221111100
0101000000111
0101000011010
0101000101001
0101000110100
0101001000111
0101001011010
0101001101001
0101001110100
0101010001100
0101010010001
0101010100010
0101010111111
0101011001100
0101011010001
0101011100010
0101011111111
0101020001100
0101020010001
0101020100010
0101020111111
0101021001100
0101021010001
0101021100010
0101021111111
0101100000000
0101100011101
0101100101110
0101100110011
0101101000000
0101101011101
0101101101110
0101101110011
0101110001011
0101110010110
0101110100101
0101110111000
0101111001011
0101111010110
0101111100101
0101111111000
0101120001011
0101120010110
0101120100101
0101120111000
0101121001011
0101121010110
0101121100101
0101121111000
0101200000111
0101200011010
0101200101001
0101200110100
0101201000111
0101201011010
0101201101001
0101201110100
0101210001100
0101210010001
0101210100010
0101210111111
0101211001100
0101211010001
0101211100010
0101211111111
0101220001100
0101220010001
0101220100010
0101220111111
0101221001100
0101221010001
0101221100010
0101221111111
0102000001000
0102000010101
0102000100011
0102000111110
0102001001000
0102001010101
0102001100011
0102001111110
0102010001111
0102010010010
0102010100100
0102010111001
0102011001111
0102011010010
0102011100100
0102011111001
0102020001111
0102020010010
0102020100100
0102020111001
0102021001111
0102021010010
0102021100100
0102021111001
0102100000110
0102100011011
0102100101101
0102100110000
0102101000110
0102101011011
0102101101101
0102101110000
0102110000001
0102110011100
0102110101010
0102110110111
0102111000001
0102111011100
0102111101010
0102111110111
0102120000001
0102120011100
0102120101010
0102120110111
0102121000001
0102121011100
0102121101010
0102121110111
0102200001000
0102200010101
0102200100011
0102200111110
0102201001000
0102201010101
0102201100011
0102201111110
0102210001111
0102210010010
0102210100100
0102210111001
0102211001111
0102211010010
0102211100100
0102211111001
0102220001111
0102220010010
0102220100100
0102220111001
0102221001111
0102221010010
0102221100100
0102221111001
0110000000010
0110000011111
0110000101100
0110000110001
0110001000010
0110001011111
0110001101100
0110001110001
0110010001001
0110010010100
0110010100111
0110010111010
0110011001001
0110011010100
0110011100111
0110011111010
0110020001001
0110020010100
0110020100111
0110020111010
0110021001001
0110021010100
0110021100111
0110021111010
0110100000101
0110100011000
0110100101011
0110100110110
0110101000101
0110101011000
0110101101011
0110101110110
0110110001110
0110110010011
0110110100000
0110110111101
0110111001110
0110111010011
0110111100000
0110111111101
0110120001110
0110120010011
0110120100000
0110120111101
0110121001110
0110121010011
0110121100000
0110121111101
0110200000010
0110200011111
0110200101100
0110200110001
0110201000010
0110201011111
0110201101100
0110201110001
0110210001001
0110210010100
0110210100111
0110210111010
0110211001001
0110211010100
0110211100111
0110211111010
0110220001001
0110220010100
0110220100111
0110220111010
0110221001001
0110221010100
0110221100111
0110221111010
0111000001011
0111000010110
0111000100101
0111000111000
0111001001011
0111001010110
0111001100101
0111001111000
0111010000000
0111010011101
0111010101110
0111010110011
0111011000000
0111011011101
0111011101110
0111011110011
0111020000000
0111020011101
0111020101110
0111020110011
0111021000000
0111021011101
0111021101110
0111021110011
0111100001100
0111100010001
0111100100010
0111100111111
0111101001100
0111101010001
0111101100010
0111101111111
0111110000111
0111110011010
0111110101001
0111110110100
0111111000111
0111111011010
0111111101001
0111111110100
0111120000111
0111120011010
0111120101001
0111120110100
0111121000111
0111121011010
0111121101001
0111121110100
0111200001011
0111200010110
0111200100101
0111200111000
0111201001011
0111201010110
0111201100101
0111201111000
0111210000000
0111210011101
0111210101110
0111210110011
0111211000000
0111211011101
0111211101110
0111211110011
0111220000000
0111220011101
0111220101110
0111220110011
0111221000000
0111221011101
0111221101110
0111221110011
0112000001110
0112000010011
0112000100000
0112000111101
0112001001110
0112001010011
0112001100000
0112001111101
0112010000101
0112010011000
0112010101011
0112010110110
0112011000101
0112011011000
0112011101011
0112011110110
0112020000101
0112020011000
0112020101011
0112020110110
0112021000101
0112021011000
0112021101011
0112021110110
0112100001001
0112100010100
0112100100111
0112100111010
0112101001001
0112101010100
0112101100111
0112101111010
0112110000010
0112110011111
0112110101100
0112110110001
0112111000010
0112111011111
0112111101100
0112111110001
0112120000010
0112120011111
0112120101100
0112120110001
0112121000010
0112121011111
0112121101100
0112121110001
0112200001110
0112200010011
0112200100000
0112200111101
0112201001110
0112201010011
0112201100000
0112201111101
0112210000101
0112210011000
0112210101011
0112210110110
0112211000101
0112211011000
0112211101011
0112211110110
0112220000101
0112220011000
0112220101011
0112220110110
0112221000101
0112221011000
0112221101011
0112221110110
0120000001011
0120000010110
0120000100101
0120000111000
0120001001011
0120001010110
0120001100101
0120001111000
0120010000000
0120010011101
0120010101110
0120010110011
0120011000000
0120011011101
0120011101110
0120011110011
0120020000000
0120020011101
0120020101110
0120020110011
0120021000000
0120021011101
0120021101110
0120021110011
0120100001100
0120100010001
0120100100010
0120100111111
0120101001100
0120101010001
0120101100010
0120101111111
0120110000111
0120110011010
0120110101001
0120110110100
0120111000111
0120111011010
0120111101001
0120111110100
0120120000111
0120120011010
0120120101001
0120120110100
0120121000111
0120121011010
0120121101001
0120121110100
0120200001011
0120200010110
0120200100101
0120200111000
0120201001011
0120201010110
0120201100101
0120201111000
0120210000000
0120210011101
0120210101110
0120210110011
0120211000000
0120211011101
0120211101110
0120211110011
0120220000000
0120220011101
0120220101110
0120220110011
0120221000000
0120221011101
0120221101110
0120221110011
0121000000001
0121000011100
0121000101010
0121000110111
0121001000001
0121001011100
0121001101010
0121001110111
0121010000110
0121010011011
0121010101101
0121010110000
0121011000110
0121011011011
0121011101101
0121011110000
0121020000110
0121020011011
0121020101101
0121020110000
0121021000110
0121021011011
0121021101101
0121021110000
0121100001111
0121100010010
0121100100100
0121100111001
0121101001111
0121101010010
0121101100100
0121101111001
0121110001000
0121110010101
0121110100011
0121110111110
0121111001000
0121111010101
0121111100011
0121111111110
0121120001000
0121120010101
0121120100011
0121120111110
0121121001000
0121121010101
0121121100011
0121121111110
0121200000001
0121200011100
0121200101010
0121200110111
0121201000001
0121201011100
0121201101010
0121201110111
0121210000110
0121210011011
0121210101101
0121210110000
0121211000110
0121211011011
0121211101101
0121211110000
0121220000110
0121220011011
0121220101101
0121220110000
0121221000110
0121221011011
0121221101101
0121221110000
0122000001101
0122000010000
0122000100110
0122000111011
0122001001101
0122001010000
0122001100110
0122001111011
0122010000011
0122010011110
0122010101000
0122010110101
0122011000011
0122011011110
0122011101000
0122011110101
0122020000011
0122020011110
0122020101000
0122020110101
0122021000011
0122021011110
0122021101000
0122021110101
0122100001010
0122100010111
0122100100001
0122100111100
0122101001010
0122101010111
0122101100001
0122101111100
0122110000100
0122110011001
0122110101111
0122110110010
0122111000100
0122111011001
0122111101111
0122111110010
0122120000100
0122120011001
0122120101111
0122120110010
0122121000100
0122121011001
0122121101111
0122121110010
0122200001101
0122200010000
0122200100110
0122200111011
0122201001101
0122201010000
0122201100110
0122201111011
0122210000011
0122210011110
0122210101000
0122210110101
0122211000011
0122211011110
0122211101000
0122211110101
0122220000011
0122220011110
0122220101000
0122220110101
0122221000011
0122221011110
0122221101000
0122221110101
0200000000001
0200000011100
0200000101010
0200000110111
0200001000001
0200001011100
0200001101010
0200001110111
0200010000110
0200010011011
0200010101101
0200010110000
0200011000110
0200011011011
0200011101101
0200011110000
0200020000110
0200020011011
0200020101101
0200020110000
0200021000110
0200021011011
0200021101101
0200021110000
0200100001111
0200100010010
0200100100100
0200100111001
0200101001111
0200101010010
0200101100100
0200101111001
0200110001000
0200110010101
0200110100011
0200110111110
0200111001000
0200111010101
0200111100011
0200111111110
0200120001000
0200120010101
0200120100011
0200120111110
0200121001000
0200121010101
0200121100011
0200121111110
0200200000001
0200200011100
0200200101010
0200200110111
0200201000001
0200201011100
0200201101010
0200201110111
0200210000110
0200210011011
0200210101101
0200210110000
0200211000110
0200211011011
0200211101101
0200211110000
0200220000110
0200220011011
0200220101101
0200220110000
0200221000110
0200221011011
0200221101101
0200221110000
0201000001101
0201000010000
0201000100110
0201000111011
0201001001101
0201001010000
0201001100110
0201001111011
0201010000011
0201010011110
0201010101000
0201010110101
0201011000011
0201011011110
0201011101000
0201011110101
0201020000011
0201020011110
0201020101000
0201020110101
0201021000011
0201021011110
0201021101000
0201021110101
0201100001010
0201100010111
0201100100001
0201100111100
0201101001010
0201101010111
0201101100001
0201101111100
0201110000100
0201110011001
0201110101111
0201110110010
0201111000100
0201111011001
0201111101111
0201111110010
0201120000100
0201120011001
0201120101111
0201120110010
0201121000100
0201121011001
0201121101111
0201121110010
0201200001101
0201200010000
0201200100110
0201200111011
0201201001101
0201201010000
0201201100110
0201201111011
0201210000011
0201210011110
0201210101000
0201210110101
0201211000011
0201211011110
0201211101000
0201211110101
0201220000011
0201220011110
0201220101000
0201220110101
0201221000011
0201221011110
0201221101000
0201221110101
0202000001011
0202000010110
0202000100101
0202000111000
0202001001011
0202001010110
0202001100101
0202001111000
0202010000000
0202010011101
0202010101110
0202010110011
0202011000000
0202011011101
0202011101110
0202011110011
0202020000000
0202020011101
0202020101110
0202020110011
0202021000000
0202021011101
0202021101110
0202021110011
0202100001100
0202100010001
0202100100010
0202100111111
0202101001100
0202101010001
0202101100010
0202101111111
0202110000111
0202110011010
0202110101001
0202110110100
0202111000111
0202111011010
0202111101001
0202111110100
0202120000111
0202120011010
0202120101001
0202120110100
0202121000111
0202121011010
0202121101001
0202121110100
0202200001011
0202200010110
0202200100101
0202200111000
0202201001011
0202201010110
0202201100101
0202201111000
0202210000000
0202210011101
0202210101110
0202210110011
0202211000000
0202211011101
0202211101110
0202211110011
0202220000000
0202220011101
0202220101110
0202220110011
0202221000000
0202221011101
0202221101110
0202221110011
0210000000111
0210000011010
0210000101001
0210000110100
0210001000111
0210001011010
0210001101001
0210001110100
0210010001100
0210010010001
0210010100010
0210010111111
0210011001100
0210011010001
0210011100010
0210011111111
0210020001100
0210020010001
0210020100010
0210020111111
0210021001100
0210021010001
0210021100010
0210021111111
0210100000000
0210100011101
0210100101110
0210100110011
0210101000000
0210101011101
0210101101110
0210101110011
0210110001011
0210110010110
0210110100101
0210110111000
0210111001011
0210111010110
0210111100101
0210111111000
0210120001011
0210120010110
0210120100101
0210120111000
0210121001011
0210121010110
0210121100101
0210121111000
0210200000111
0210200011010
0210200101001
0210200110100
0210201000111
0210201011010
0210201101001
0210201110100
0210210001100
0210210010001
0210210100010
0210210111111
0210211001100
0210211010001
0210211100010
0210211111111
0210220001100
0210220010001
0210220100010
0210220111111
0210221001100
0210221010001
0210221100010
0210221111111
0211000001000
0211000010101
0211000100011
0211000111110
0211001001000
0211001010101
0211001100011
0211001111110
0211010001111
0211010010010
0211010100100
0211010111001
0211011001111
0211011010010
0211011100100
0211011111001
0211020001111
0211020010010
0211020100100
0211020111001
0211021001111
0211021010010
0211021100100
0211021111001
0211100000110
0211100011011
0211100101101
0211100110000
0211101000110
0211101011011
0211101101101
0211101110000
0211110000001
0211110011100
0211110101010
0211110110111
0211111000001
0211111011100
0211111101010
0211111110111
0211120000001
0211120011100
0211120101010
0211120110111
0211121000001
0211121011100
0211121101010
0211121110111
0211200001000
0211200010101
0211200100011
0211200111110
0211201001000
0211201010101
0211201100011
0211201111110
0211210001111
0211210010010
0211210100100
0211210111001
0211211001111
0211211010010
0211211100100
0211211111001
0211220001111
0211220010010
0211220100100
0211220111001
0211221001111
0211221010010
0211221100100
0211221111001
0212000000100
0212000011001
0212000101111
0212000110010
0212001000100
0212001011001
0212001101111
0212001110010
0212010001010
0212010010111
0212010100001
0212010111100
0212011001010
0212011010111
0212011100001
0212011111100
0212020001010
0212020010111
0212020100001
0212020111100
0212021001010
0212021010111
0212021100001
0212021111100
0212100000011
0212100011110
0212100101000
0212100110101
0212101000011
0212101011110
0212101101000
0212101110101
0212110001101
0212110010000
0212110100110
0212110111011
0212111001101
0212111010000
0212111100110
0212111111011
0212120001101
0212120010000
0212120100110
0212120111011
0212121001101
0212121010000
0212121100110
0212121111011
0212200000100
0212200011001
0212200101111
0212200110010
0212201000100
0212201011001
0212201101111
0212201110010
0212210001010
0212210010111
0212210100001
0212210111100
0212211001010
0212211010111
0212211100001
0212211111100
0212220001010
0212220010111
0212220100001
0212220111100
0212221001010
0212221010111
0212221100001
0212221111100
0220000001011
0220000010110
0220000100101
0220000111000
0220001001011
0220001010110
0220001100101
0220001111000
0220010000000
0220010011101
0220010101110
0220010110011
0220011000000
0220011011101
0220011101110
0220011110011
0220020000000
0220020011101
0220020101110
0220020110011
0220021000000
0220021011101
0220021101110
0220021110011
0220100001100
0220100010001
0220100100010
0220100111111
0220101001100
0220101010001
0220101100010
0220101111111
0220110000111
0220110011010
0220110101001
0220110110100
0220111000111
0220111011010
0220111101001
0220111110100
0220120000111
0220120011010
0220120101001
0220120110100
0220121000111
0220121011010
0220121101001
0220121110100
0220200001011
0220200010110
0220200100101
0220200111000
0220201001011
0220201010110
0220201100101
0220201111000
0220210000000
0220210011101
0220210101110
0220210110011
0220211000000
0220211011101
0220211101110
0220211110011
0220220000000
0220220011101
0220220101110
0220220110011
0220221000000
0220221011101
0220221101110
0220221110011
0221000001110
0221000010011
0221000100000
0221000111101
0221001001110
0221001010011
0221001100000
0221001111101
0221010000101
0221010011000
0221010101011
0221010110110
0221011000101
0221011011000
0221011101011
0221011110110
0221020000101
0221020011000
0221020101011
0221020110110
0221021000101
0221021011000
0221021101011
0221021110110
0221100001001
0221100010100
0221100100111
0221100111010
0221101001001
0221101010100
0221101100111
0221101111010
0221110000010
0221110011111
0221110101100
0221110110001
0221111000010
0221111011111
0221111101100
0221111110001
0221120000010
0221120011111
0221120101100
0221120110001
0221121000010
0221121011111
0221121101100
0221121110001
0221200001110
0221200010011
0221200100000
0221200111101
0221201001110
0221201010011
0221201100000
0221201111101
0221210000101
0221210011000
0221210101011
0221210110110
0221211000101
0221211011000
0221211101011
0221211110110
0221220000101
0221220011000
0221220101011
0221220110110
0221221000101
0221221011000
0221221101011
0221221110110
0222000000010
0222000011111
0222000101100
0222000110001
0222001000010
0222001011111
0222001101100
0222001110001
0222010001001
0222010010100
0222010100111
0222010111010
0222011001001
0222011010100
0222011100111
0222011111010
0222020001001
0222020010100
0222020100111
0222020111010
0222021001001
0222021010100
0222021100111
0222021111010
0222100000101
0222100011000
0222100101011
0222100110110
0222101000101
0222101011000
0222101101011
0222101110110
0222110001110
0222110010011
0222110100000
0222110111101
0222111001110
0222111010011
0222111100000
0222111111101
0222120001110
0222120010011
0222120100000
0222120111101
0222121001110
0222121010011
0222121100000
0222121111101
0222200000010
0222200011111
0222200101100
0222200110001
0222201000010
0222201011111
0222201101100
0222201110001
0222210001001
0222210010100
0222210100111
0222210111010
0222211001001
0222211010100
0222211100111
0222211111010
0222220001001
0222220010100
0222220100111
0222220111010
0222221001001
0222221010100
0222221100111
0222221111010
1000000001011
1000000010110
1000000100101
1000000111000
1000001001011
1000001010110
1000001100101
1000001111000
1000010000000
1000010011101
1000010101110
1000010110011
1000011000000
1000011011101
1000011101110
1000011110011
1000020000000
1000020011101
1000020101110
1000020110011
1000021000000
1000021011101
1000021101110
1000021110011
1000100001100
1000100010001
1000100100010
1000100111111
1000101001100
1000101010001
1000101100010
1000101111111
1000110000111
1000110011010
1000110101001
1000110110100
1000111000111
1000111011010
1000111101001
1000111110100
1000120000111
1000120011010
1000120101001
1000120110100
1000121000111
1000121011010
1000121101001
1000121110100
1000200001011
1000200010110
1000200100101
1000200111000
1000201001011
1000201010110
1000201100101
1000201111000
1000210000000
1000210011101
1000210101110
1000210110011
1000211000000
1000211011101
1000211101110
1000211110011
1000220000000
1000220011101
1000220101110
1000220110011
1000221000000
1000221011101
1000221101110
1000221110011
1001000000001
1001000011100
1001000101010
1001000110111
1001001000001
1001001011100
1001001101010
1001001110111
1001010000110
1001010011011
1001010101101
1001010110000
1001011000110
1001011011011
1001011101101
1001011110000
1001020000110
1001020011011
1001020101101
1001020110000
1001021000110
1001021011011
1001021101101
1001021110000
1001100001111
1001100010010
1001100100100
1001100111001
1001101001111
1001101010010
1001101100100
1001101111001
1001110001000
1001110010101
1001110100011
1001110111110
1001111001000
1001111010101
1001111100011
1001111111110
1001120001000
1001120010101
1001120100011
1001120111110
1001121001000
1001121010101
1001121100011
1001121111110
1001200000001
1001200011100
1001200101010
1001200110111
1001201000001
1001201011100
1001201101010
1001201110111
1001210000110
1001210011011
1001210101101
1001210110000
1001211000110
1001211011011
1001211101101
1001211110000
1001220000110
1001220011011
1001220101101
1001220110000
1001221000110
1001221011011
1001221101101
1001221110000
1002000001101
1002000010000
1002000100110
1002000111011
1002001001101
1002001010000
1002001100110
1002001111011
1002010000011
1002010011110
1002010101000
1002010110101
1002011000011
1002011011110
1002011101000
1002011110101
1002020000011
1002020011110
1002020101000
1002020110101
1002021000011
1002021011110
1002021101000
1002021110101
1002100001010
1002100010111
1002100100001
1002100111100
1002101001010
1002101010111
1002101100001
1002101111100
1002110000100
1002110011001
1002110101111
1002110110010
1002111000100
1002111011001
1002111101111
1002111110010
1002120000100
1002120011001
1002120101111
1002120110010
1002121000100
1002121011001
1002121101111
1002121110010
1002200001101
1002200010000
1002200100110
1002200111011
1002201001101
1002201010000
1002201100110
1002201111011
1002210000011
1002210011110
1002210101000
1002210110101
1002211000011
1002211011110
1002211101000
1002211110101
1002220000011
1002220011110
1002220101000
1002220110101
1002221000011
1002221011110
1002221101000
1002221110101
1010000000100
1010000011001
1010000101111
1010000110010
1010001000100
1010001011001
1010001101111
1010001110010
1010010001010
1010010010111
1010010100001
1010010111100
1010011001010
1010011010111
1010011100001
1010011111100
1010020001010
1010020010111
1010020100001
1010020111100
1010021001010
1010021010111
1010021100001
1010021111100
1010100000011
1010100011110
1010100101000
1010100110101
1010101000011
1010101011110
1010101101000
1010101110101
1010110001101
1010110010000
1010110100110
1010110111011
1010111001101
1010111010000
1010111100110
1010111111011
1010120001101
1010120010000
1010120100110
1010120111011
1010121001101
1010121010000
1010121100110
1010121111011
1010200000100
1010200011001
1010200101111
1010200110010
1010201000100
1010201011001
1010201101111
1010201110010
1010210001010
1010210010111
1010210100001
1010210111100
1010211001010
1010211010111
1010211100001
1010211111100
1010220001010
1010220010111
1010220100001
1010220111100
1010221001010
1010221010111
1010221100001
1010221111100
1011000000111
1011000011010
1011000101001
1011000110100
1011001000111
1011001011010
1011001101001
1011001110100
1011010001100
1011010010001
1011010100010
1011010111111
1011011001100
1011011010001
1011011100010
1011011111111
1011020001100
1011020010001
1011020100010
1011020111111
1011021001100
1011021010001
1011021100010
1011021111111
1011100000000
1011100011101
1011100101110
1011100110011
1011101000000
1011101011101
1011101101110
1011101110011
1011110001011
1011110010110
1011110100101
1011110111000
1011111001011
1011111010110
1011111100101
1011111111000
1011120001011
1011120010110
1011120100101
1011120111000
1011121001011
1011121010110
1011121100101
1011121111000
1011200000111
1011200011010
1011200101001
1011200110100
1011201000111
1011201011010
1011201101001
1011201110100
1011210001100
1011210010001
1011210100010
1011210111111
1011211001100
1011211010001
1011211100010
1011211111111
1011220001100
1011220010001
1011220100010
1011220111111
1011221001100
1011221010001
1011221100010
1011221111111
1012000001000
1012000010101
1012000100011
1012000111110
1012001001000
1012001010101
1012001100011
1012001111110
1012010001111
1012010010010
1012010100100
1012010111001
1012011001111
1012011010010
1012011100100
1012011111001
1012020001111
1012020010010
1012020100100
1012020111001
1012021001111
1012021010010
1012021100100
1012021111001
1012100000110
1012100011011
1012100101101
1012100110000
1012101000110
1012101011011
1012101101101
1012101110000
1012110000001
1012110011100
1012110101010
1012110110111
1012111000001
1012111011100
1012111101010
1012111110111
1012120000001
1012120011100
1012120101010
1012120110111
1012121000001
1012121011100
1012121101010
1012121110111
1012200001000
1012200010101
1012200100011
1012200111110
1012201001000
1012201010101
1012201100011
1012201111110
1012210001111
1012210010010
1012210100100
1012210111001
1012211001111
1012211010010
1012211100100
1012211111001
1012220001111
1012220010010
1012220100100
1012220111001
1012221001111
1012221010010
1012221100100
1012221111001
1020000000010
1020000011111
1020000101100
1020000110001
1020001000010
1020001011111
1020001101100
1020001110001
1020010001001
1020010010100
1020010100111
1020010111010
1020011001001
1020011010100
1020011100111
1020011111010
1020020001001
1020020010100
1020020100111
1020020111010
1020021001001
1020021010100
1020021100111
1020021111010
1020100000101
1020100011000
1020100101011
1020100110110
1020101000101
1020101011000
1020101101011
1020101110110
1020110001110
1020110010011
1020110100000
1020110111101
1020111001110
1020111010011
1020111100000
1020111111101
1020120001110
1020120010011
1020120100000
1020120111101
1020121001110
1020121010011
1020121100000
1020121111101
1020200000010
1020200011111
1020200101100
1020200110001
1020201000010
1020201011111
1020201101100
1020201110001
1020210001001
1020210010100
1020210100111
1020210111010
1020211001001
1020211010100
1020211100111
1020211111010
1020220001001
1020220010100
1020220100111
1020220111010
1020221001001
1020221010100
1020221100111
1020221111010
1021000001011
1021000010110
1021000100101
1021000111000
1021001001011
1021001010110
1021001100101
1021001111000
1021010000000
1021010011101
1021010101110
1021010110011
1021011000000
1021011011101
1021011101110
1021011110011
1021020000000
1021020011101
1021020101110
1021020110011
1021021000000
1021021011101
1021021101110
1021021110011
1021100001100
1021100010001
1021100100010
1021100111111
1021101001100
1021101010001
1021101100010
1021101111111
1021110000111
1021110011010
1021110101001
1021110110100
1021111000111
1021111011010
1021111101001
1021111110100
1021120000111
1021120011010
1021120101001
1021120110100
1021121000111
1021121011010
1021121101001
1021121110100
1021200001011
1021200010110
1021200100101
1021200111000
1021201001011
1021201010110
1021201100101
1021201111000
1021210000000
1021210011101
1021210101110
1021210110011
1021211000000
1021211011101
1021211101110
1021211110011
1021220000000
1021220011101
1021220101110
1021220110011
1021221000000
1021221011101
1021221101110
1021221110011
1022000001110
1022000010011
1022000100000
1022000111101
1022001001110
1022001010011
1022001100000
1022001111101
1022010000101
1022010011000
1022010101011
1022010110110
1022011000101
1022011011000
1022011101011
1022011110110
1022020000101
1022020011000
1022020101011
1022020110110
1022021000101
1022021011000
1022021101011
1022021110110
1022100001001
1022100010100
1022100100111
1022100111010
1022101001001
1022101010100
1022101100111
1022101111010
1022110000010
1022110011111
1022110101100
1022110110001
1022111000010
1022111011111
1022111101100
1022111110001
1022120000010
1022120011111
1022120101100
1022120110001
1022121000010
1022121011111
1022121101100
1022121110001
1022200001110
1022200010011
1022200100000
1022200111101
1022201001110
1022201010011
1022201100000
1022201111101
1022210000101
1022210011000
1022210101011
1022210110110
1022211000101
1022211011000
1022211101011
1022211110110
1022220000101
1022220011000
1022220101011
1022220110110
1022221000101
1022221011000
1022221101011
1022221110110
1100000001011
1100000010110
1100000100101
1100000111000
1100001001011
1100001010110
1100001100101
1100001111000
1100010000000
1100010011101
1100010101110
1100010110011
1100011000000
1100011011101
1100011101110
1100011110011
1100020000000
1100020011101
1100020101110
1100020110011
1100021000000
1100021011101
1100021101110
1100021110011
1100100001100
1100100010001
1100100100010
1100100111111
1100101001100
1100101010001
1100101100010
1100101111111
1100110000111
1100110011010
1100110101001
1100110110100
1100111000111
1100111011010
1100111101001
1100111110100
1100120000111
1100120011010
1100120101001
1100120110100
1100121000111
1100121011010
1100121101001
1100121110100
1100200001011
1100200010110
1100200100101
1100200111000
1100201001011
1100201010110
1100201100101
1100201111000
1100210000000
1100210011101
1100210101110
1100210110011
1100211000000
1100211011101
1100211101110
1100211110011
1100220000000
1100220011101
1100220101110
1100220110011
1100221000000
1100221011101
1100221101110
1100221110011
1101000001110
1101000010011
1101000100000
1101000111101
1101001001110
1101001010011
1101001100000
1101001111101
1101010000101
1101010011000
1101010101011
1101010110110
1101011000101
1101011011000
1101011101011
1101011110110
1101020000101
1101020011000
1101020101011
1101020110110
1101021000101
1101021011000
1101021101011
1101021110110
1101100001001
1101100010100
1101100100111
1101100111010
1101101001001
1101101010100
1101101100111
1101101111010
1101110000010
1101110011111
1101110101100
1101110110001
1101111000010
1101111011111
1101111101100
1101111110001
1101120000010
1101120011111
1101120101100
1101120110001
1101121000010
1101121011111
1101121101100
1101121110001
1101200001110
1101200010011
1101200100000
1101200111101
1101201001110
1101201010011
1101201100000
1101201111101
1101210000101
1101210011000
1101210101011
1101210110110
1101211000101
1101211011000
1101211101011
1101211110110
1101220000101
1101220011000
1101220101011
1101220110110
1101221000101
1101221011000
1101221101011
1101221110110
1102000000010
1102000011111
1102000101100
1102000110001
1102001000010
1102001011111
1102001101100
1102001110001
1102010001001
1102010010100
1102010100111
1102010111010
1102011001001
1102011010100
1102011100111
1102011111010
1102020001001
1102020010100
1102020100111
1102020111010
1102021001001
1102021010100
1102021100111
1102021111010
1102100000101
1102100011000
1102100101011
1102100110110
1102101000101
1102101011000
1102101101011
1102101110110
1102110001110
1102110010011
1102110100000
1102110111101
1102111001110
1102111010011
1102111100000
1102111111101
1102120001110
1102120010011
1102120100000
1102120111101
1102121001110
1102121010011
1102121100000
1102121111101
1102200000010
1102200011111
1102200101100
1102200110001
1102201000010
1102201011111
1102201101100
1102201110001
1102210001001
1102210010100
1102210100111
1102210111010
1102211001001
1102211010100
1102211100111
1102211111010
1102220001001
1102220010100
1102220100111
1102220111010
1102221001001
1102221010100
1102221100111
1102221111010
1110000000001
1110000011100
1110000101010
1110000110111
1110001000001
1110001011100
1110001101010
1110001110111
1110010000110
1110010011011
1110010101101
1110010110000
1110011000110
1110011011011
1110011101101
1110011110000
1110020000110
1110020011011
1110020101101
1110020110000
1110021000110
1110021011011
1110021101101
1110021110000
1110100001111
1110100010010
1110100100100
1110100111001
1110101001111
1110101010010
1110101100100
1110101111001
1110110001000
1110110010101
1110110100011
1110110111110
1110111001000
1110111010101
1110111100011
1110111111110
1110120001000
1110120010101
1110120100011
1110120111110
1110121001000
1110121010101
1110121100011
1110121111110
1110200000001
1110200011100
1110200101010
1110200110111
1110201000001
1110201011100
1110201101010
1110201110111
1110210000110
1110210011011
1110210101101
1110210110000
1110211000110
1110211011011
1110211101101
1110211110000
1110220000110
1110220011011
1110220101101
1110220110000
1110221000110
1110221011011
1110221101101
1110221110000
1111000001101
1111000010000
1111000100110
1111000111011
1111001001101
1111001010000
1111001100110
1111001111011
1111010000011
1111010011110
1111010101000
1111010110101
1111011000011
1111011011110
1111011101000
1111011110101
1111020000011
1111020011110
1111020101000
1111020110101
1111021000011
1111021011110
1111021101000
1111021110101
1111100001010
1111100010111
1111100100001
1111100111100
1111101001010
1111101010111
1111101100001
1111101111100
1111110000100
1111110011001
1111110101111
1111110110010
1111111000100
1111111011001
1111111101111
1111111110010
1111120000100
1111120011001
1111120101111
1111120110010
1111121000100
1111121011001
1111121101111
1111121110010
1111200001101
1111200010000
1111200100110
1111200111011
1111201001101
1111201010000
1111201100110
1111201111011
1111210000011
1111210011110
1111210101000
1111210110101
1111211000011
1111211011110
1111211101000
1111211110101
1111220000011
1111220011110
1111220101000
1111220110101
1111221000011
1111221011110
1111221101000
1111221110101
1112000001011
1112000010110
1112000100101
1112000111000
1112001001011
1112001010110
1112001100101
1112001111000
1112010000000
1112010011101
1112010101110
1112010110011
1112011000000
1112011011101
1112011101110
1112011110011
1112020000000
1112020011101
1112020101110
1112020110011
1112021000000
1112021011101
1112021101110
1112021110011
1112100001100
1112100010001
1112100100010
1112100111111
1112101001100
1112101010001
1112101100010
1112101111111
1112110000111
1112110011010
1112110101001
1112110110100
1112111000111
1112111011010
1112111101001
1112111110100
1112120000111
1112120011010
1112120101001
1112120110100
1112121000111
1112121011010
1112121101001
1112121110100
1112200001011
1112200010110
1112200100101
1112200111000
1112201001011
1112201010110
1112201100101
1112201111000
1112210000000
1112210011101
1112210101110
1112210110011
1112211000000
1112211011101
1112211101110
1112211110011
1112220000000
1112220011101
1112220101110
1112220110011
1112221000000
1112221011101
1112221101110
1112221110011
1120000000111
1120000011010
1120000101001
1120000110100
1120001000111
1120001011010
1120001101001
1120001110100
1120010001100
1120010010001
1120010100010
1120010111111
1120011001100
1120011010001
1120011100010
1120011111111
1120020001100
1120020010001
1120020100010
1120020111111
1120021001100
1120021010001
1120021100010
1120021111111
1120100000000
1120100011101
1120100101110
1120100110011
1120101000000
1120101011101
1120101101110
1120101110011
1120110001011
1120110010110
1120110100101
1120110111000
1120111001011
1120111010110
1120111100101
1120111111000
1120120001011
1120120010110
1120120100101
1120120111000
1120121001011
1120121010110
1120121100101
1120121111000
1120200000111
1120200011010
1120200101001
1120200110100
1120201000111
1120201011010
1120201101001
1120201110100
1120210001100
1120210010001
1120210100010
1120210111111
1120211001100
1120211010001
1120211100010
1120211111111
1120220001100
1120220010001
1120220100010
1120220111111
1120221001100
1120221010001
1120221100010
1120221111111
1121000001000
1121000010101
1121000100011
1121000111110
1121001001000
1121001010101
1121001100011
1121001111110
1121010001111
1121010010010
1121010100100
1121010111001
1121011001111
1121011010010
1121011100100
1121011111001
1121020001111
1121020010010
1121020100100
1121020111001
1121021001111
1121021010010
1121021100100
1121021111001
1121100000110
1121100011011
1121100101101
1121100110000
1121101000110
1121101011011
1121101101101
1121101110000
1121110000001
1121110011100
1121110101010
1121110110111
1121111000001
1121111011100
1121111101010
1121111110111
1121120000001
1121120011100
1121120101010
1121120110111
1121121000001
1121121011100
1121121101010
1121121110111
1121200001000
1121200010101
1121200100011
1121200111110
1121201001000
1121201010101
1121201100011
1121201111110
1121210001111
1121210010010
1121210100100
1121210111001
1121211001111
1121211010010
1121211100100
1121211111001
1121220001111
1121220010010
1121220100100
1121220111001
1121221001111
1121221010010
1121221100100
1121221111001
1122000000100
1122000011001
1122000101111
1122000110010
1122001000100
1122001011001
1122001101111
1122001110010
1122010001010
1122010010111
1122010100001
1122010111100
1122011001010
1122011010111
1122011100001
1122011111100
1122020001010
1122020010111
1122020100001
1122020111100
1122021001010
1122021010111
1122021100001
1122021111100
1122100000011
1122100011110
1122100101000
1122100110101
1122101000011
1122101011110
1122101101000
1122101110101
1122110001101
1122110010000
1122110100110
1122110111011
1122111001101
1122111010000
1122111100110
1122111111011
1122120001101
1122120010000
1122120100110
1122120111011
1122121001101
1122121010000
1122121100110
1122121111011
1122200000100
1122200011001
1122200101111
1122200110010
1122201000100
1122201011001
1122201101111
1122201110010
1122210001010
1122210010111
1122210100001
1122210111100
1122211001010
1122211010111
1122211100001
1122211111100
1122220001010
1122220010111
1122220100001
1122220111100
1122221001010
1122221010111
1122221100001
1122221111100
1200000001000
1200000010101
1200000100011
1200000111110
1200001001000
1200001010101
1200001100011
1200001111110
1200010001111
1200010010010
1200010100100
1200010111001
1200011001111
1200011010010
1200011100100
1200011111001
1200020001111
1200020010010
1200020100100
1200020111001
1200021001111
1200021010010
1200021100100
1200021111001
1200100000110
1200100011011
1200100101101
1200100110000
1200101000110
1200101011011
1200101101101
1200101110000
1200110000001
1200110011100
1200110101010
1200110110111
1200111000001
1200111011100
1200111101010
1200111110111
1200120000001
1200120011100
1200120101010
1200120110111
1200121000001
1200121011100
1200121101010
1200121110111
1200200001000
1200200010101
1200200100011
1200200111110
1200201001000
1200201010101
1200201100011
1200201111110
1200210001111
1200210010010
1200210100100
1200210111001
1200211001111
1200211010010
1200211100100
1200211111001
1200220001111
1200220010010
1200220100100
1200220111001
1200221001111
1200221010010
1200221100100
1200221111001
1201000000100
1201000011001
1201000101111
1201000110010
1201001000100
1201001011001
1201001101111
1201001110010
1201010001010
1201010010111
1201010100001
1201010111100
1201011001010
1201011010111
1201011100001
1201011111100
1201020001010
1201020010111
1201020100001
1201020111100
1201021001010
1201021010111
1201021100001
1201021111100
1201100000011
1201100011110
1201100101000
1201100110101
1201101000011
1201101011110
1201101101000
1201101110101
1201110001101
1201110010000
1201110100110
1201110111011
1201111001101
1201111010000
1201111100110
1201111111011
1201120001101
1201120010000
1201120100110
1201120111011
1201121001101
1201121010000
1201121100110
1201121111011
1201200000100
1201200011001
1201200101111
1201200110010
1201201000100
1201201011001
1201201101111
1201201110010
1201210001010
1201210010111
1201210100001
1201210111100
1201211001010
1201211010111
1201211100001
1201211111100
1201220001010
1201220010111
1201220100001
1201220111100
1201221001010
1201221010111
1201221100001
1201221111100
1202000000111
1202000011010
1202000101001
1202000110100
1202001000111
1202001011010
1202001101001
1202001110100
1202010001100
1202010010001
1202010100010
1202010111111
1202011001100
1202011010001
1202011100010
1202011111111
1202020001100
1202020010001
1202020100010
1202020111111
1202021001100
1202021010001
1202021100010
1202021111111
1202100000000
1202100011101
1202100101110
1202100110011
1202101000000
1202101011101
1202101101110
1202101110011
1202110001011
1202110010110
1202110100101
1202110111000
1202111001011
1202111010110
1202111100101
1202111111000
1202120001011
1202120010110
1202120100101
1202120111000
1202121001011
1202121010110
1202121100101
1202121111000
1202200000111
1202200011010
1202200101001
1202200110100
1202201000111
1202201011010
1202201101001
1202201110100
1202210001100
1202210010001
1202210100010
1202210111111
1202211001100
1202211010001
1202211100010
1202211111111
1202220001100
1202220010001
1202220100010
1202220111111
1202221001100
1202221010001
1202221100010
1202221111111
1210000001110
1210000010011
1210000100000
1210000111101
1210001001110
1210001010011
1210001100000
1210001111101
1210010000101
1210010011000
1210010101011
1210010110110
1210011000101
1210011011000
1210011101011
1210011110110
1210020000101
1210020011000
1210020101011
1210020110110
1210021000101
1210021011000
1210021101011
1210021110110
1210100001001
1210100010100
1210100100111
1210100111010
1210101001001
1210101010100
1210101100111
1210101111010
1210110000010
1210110011111
1210110101100
1210110110001
1210111000010
1210111011111
1210111101100
1210111110001
1210120000010
1210120011111
1210120101100
1210120110001
1210121000010
1210121011111
1210121101100
1210121110001
1210200001110
1210200010011
1210200100000
1210200111101
1210201001110
1210201010011
1210201100000
1210201111101
1210210000101
1210210011000
1210210101011
1210210110110
1210211000101
1210211011000
1210211101011
1210211110110
1210220000101
1210220011000
1210220101011
1210220110110
1210221000101
1210221011000
1210221101011
1210221110110
1211000000010
1211000011111
1211000101100
1211000110001
1211001000010
1211001011111
1211001101100
1211001110001
1211010001001
1211010010100
1211010100111
1211010111010
1211011001001
1211011010100
1211011100111
1211011111010
1211020001001
1211020010100
1211020100111
1211020111010
1211021001001
1211021010100
1211021100111
1211021111010
1211100000101
1211100011000
1211100101011
1211100110110
1211101000101
1211101011000
1211101101011
1211101110110
1211110001110
1211110010011
1211110100000
1211110111101
1211111001110
1211111010011
1211111100000
1211111111101
1211120001110
1211120010011
1211120100000
1211120111101
1211121001110
1211121010011
1211121100000
1211121111101
1211200000010
1211200011111
1211200101100
1211200110001
1211201000010
1211201011111
1211201101100
1211201110001
1211210001001
1211210010100
1211210100111
1211210111010
1211211001001
1211211010100
1211211100111
1211211111010
1211220001001
1211220010100
1211220100111
1211220111010
1211221001001
1211221010100
1211221100111
1211221111010
1212000001011
1212000010110
1212000100101
1212000111000
1212001001011
1212001010110
1212001100101
1212001111000
1212010000000
1212010011101
1212010101110
1212010110011
1212011000000
1212011011101
1212011101110
1212011110011
1212020000000
1212020011101
1212020101110
1212020110011
1212021000000
1212021011101
1212021101110
1212021110011
1212100001100
1212100010001
1212100100010
1212100111111
1212101001100
1212101010001
1212101100010
1212101111111
1212110000111
1212110011010
1212110101001
1212110110100
1212111000111
1212111011010
1212111101001
1212111110100
1212120000111
1212120011010
1212120101001
1212120110100
1212121000111
1212121011010
1212121101001
1212121110100
1212200001011
1212200010110
1212200100101
1212200111000
1212201001011
1212201010110
1212201100101
1212201111000
1212210000000
1212210011101
1212210101110
1212210110011
1212211000000
1212211011101
1212211101110
1212211110011
1212220000000
1212220011101
1212220101110
1212220110011
1212221000000
1212221011101
1212221101110
1212221110011
1220000001101
1220000010000
1220000100110
1220000111011
1220001001101
1220001010000
1220001100110
1220001111011
1220010000011
1220010011110
1220010101000
1220010110101
1220011000011
1220011011110
1220011101000
1220011110101
1220020000011
1220020011110
1220020101000
1220020110101
1220021000011
1220021011110
1220021101000
1220021110101
1220100001010
1220100010111
1220100100001
1220100111100
1220101001010
1220101010111
1220101100001
1220101111100
1220110000100
1220110011001
1220110101111
1220110110010
1220111000100
1220111011001
1220111101111
1220111110010
1220120000100
1220120011001
1220120101111
1220120110010
1220121000100
1220121011001
1220121101111
1220121110010
1220200001101
1220200010000
1220200100110
1220200111011
1220201001101
1220201010000
1220201100110
1220201111011
1220210000011
1220210011110
1220210101000
1220210110101
1220211000011
1220211011110
1220211101000
1220211110101
1220220000011
1220220011110
1220220101000
1220220110101
1220221000011
1220221011110
1220221101000
1220221110101
1221000001011
1221000010110
1221000100101
1221000111000
1221001001011
1221001010110
1221001100101
1221001111000
1221010000000
1221010011101
1221010101110
1221010110011
1221011000000
1221011011101
1221011101110
1221011110011
1221020000000
1221020011101
1221020101110
1221020110011
1221021000000
1221021011101
1221021101110
1221021110011
1221100001100
1221100010001
1221100100010
1221100111111
1221101001100
1221101010001
1221101100010
1221101111111
1221110000111
1221110011010
1221110101001
1221110110100
1221111000111
1221111011010
1221111101001
1221111110100
1221120000111
1221120011010
1221120101001
1221120110100
1221121000111
1221121011010
1221121101001
1221121110100
1221200001011
1221200010110
1221200100101
1221200111000
1221201001011
1221201010110
1221201100101
1221201111000
1221210000000
1221210011101
1221210101110
1221210110011
1221211000000
1221211011101
1221211101110
1221211110011
1221220000000
1221220011101
1221220101110
1221220110011
1221221000000
1221221011101
1221221101110
1221221110011
1222000000001
1222000011100
1222000101010
1222000110111
1222001000001
1222001011100
1222001101010
1222001110111
1222010000110
1222010011011
1222010101101
1222010110000
1222011000110
1222011011011
1222011101101
1222011110000
1222020000110
1222020011011
1222020101101
1222020110000
1222021000110
1222021011011
1222021101101
1222021110000
1222100001111
1222100010010
1222100100100
1222100111001
1222101001111
1222101010010
1222101100100
1222101111001
1222110001000
1222110010101
1222110100011
1222110111110
1222111001000
1222111010101
1222111100011
1222111111110
1222120001000
1222120010101
1222120100011
1222120111110
1222121001000
1222121010101
1222121100011
1222121111110
1222200000001
1222200011100
1222200101010
1222200110111
1222201000001
1222201011100
1222201101010
1222201110111
1222210000110
1222210011011
1222210101101
1222210110000
1222211000110
1222211011011
1222211101101
1222211110000
1222220000110
1222220011011
1222220101101
1222220110000
1222221000110
1222221011011
1222221101101
1222221110000
2000000000111
2000000011010
2000000101001
2000000110100
2000001000111
2000001011010
2000001101001
2000001110100
2000010001100
2000010010001
2000010100010
2000010111111
2000011001100
2000011010001
2000011100010
2000011111111
2000020001100
2000020010001
2000020100010
2000020111111
2000021001100
2000021010001
2000021100010
2000021111111
2000100000000
2000100011101
2000100101110
2000100110011
2000101000000
2000101011101
2000101101110
2000101110011
2000110001011
2000110010110
2000110100101
2000110111000
2000111001011
2000111010110
2000111100101
2000111111000
2000120001011
2000120010110
2000120100101
2000120111000
2000121001011
2000121010110
2000121100101
2000121111000
2000200000111
2000200011010
2000200101001
2000200110100
2000201000111
2000201011010
2000201101001
2000201110100
2000210001100
2000210010001
2000210100010
2000210111111
2000211001100
2000211010001
2000211100010
2000211111111
2000220001100
2000220010001
2000220100010
2000220111111
2000221001100
2000221010001
2000221100010
2000221111111
2001000001000
2001000010101
2001000100011
2001000111110
2001001001000
2001001010101
2001001100011
2001001111110
2001010001111
2001010010010
2001010100100
2001010111001
2001011001111
2001011010010
2001011100100
2001011111001
2001020001111
2001020010010
2001020100100
2001020111001
2001021001111
2001021010010
2001021100100
2001021111001
2001100000110
2001100011011
2001100101101
2001100110000
2001101000110
2001101011011
2001101101101
2001101110000
2001110000001
2001110011100
2001110101010
2001110110111
2001111000001
2001111011100
2001111101010
2001111110111
2001120000001
2001120011100
2001120101010
2001120110111
2001121000001
2001121011100
2001121101010
2001121110111
2001200001000
2001200010101
2001200100011
2001200111110
2001201001000
2001201010101
2001201100011
2001201111110
2001210001111
2001210010010
2001210100100
2001210111001
2001211001111
2001211010010
2001211100100
2001211111001
2001220001111
2001220010010
2001220100100
2001220111001
2001221001111
2001221010010
2001221100100
2001221111001
2002000000100
2002000011001
2002000101111
2002000110010
2002001000100
2002001011001
2002001101111
2002001110010
2002010001010
2002010010111
2002010100001
2002010111100
2002011001010
2002011010111
2002011100001
2002011111100
2002020001010
2002020010111
2002020100001
2002020111100
2002021001010
2002021010111
2002021100001
2002021111100
2002100000011
2002100011110
2002100101000
2002100110101
2002101000011
2002101011110
2002101101000
2002101110101
2002110001101
2002110010000
2002110100110
2002110111011
2002111001101
2002111010000
2002111100110
2002111111011
2002120001101
2002120010000
2002120100110
2002120111011
2002121001101
2002121010000
2002121100110
2002121111011
2002200000100
2002200011001
2002200101111
2002200110010
2002201000100
2002201011001
2002201101111
2002201110010
2002210001010
2002210010111
2002210100001
2002210111100
2002211001010
2002211010111
2002211100001
2002211111100
2002220001010
2002220010111
2002220100001
2002220111100
2002221001010
2002221010111
2002221100001
2002221111100
2010000001011
2010000010110
2010000100101
2010000111000
2010001001011
2010001010110
2010001100101
2010001111000
2010010000000
2010010011101
2010010101110
2010010110011
2010011000000
2010011011101
2010011101110
2010011110011
2010020000000
2010020011101
2010020101110
2010020110011
2010021000000
2010021011101
2010021101110
2010021110011
2010100001100
2010100010001
2010100100010
2010100111111
2010101001100
2010101010001
2010101100010
2010101111111
2010110000111
2010110011010
2010110101001
2010110110100
2010111000111
2010111011010
2010111101001
2010111110100
2010120000111
2010120011010
2010120101001
2010120110100
2010121000111
2010121011010
2010121101001
2010121110100
2010200001011
2010200010110
2010200100101
2010200111000
2010201001011
2010201010110
2010201100101
2010201111000
2010210000000
2010210011101
2010210101110
2010210110011
2010211000000
2010211011101
2010211101110
2010211110011
2010220000000
2010220011101
2010220101110
2010220110011
2010221000000
2010221011101
2010221101110
2010221110011
2011000001110
2011000010011
2011000100000
2011000111101
2011001001110
2011001010011
2011001100000
2011001111101
2011010000101
2011010011000
2011010101011
2011010110110
2011011000101
2011011011000
2011011101011
2011011110110
2011020000101
2011020011000
2011020101011
2011020110110
2011021000101
2011021011000
2011021101011
2011021110110
2011100001001
2011100010100
2011100100111
2011100111010
2011101001001
2011101010100
2011101100111
2011101111010
2011110000010
2011110011111
2011110101100
2011110110001
2011111000010
2011111011111
2011111101100
2011111110001
2011120000010
2011120011111
2011120101100
2011120110001
2011121000010
2011121011111
2011121101100
2011121110001
2011200001110
2011200010011
2011200100000
2011200111101
2011201001110
2011201010011
2011201100000
2011201111101
2011210000101
2011210011000
2011210101011
2011210110110
2011211000101
2011211011000
2011211101011
2011211110110
2011220000101
2011220011000
2011220101011
2011220110110
2011221000101
2011221011000
2011221101011
2011221110110
2012000000010
2012000011111
2012000101100
2012000110001
2012001000010
2012001011111
2012001101100
2012001110001
2012010001001
2012010010100
2012010100111
2012010111010
2012011001001
2012011010100
2012011100111
2012011111010
2012020001001
2012020010100
2012020100111
2012020111010
2012021001001
2012021010100
2012021100111
2012021111010
2012100000101
2012100011000
2012100101011
2012100110110
2012101000101
2012101011000
2012101101011
2012101110110
2012110001110
2012110010011
2012110100000
2012110111101
2012111001110
2012111010011
2012111100000
2012111111101
2012120001110
2012120010011
2012120100000
2012120111101
2012121001110
2012121010011
2012121100000
2012121111101
2012200000010
2012200011111
2012200101100
2012200110001
2012201000010
2012201011111
2012201101100
2012201110001
2012210001001
2012210010100
2012210100111
2012210111010
2012211001001
2012211010100
2012211100111
2012211111010
2012220001001
2012220010100
2012220100111
2012220111010
2012221001001
2012221010100
2012221100111
2012221111010
2020000000001
2020000011100
2020000101010
2020000110111
2020001000001
2020001011100
2020001101010
2020001110111
2020010000110
2020010011011
2020010101101
2020010110000
2020011000110
2020011011011
2020011101101
2020011110000
2020020000110
2020020011011
2020020101101
2020020110000
2020021000110
2020021011011
2020021101101
2020021110000
2020100001111
2020100010010
2020100100100
2020100111001
2020101001111
2020101010010
2020101100100
2020101111001
2020110001000
2020110010101
2020110100011
2020110111110
2020111001000
2020111010101
2020111100011
2020111111110
2020120001000
2020120010101
2020120100011
2020120111110
2020121001000
2020121010101
2020121100011
2020121111110
2020200000001
2020200011100
2020200101010
2020200110111
2020201000001
2020201011100
2020201101010
2020201110111
2020210000110
2020210011011
2020210101101
2020210110000
2020211000110
2020211011011
2020211101101
2020211110000
2020220000110
2020220011011
2020220101101
2020220110000
2020221000110
2020221011011
2020221101101
2020221110000
2021000001101
2021000010000
2021000100110
2021000111011
2021001001101
2021001010000
2021001100110
2021001111011
2021010000011
2021010011110
2021010101000
2021010110101
2021011000011
2021011011110
2021011101000
2021011110101
2021020000011
2021020011110
2021020101000
2021020110101
2021021000011
2021021011110
2021021101000
2021021110101
2021100001010
2021100010111
2021100100001
2021100111100
2021101001010
2021101010111
2021101100001
2021101111100
2021110000100
2021110011001
2021110101111
2021110110010
2021111000100
2021111011001
2021111101111
2021111110010
2021120000100
2021120011001
2021120101111
2021120110010
2021121000100
2021121011001
2021121101111
2021121110010
2021200001101
2021200010000
2021200100110
2021200111011
2021201001101
2021201010000
2021201100110
2021201111011
2021210000011
2021210011110
2021210101000
2021210110101
2021211000011
2021211011110
2021211101000
2021211110101
2021220000011
2021220011110
2021220101000
2021220110101
2021221000011
2021221011110
2021221101000
2021221110101
2022000001011
2022000010110
2022000100101
2022000111000
2022001001011
2022001010110
2022001100101
2022001111000
2022010000000
2022010011101
2022010101110
2022010110011
2022011000000
2022011011101
2022011101110
2022011110011
2022020000000
2022020011101
2022020101110
2022020110011
2022021000000
2022021011101
2022021101110
2022021110011
2022100001100
2022100010001
2022100100010
2022100111111
2022101001100
2022101010001
2022101100010
2022101111111
2022110000111
2022110011010
2022110101001
2022110110100
2022111000111
2022111011010
2022111101001
2022111110100
2022120000111
2022120011010
2022120101001
2022120110100
2022121000111
2022121011010
2022121101001
2022121110100
2022200001011
2022200010110
2022200100101
2022200111000
2022201001011
2022201010110
2022201100101
2022201111000
2022210000000
2022210011101
2022210101110
2022210110011
2022211000000
2022211011101
2022211101110
2022211110011
2022220000000
2022220011101
2022220101110
2022220110011
2022221000000
2022221011101
2022221101110
2022221110011
2100000001101
2100000010000
2100000100110
2100000111011
2100001001101
2100001010000
2100001100110
2100001111011
2100010000011
2100010011110
2100010101000
2100010110101
2100011000011
2100011011110
2100011101000
2100011110101
2100020000011
2100020011110
2100020101000
2100020110101
2100021000011
2100021011110
2100021101000
2100021110101
2100100001010
2100100010111
2100100100001
2100100111100
2100101001010
2100101010111
2100101100001
2100101111100
2100110000100
2100110011001
2100110101111
2100110110010
2100111000100
2100111011001
2100111101111
2100111110010
2100120000100
2100120011001
2100120101111
2100120110010
2100121000100
2100121011001
2100121101111
2100121110010
2100200001101
2100200010000
2100200100110
2100200111011
2100201001101
2100201010000
2100201100110
2100201111011
2100210000011
2100210011110
2100210101000
2100210110101
2100211000011
2100211011110
2100211101000
2100211110101
2100220000011
2100220011110
2100220101000
2100220110101
2100221000011
2100221011110
2100221101000
2100221110101
2101000001011
2101000010110
2101000100101
2101000111000
2101001001011
2101001010110
2101001100101
2101001111000
2101010000000
2101010011101
2101010101110
2101010110011
2101011000000
2101011011101
2101011101110
2101011110011
2101020000000
2101020011101
2101020101110
2101020110011
2101021000000
2101021011101
2101021101110
2101021110011
2101100001100
2101100010001
2101100100010
2101100111111
2101101001100
2101101010001
2101101100010
2101101111111
2101110000111
2101110011010
2101110101001
2101110110100
2101111000111
2101111011010
2101111101001
2101111110100
2101120000111
2101120011010
2101120101001
2101120110100
2101121000111
2101121011010
2101121101001
2101121110100
2101200001011
2101200010110
2101200100101
2101200111000
2101201001011
2101201010110
2101201100101
2101201111000
2101210000000
2101210011101
2101210101110
2101210110011
2101211000000
2101211011101
2101211101110
2101211110011
2101220000000
2101220011101
2101220101110
2101220110011
2101221000000
2101221011101
2101221101110
2101221110011
2102000000001
2102000011100
2102000101010
2102000110111
2102001000001
2102001011100
2102001101010
2102001110111
2102010000110
2102010011011
2102010101101
2102010110000
2102011000110
2102011011011
2102011101101
2102011110000
2102020000110
2102020011011
2102020101101
2102020110000
2102021000110
2102021011011
2102021101101
2102021110000
2102100001111
2102100010010
2102100100100
2102100111001
2102101001111
2102101010010
2102101100100
2102101111001
2102110001000
2102110010101
2102110100011
2102110111110
2102111001000
2102111010101
2102111100011
2102111111110
2102120001000
2102120010101
2102120100011
2102120111110
2102121001000
2102121010101
2102121100011
2102121111110
2102200000001
2102200011100
2102200101010
2102200110111
2102201000001
2102201011100
2102201101010
2102201110111
2102210000110
2102210011011
2102210101101
2102210110000
2102211000110
2102211011011
2102211101101
2102211110000
2102220000110
2102220011011
2102220101101
2102220110000
2102221000110
2102221011011
2102221101101
2102221110000
2110000001000
2110000010101
2110000100011
2110000111110
2110001001000
2110001010101
2110001100011
2110001111110
2110010001111
2110010010010
2110010100100
2110010111001
2110011001111
2110011010010
2110011100100
2110011111001
2110020001111
2110020010010
2110020100100
2110020111001
2110021001111
2110021010010
2110021100100
2110021111001
2110100000110
2110100011011
2110100101101
2110100110000
2110101000110
2110101011011
2110101101101
2110101110000
2110110000001
2110110011100
2110110101010
2110110110111
2110111000001
2110111011100
2110111101010
2110111110111
2110120000001
2110120011100
2110120101010
2110120110111
2110121000001
2110121011100
2110121101010
2110121110111
2110200001000
2110200010101
2110200100011
2110200111110
2110201001000
2110201010101
2110201100011
2110201111110
2110210001111
2110210010010
2110210100100
2110210111001
2110211001111
2110211010010
2110211100100
2110211111001
2110220001111
2110220010010
2110220100100
2110220111001
2110221001111
2110221010010
2110221100100
2110221111001
2111000000100
2111000011001
2111000101111
2111000110010
2111001000100
2111001011001
2111001101111
2111001110010
2111010001010
2111010010111
2111010100001
2111010111100
2111011001010
2111011010111
2111011100001
2111011111100
2111020001010
2111020010111
2111020100001
2111020111100
2111021001010
2111021010111
2111021100001
2111021111100
2111100000011
2111100011110
2111100101000
2111100110101
2111101000011
2111101011110
2111101101000
2111101110101
2111110001101
2111110010000
2111110100110
2111110111011
2111111001101
2111111010000
2111111100110
2111111111011
2111120001101
2111120010000
2111120100110
2111120111011
2111121001101
2111121010000
2111121100110
2111121111011
2111200000100
2111200011001
2111200101111
2111200110010
2111201000100
2111201011001
2111201101111
2111201110010
2111210001010
2111210010111
2111210100001
2111210111100
2111211001010
2111211010111
2111211100001
2111211111100
2111220001010
2111220010111
2111220100001
2111220111100
2111221001010
2111221010111
2111221100001
2111221111100
2112000000111
2112000011010
2112000101001
2112000110100
2112001000111
2112001011010
2112001101001
2112001110100
2112010001100
2112010010001
2112010100010
2112010111111
2112011001100
2112011010001
2112011100010
2112011111111
2112020001100
2112020010001
2112020100010
2112020111111
2112021001100
2112021010001
2112021100010
2112021111111
2112100000000
2112100011101
2112100101110
2112100110011
2112101000000
2112101011101
2112101101110
2112101110011
2112110001011
2112110010110
2112110100101
2112110111000
2112111001011
2112111010110
2112111100101
2112111111000
2112120001011
2112120010110
2112120100101
2112120111000
2112121001011
2112121010110
2112121100101
2112121111000
2112200000111
2112200011010
2112200101001
2112200110100
2112201000111
2112201011010
2112201101001
2112201110100
2112210001100
2112210010001
2112210100010
2112210111111
2112211001100
2112211010001
2112211100010
2112211111111
2112220001100
2112220010001
2112220100010
2112220111111
2112221001100
2112221010001
2112221100010
2112221111111
2120000001110
2120000010011
2120000100000
2120000111101
2120001001110
2120001010011
2120001100000
2120001111101
2120010000101
2120010011000
2120010101011
2120010110110
2120011000101
2120011011000
2120011101011
2120011110110
2120020000101
2120020011000
2120020101011
2120020110110
2120021000101
2120021011000
2120021101011
2120021110110
2120100001001
2120100010100
2120100100111
2120100111010
2120101001001
2120101010100
2120101100111
2120101111010
2120110000010
2120110011111
2120110101100
2120110110001
2120111000010
2120111011111
2120111101100
2120111110001
2120120000010
2120120011111
2120120101100
2120120110001
2120121000010
2120121011111
2120121101100
2120121110001
2120200001110
2120200010011
2120200100000
2120200111101
2120201001110
2120201010011
2120201100000
2120201111101
2120210000101
2120210011000
2120210101011
2120210110110
2120211000101
2120211011000
2120211101011
2120211110110
2120220000101
2120220011000
2120220101011
2120220110110
2120221000101
2120221011000
2120221101011
2120221110110
2121000000010
2121000011111
2121000101100
2121000110001
2121001000010
2121001011111
2121001101100
2121001110001
2121010001001
2121010010100
2121010100111
2121010111010
2121011001001
2121011010100
2121011100111
2121011111010
2121020001001
2121020010100
2121020100111
2121020111010
2121021001001
2121021010100
2121021100111
2121021111010
2121100000101
2121100011000
2121100101011
2121100110110
2121101000101
2121101011000
2121101101011
2121101110110
2121110001110
2121110010011
2121110100000
2121110111101
2121111001110
2121111010011
2121111100000
2121111111101
2121120001110
2121120010011
2121120100000
2121120111101
2121121001110
2121121010011
2121121100000
2121121111101
2121200000010
2121200011111
2121200101100
2121200110001
2121201000010
2121201011111
2121201101100
2121201110001
2121210001001
2121210010100
2121210100111
2121210111010
2121211001001
2121211010100
2121211100111
2121211111010
2121220001001
2121220010100
2121220100111
2121220111010
2121221001001
2121221010100
2121221100111
2121221111010
2122000001011
2122000010110
2122000100101
2122000111000
2122001001011
2122001010110
2122001100101
2122001111000
2122010000000
2122010011101
2122010101110
2122010110011
2122011000000
2122011011101
2122011101110
2122011110011
2122020000000
2122020011101
2122020101110
2122020110011
2122021000000
2122021011101
2122021101110
2122021110011
2122100001100
2122100010001
2122100100010
2122100111111
2122101001100
2122101010001
2122101100010
2122101111111
2122110000111
2122110011010
2122110101001
2122110110100
2122111000111
2122111011010
2122111101001
2122111110100
2122120000111
2122120011010
2122120101001
2122120110100
2122121000111
2122121011010
2122121101001
2122121110100
2122200001011
2122200010110
2122200100101
2122200111000
2122201001011
2122201010110
2122201100101
2122201111000
2122210000000
2122210011101
2122210101110
2122210110011
2122211000000
2122211011101
2122211101110
2122211110011
2122220000000
2122220011101
2122220101110
2122220110011
2122221000000
2122221011101
2122221101110
2122221110011
2200000000010
2200000011111
2200000101100
2200000110001
2200001000010
2200001011111
2200001101100
2200001110001
2200010001001
2200010010100
2200010100111
2200010111010
2200011001001
2200011010100
2200011100111
2200011111010
2200020001001
2200020010100
2200020100111
2200020111010
2200021001001
2200021010100
2200021100111
2200021111010
2200100000101
2200100011000
2200100101011
2200100110110
2200101000101
2200101011000
2200101101011
2200101110110
2200110001110
2200110010011
2200110100000
2200110111101
2200111001110
2200111010011
2200111100000
2200111111101
2200120001110
2200120010011
2200120100000
2200120111101
2200121001110
2200121010011
2200121100000
2200121111101
2200200000010
2200200011111
2200200101100
2200200110001
2200201000010
2200201011111
2200201101100
2200201110001
2200210001001
2200210010100
2200210100111
2200210111010
2200211001001
2200211010100
2200211100111
2200211111010
2200220001001
2200220010100
2200220100111
2200220111010
2200221001001
2200221010100
2200221100111
2200221111010
2201000001011
2201000010110
2201000100101
2201000111000
2201001001011
2201001010110
2201001100101
2201001111000
2201010000000
2201010011101
2201010101110
2201010110011
2201011000000
2201011011101
2201011101110
2201011110011
2201020000000
2201020011101
2201020101110
2201020110011
2201021000000
2201021011101
2201021101110
2201021110011
2201100001100
2201100010001
2201100100010
2201100111111
2201101001100
2201101010001
2201101100010
2201101111111
2201110000111
2201110011010
2201110101001
2201110110100
2201111000111
2201111011010
2201111101001
2201111110100
2201120000111
2201120011010
2201120101001
2201120110100
2201121000111
2201121011010
2201121101001
2201121110100
2201200001011
2201200010110
2201200100101
2201200111000
2201201001011
2201201010110
2201201100101
2201201111000
2201210000000
2201210011101
2201210101110
2201210110011
2201211000000
2201211011101
2201211101110
2201211110011
2201220000000
2201220011101
2201220101110
2201220110011
2201221000000
2201221011101
2201221101110
2201221110011
2202000001110
2202000010011
2202000100000
2202000111101
2202001001110
2202001010011
2202001100000
2202001111101
2202010000101
2202010011000
2202010101011
2202010110110
2202011000101
2202011011000
2202011101011
2202011110110
2202020000101
2202020011000
2202020101011
2202020110110
2202021000101
2202021011000
2202021101011
2202021110110
2202100001001
2202100010100
2202100100111
2202100111010
2202101001001
2202101010100
2202101100111
2202101111010
2202110000010
2202110011111
2202110101100
2202110110001
2202111000010
2202111011111
2202111101100
2202111110001
2202120000010
2202120011111
2202120101100
2202120110001
2202121000010
2202121011111
2202121101100
2202121110001
2202200001110
2202200010011
2202200100000
2202200111101
2202201001110
2202201010011
2202201100000
2202201111101
2202210000101
2202210011000
2202210101011
2202210110110
2202211000101
2202211011000
2202211101011
2202211110110
2202220000101
2202220011000
2202220101011
2202220110110
2202221000101
2202221011000
2202221101011
2202221110110
2210000001011
2210000010110
2210000100101
2210000111000
2210001001011
2210001010110
2210001100101
2210001111000
2210010000000
2210010011101
2210010101110
2210010110011
2210011000000
2210011011101
2210011101110
2210011110011
2210020000000
2210020011101
2210020101110
2210020110011
2210021000000
2210021011101
2210021101110
2210021110011
2210100001100
2210100010001
2210100100010
2210100111111
2210101001100
2210101010001
2210101100010
2210101111111
2210110000111
2210110011010
2210110101001
2210110110100
2210111000111
2210111011010
2210111101001
2210111110100
2210120000111
2210120011010
2210120101001
2210120110100
2210121000111
2210121011010
2210121101001
2210121110100
2210200001011
2210200010110
2210200100101
2210200111000
2210201001011
2210201010110
2210201100101
2210201111000
2210210000000
2210210011101
2210210101110
2210210110011
2210211000000
2210211011101
2210211101110
2210211110011
2210220000000
2210220011101
2210220101110
2210220110011
2210221000000
2210221011101
2210221101110
2210221110011
2211000000001
2211000011100
2211000101010
2211000110111
2211001000001
2211001011100
2211001101010
2211001110111
2211010000110
2211010011011
2211010101101
2211010110000
2211011000110
2211011011011
2211011101101
2211011110000
2211020000110
2211020011011
2211020101101
2211020110000
2211021000110
2211021011011
2211021101101
2211021110000
2211100001111
2211100010010
2211100100100
2211100111001
2211101001111
2211101010010
2211101100100
2211101111001
2211110001000
2211110010101
2211110100011
2211110111110
2211111001000
2211111010101
2211111100011
2211111111110
2211120001000
2211120010101
2211120100011
2211120111110
2211121001000
2211121010101
2211121100011
2211121111110
2211200000001
2211200011100
2211200101010
2211200110111
2211201000001
2211201011100
2211201101010
2211201110111
2211210000110
2211210011011
2211210101101
2211210110000
2211211000110
2211211011011
2211211101101
2211211110000
2211220000110
2211220011011
2211220101101
2211220110000
2211221000110
2211221011011
2211221101101
2211221110000
2212000001101
2212000010000
2212000100110
2212000111011
2212001001101
2212001010000
2212001100110
2212001111011
2212010000011
2212010011110
2212010101000
2212010110101
2212011000011
2212011011110
2212011101000
2212011110101
2212020000011
2212020011110
2212020101000
2212020110101
2212021000011
2212021011110
2212021101000
2212021110101
2212100001010
2212100010111
2212100100001
2212100111100
2212101001010
2212101010111
2212101100001
2212101111100
2212110000100
2212110011001
2212110101111
2212110110010
2212111000100
2212111011001
2212111101111
2212111110010
2212120000100
2212120011001
2212120101111
2212120110010
2212121000100
2212121011001
2212121101111
2212121110010
2212200001101
2212200010000
2212200100110
2212200111011
2212201001101
2212201010000
2212201100110
2212201111011
2212210000011
2212210011110
2212210101000
2212210110101
2212211000011
2212211011110
2212211101000
2212211110101
2212220000011
2212220011110
2212220101000
2212220110101
2212221000011
2212221011110
2212221101000
2212221110101
2220000000100
2220000011001
2220000101111
2220000110010
2220001000100
2220001011001
2220001101111
2220001110010
2220010001010
2220010010111
2220010100001
2220010111100
2220011001010
2220011010111
2220011100001
2220011111100
2220020001010
2220020010111
2220020100001
2220020111100
2220021001010
2220021010111
2220021100001
2220021111100
2220100000011
2220100011110
2220100101000
2220100110101
2220101000011
2220101011110
2220101101000
2220101110101
2220110001101
2220110010000
2220110100110
2220110111011
2220111001101
2220111010000
2220111100110
2220111111011
2220120001101
2220120010000
2220120100110
2220120111011
2220121001101
2220121010000
2220121100110
2220121111011
2220200000100
2220200011001
2220200101111
2220200110010
2220201000100
2220201011001
2220201101111
2220201110010
2220210001010
2220210010111
2220210100001
2220210111100
2220211001010
2220211010111
2220211100001
2220211111100
2220220001010
2220220010111
2220220100001
2220220111100
2220221001010
2220221010111
2220221100001
2220221111100
2221000000111
2221000011010
2221000101001
2221000110100
2221001000111
2221001011010
2221001101001
2221001110100
2221010001100
2221010010001
2221010100010
2221010111111
2221011001100
2221011010001
2221011100010
2221011111111
2221020001100
2221020010001
2221020100010
2221020111111
2221021001100
2221021010001
2221021100010
2221021111111
2221100000000
2221100011101
2221100101110
2221100110011
2221101000000
2221101011101
2221101101110
2221101110011
2221110001011
2221110010110
2221110100101
2221110111000
2221111001011
2221111010110
2221111100101
2221111111000
2221120001011
2221120010110
2221120100101
2221120111000
2221121001011
2221121010110
2221121100101
2221121111000
2221200000111
2221200011010
2221200101001
2221200110100
2221201000111
2221201011010
2221201101001
2221201110100
2221210001100
2221210010001
2221210100010
2221210111111
2221211001100
2221211010001
2221211100010
2221211111111
2221220001100
2221220010001
2221220100010
2221220111111
2221221001100
2221221010001
2221221100010
2221221111111
2222000001000
2222000010101
2222000100011
2222000111110
2222001001000
2222001010101
2222001100011
2222001111110
2222010001111
2222010010010
2222010100100
2222010111001
2222011001111
2222011010010
2222011100100
2222011111001
2222020001111
2222020010010
2222020100100
2222020111001
2222021001111
2222021010010
2222021100100
2222021111001
2222100000110
2222100011011
2222100101101
2222100110000
2222101000110
2222101011011
2222101101101
2222101110000
2222110000001
2222110011100
2222110101010
2222110110111
2222111000001
2222111011100
2222111101010
2222111110111
2222120000001
2222120011100
2222120101010
2222120110111
2222121000001
2222121011100
2222121101010
2222121110111
2222200001000
2222200010101
2222200100011
2222200111110
2222201001000
2222201010101
2222201100011
2222201111110
2222210001111
2222210010010
2222210100100
2222210111001
2222211001111
2222211010010
2222211100100
2222211111001
2222220001111
2222220010010
2222220100100
2222220111001
2222221001111
2222221010010
2222221100100
2222221111001