0000110
0000221
0001011
0001100
0001111
0002020
0002201
0002220
0010011
0010101
0010110
0011000
0011010
0011101
0020020
0020200
0020221
0022001
0022021
0022200
0100010
0100101
0100111
0101001
0101010
0101100
0110000
0110011
0110100
0111001
0111220
0112121
0112210
0112221
0121121
0121211
0121220
0122110
0122120
0122211
0200021
0200200
0200220
0202000
0202021
0202201
0211120
0211211
0211221
0212111
0212120
0212210
0220001
0220020
0220201
0221110
0221121
0221210
0222000
0222111
1000000
1000001
1001210
1002121
1010220
1011021
1012100
1012211
1020111
1021120
1021201
1022010
1100120
1101221
1102011
1102200
1110201
1111110
1111111
1112020
1120021
1120210
1121000
1122101
1200211
1201020
1201101
1202110
1210010
1210121
1211200
1212001
1220100
1221011
1222220
1222221
2000000
2000001
2001210
2002121
2010220
2011021
2012100
2012211
2020111
2021120
2021201
2022010
2100120
2101221
2102011
2102200
2110201
2111110
2111111
2112020
2120021
2120210
2121000
2122101
2200211
2201020
2201101
2202110
2210010
2210121
2211200
2212001
2220100
2221011
2222220
2222221