0000000001
0000001110
0000100010
0000101101
0000210000
0000210011
0000211100
0000211111
0000220000
0000220101
0000221010
0000221111
0001010110
0001011001
0001020011
0001021100
0001100100
0001100111
0001101000
0001101011
0001200100
0001200111
0001201000
0001201011
0002000001
0002001110
0002110101
0002111010
0002120110
0002121001
0002200010
0002201101
0010010010
0010011101
0010110001
0010111110
0010200110
0010201001
0010220101
0010221010
0011000000
0011000101
0011001010
0011001111
0011020000
0011020011
0011021100
0011021111
0011110001
0011111110
0011210010
0011211101
0012010100
0012010111
0012011000
0012011011
0012100011
0012101100
0012120110
0012121001
0012210100
0012210111
0012211000
0012211011
0020020100
0020020111
0020021000
0020021011
0020120100
0020120111
0020121000
0020121011
0020200110
0020201001
0020210011
0020211100
0021000101
0021001010
0021010110
0021011001
0021120010
0021121101
0021220001
0021221110
0022020010
0022021101
0022100000
0022100011
0022101100
0022101111
0022110000
0022110101
0022111010
0022111111
0022220001
0022221110
0100020010
0100021101
0100120001
0100121110
0100200101
0100201010
0100210110
0100211001
0101000000
0101000011
0101001100
0101001111
0101010000
0101010101
0101011010
0101011111
0101120001
0101121110
0101220010
0101221101
0102020100
0102020111
0102021000
0102021011
0102100110
0102101001
0102110011
0102111100
0102220100
0102220111
0102221000
0102221011
0110000100
0110000111
0110001000
0110001011
0110100100
0110100111
0110101000
0110101011
0110210110
0110211001
0110220011
0110221100
0111010101
0111011010
0111020110
0111021001
0111100010
0111101101
0111200001
0111201110
0112000010
0112001101
0112110000
0112110011
0112111100
0112111111
0112120000
0112120101
0112121010
0112121111
0112200001
0112201110
0120010001
0120011110
0120110010
0120111101
0120200000
0120200101
0120201010
0120201111
0120220000
0120220011
0120221100
0120221111
0121000011
0121001100
0121020110
0121021001
0121110100
0121110111
0121111000
0121111011
0121210100
0121210111
0121211000
0121211011
0122010001
0122011110
0122100110
0122101001
0122120101
0122121010
0122210010
0122211101
0200010100
0200010111
0200011000
0200011011
0200110100
0200110111
0200111000
0200111011
0200200011
0200201100
0200220110
0200221001
0201000110
0201001001
0201020101
0201021010
0201110010
0201111101
0201210001
0201211110
0202010010
0202011101
0202100000
0202100101
0202101010
0202101111
0202120000
0202120011
0202121100
0202121111
0202210001
0202211110
0210020001
0210021110
0210120010
0210121101
0210200000
0210200011
0210201100
0210201111
0210210000
0210210101
0210211010
0210211111
0211000110
0211001001
0211010011
0211011100
0211120100
0211120111
0211121000
0211121011
0211220100
0211220111
0211221000
0211221011
0212020001
0212021110
0212100101
0212101010
0212110110
0212111001
0212220010
0212221101
0220000010
0220001101
0220100001
0220101110
0220210101
0220211010
0220220110
0220221001
0221010000
0221010011
0221011100
0221011111
0221020000
0221020101
0221021010
0221021111
0221100001
0221101110
0221200010
0221201101
0222000100
0222000111
0222001000
0222001011
0222110110
0222111001
0222120011
0222121100
0222200100
0222200111
0222201000
0222201011
1000000100
1000000111
1000001000
1000001011
1000110110
1000111001
1000120011
1000121100
1000200100
1000200111
1000201000
1000201011
1001000010
1001001101
1001100001
1001101110
1001210101
1001211010
1001220110
1001221001
1002010000
1002010011
1002011100
1002011111
1002020000
1002020101
1002021010
1002021111
1002100001
1002101110
1002200010
1002201101
1010010010
1010011101
1010100000
1010100101
1010101010
1010101111
1010120000
1010120011
1010121100
1010121111
1010210001
1010211110
1011010100
1011010111
1011011000
1011011011
1011110100
1011110111
1011111000
1011111011
1011200011
1011201100
1011220110
1011221001
1012000110
1012001001
1012020101
1012021010
1012110010
1012111101
1012210001
1012211110
1020020001
1020021110
1020100101
1020101010
1020110110
1020111001
1020220010
1020221101
1021020001
1021021110
1021120010
1021121101
1021200000
1021200011
1021201100
1021201111
1021210000
1021210101
1021211010
1021211111
1022000110
1022001001
1022010011
1022011100
1022120100
1022120111
1022121000
1022121011
1022220100
1022220111
1022221000
1022221011
1100020010
1100021101
1100100000
1100100011
1100101100
1100101111
1100110000
1100110101
1100111010
1100111111
1100220001
1100221110
1101020100
1101020111
1101021000
1101021011
1101120100
1101120111
1101121000
1101121011
1101200110
1101201001
1101210011
1101211100
1102000101
1102001010
1102010110
1102011001
1102120010
1102121101
1102220001
1102221110
1110000001
1110001110
1110110101
1110111010
1110120110
1110121001
1110200010
1110201101
1111000001
1111001110
1111100010
1111101101
1111210000
1111210011
1111211100
1111211111
1111220000
1111220101
1111221010
1111221111
1112010110
1112011001
1112020011
1112021100
1112100100
1112100111
1112101000
1112101011
1112200100
1112200111
1112201000
1112201011
1120010100
1120010111
1120011000
1120011011
1120100011
1120101100
1120120110
1120121001
1120210100
1120210111
1120211000
1120211011
1121010010
1121011101
1121110001
1121111110
1121200110
1121201001
1121220101
1121221010
1122000000
1122000101
1122001010
1122001111
1122020000
1122020011
1122021100
1122021111
1122110001
1122111110
1122210010
1122211101
1200010001
1200011110
1200100110
1200101001
1200120101
1200121010
1200210010
1200211101
1201010001
1201011110
1201110010
1201111101
1201200000
1201200101
1201201010
1201201111
1201220000
1201220011
1201221100
1201221111
1202000011
1202001100
1202020110
1202021001
1202110100
1202110111
1202111000
1202111011
1202210100
1202210111
1202211000
1202211011
1210020100
1210020111
1210021000
1210021011
1210100110
1210101001
1210110011
1210111100
1210220100
1210220111
1210221000
1210221011
1211020010
1211021101
1211120001
1211121110
1211200101
1211201010
1211210110
1211211001
1212000000
1212000011
1212001100
1212001111
1212010000
1212010101
1212011010
1212011111
1212120001
1212121110
1212220010
1212221101
1220000010
1220001101
1220110000
1220110011
1220111100
1220111111
1220120000
1220120101
1220121010
1220121111
1220200001
1220201110
1221000100
1221000111
1221001000
1221001011
1221100100
1221100111
1221101000
1221101011
1221210110
1221211001
1221220011
1221221100
1222010101
1222011010
1222020110
1222021001
1222100010
1222101101
1222200001
1222201110
2000010101
2000011010
2000020110
2000021001
2000100010
2000101101
2000200001
2000201110
2001000010
2001001101
2001110000
2001110011
2001111100
2001111111
2001120000
2001120101
2001121010
2001121111
2001200001
2001201110
2002000100
2002000111
2002001000
2002001011
2002100100
2002100111
2002101000
2002101011
2002210110
2002211001
2002220011
2002221100
2010000011
2010001100
2010020110
2010021001
2010110100
2010110111
2010111000
2010111011
2010210100
2010210111
2010211000
2010211011
2011010001
2011011110
2011100110
2011101001
2011120101
2011121010
2011210010
2011211101
2012010001
2012011110
2012110010
2012111101
2012200000
2012200101
2012201010
2012201111
2012220000
2012220011
2012221100
2012221111
2020000000
2020000011
2020001100
2020001111
2020010000
2020010101
2020011010
2020011111
2020120001
2020121110
2020220010
2020221101
2021020100
2021020111
2021021000
2021021011
2021100110
2021101001
2021110011
2021111100
2021220100
2021220111
2021221000
2021221011
2022020010
2022021101
2022120001
2022121110
2022200101
2022201010
2022210110
2022211001
2100000110
2100001001
2100010011
2100011100
2100120100
2100120111
2100121000
2100121011
2100220100
2100220111
2100221000
2100221011
2101020001
2101021110
2101100101
2101101010
2101110110
2101111001
2101220010
2101221101
2102020001
2102021110
2102120010
2102121101
2102200000
2102200011
2102201100
2102201111
2102210000
2102210101
2102211010
2102211111
2110010000
2110010011
2110011100
2110011111
2110020000
2110020101
2110021010
2110021111
2110100001
2110101110
2110200010
2110201101
2111000100
2111000111
2111001000
2111001011
2111110110
2111111001
2111120011
2111121100
2111200100
2111200111
2111201000
2111201011
2112000010
2112001101
2112100001
2112101110
2112210101
2112211010
2112220110
2112221001
2120000110
2120001001
2120020101
2120021010
2120110010
2120111101
2120210001
2120211110
2121010010
2121011101
2121100000
2121100101
2121101010
2121101111
2121120000
2121120011
2121121100
2121121111
2121210001
2121211110
2122010100
2122010111
2122011000
2122011011
2122110100
2122110111
2122111000
2122111011
2122200011
2122201100
2122220110
2122221001
2200000000
2200000101
2200001010
2200001111
2200020000
2200020011
2200021100
2200021111
2200110001
2200111110
2200210010
2200211101
2201010100
2201010111
2201011000
2201011011
2201100011
2201101100
2201120110
2201121001
2201210100
2201210111
2201211000
2201211011
2202010010
2202011101
2202110001
2202111110
2202200110
2202201001
2202220101
2202221010
2210000101
2210001010
2210010110
2210011001
2210120010
2210121101
2210220001
2210221110
2211020010
2211021101
2211100000
2211100011
2211101100
2211101111
2211110000
2211110101
2211111010
2211111111
2211220001
2211221110
2212020100
2212020111
2212021000
2212021011
2212120100
2212120111
2212121000
2212121011
2212200110
2212201001
2212210011
2212211100
2220010110
2220011001
2220020011
2220021100
2220100100
2220100111
2220101000
2220101011
2220200100
2220200111
2220201000
2220201011
2221000001
2221001110
2221110101
2221111010
2221120110
2221121001
2221200010
2221201101
2222000001
2222001110
2222100010
2222101101
2222210000
2222210011
2222211100
2222211111
2222220000
2222220101
2222221010
2222221111