00000100001
00000111111
00000200111
00000201011
00000201100
00000210010
00000210101
00000211001
00001000000
00001011110
00001100111
00001101011
00001101100
00001110010
00001110101
00001111001
00002000110
00002001010
00002001101
00002010011
00002010100
00002011000
00002200000
00002211110
00010000000
00010011110
00010100110
00010101010
00010101101
00010110011
00010110100
00010111000
00011000111
00011001011
00011001100
00011010010
00011010101
00011011001
00011200001
00011211111
00012100000
00012111110
00012200111
00012201011
00012201100
00012210010
00012210101
00012211001
00020000111
00020001011
00020001100
00020010010
00020010101
00020011001
00020200000
00020211110
00021100000
00021111110
00021200110
00021201010
00021201101
00021210011
00021210100
00021211000
00022000001
00022011111
00022100111
00022101011
00022101100
00022110010
00022110101
00022111001
00100000100
00100000101
00100011010
00100011011
00100101000
00100110110
00101001001
00101010111
00101200011
00101201110
00101210000
00101211101
00102100010
00102101111
00102110001
00102111100
00102201001
00102210111
00110001001
00110010111
00110200010
00110201111
00110210001
00110211100
00111100100
00111100101
00111111010
00111111011
00111201000
00111210110
00112000011
00112001110
00112010000
00112011101
00112101001
00112110111
00120100011
00120101110
00120110000
00120111101
00120201001
00120210111
00121000010
00121001111
00121010001
00121011100
00121101001
00121110111
00122001000
00122010110
00122200100
00122200101
00122211010
00122211011
00200000010
00200000011
00200011100
00200011101
00200101110
00200110000
00201001111
00201010001
00201200100
00201201001
00201210111
00201211010
00202100101
00202101000
00202110110
00202111011
00202201111
00202210001
00210001111
00210010001
00210200101
00210201000
00210210110
00210211011
00211100010
00211100011
00211111100
00211111101
00211201110
00211210000
00212000100
00212001001
00212010111
00212011010
00212101111
00212110001
00220100100
00220101001
00220110111
00220111010
00220201111
00220210001
00221000101
00221001000
00221010110
00221011011
00221101111
00221110001
00222001110
00222010000
00222200010
00222200011
00222211100
00222211101
01000001000
01000001001
01000010110
01000010111
01000100100
01000111010
01001000101
01001011011
01001200011
01001201110
01001210000
01001211101
01002100010
01002101111
01002110001
01002111100
01002200101
01002211011
01010000101
01010011011
01010200010
01010201111
01010210001
01010211100
01011101000
01011101001
01011110110
01011110111
01011200100
01011211010
01012000011
01012001110
01012010000
01012011101
01012100101
01012111011
01020100011
01020101110
01020110000
01020111101
01020200101
01020211011
01021000010
01021001111
01021010001
01021011100
01021100101
01021111011
01022000100
01022011010
01022201000
01022201001
01022210110
01022210111
01100001110
01100001111
01100010000
01100010001
01100100010
01100111100
01101000011
01101011101
01101200101
01101201000
01101210110
01101211011
01102100100
01102101001
01102110111
01102111010
01102200011
01102211101
01110000011
01110011101
01110200100
01110201001
01110210111
01110211010
01111101110
01111101111
01111110000
01111110001
01111200010
01111211100
01112000101
01112001000
01112010110
01112011011
01112100011
01112111101
01120100101
01120101000
01120110110
01120111011
01120200011
01120211101
01121000100
01121001001
01121010111
01121011010
01121100011
01121111101
01122000010
01122011100
01122201110
01122201111
01122210000
01122210001
01200101101
01200110011
01200200001
01200200110
01200201010
01200210100
01200211000
01200211111
01201001100
01201010010
01201100001
01201100110
01201101010
01201110100
01201111000
01201111111
01202000000
01202000111
01202001011
01202010101
01202011001
01202011110
01202201100
01202210010
01210001100
01210010010
01210100000
01210100111
01210101011
01210110101
01210111001
01210111110
01211000001
01211000110
01211001010
01211010100
01211011000
01211011111
01211201101
01211210011
01212101100
01212110010
01212200001
01212200110
01212201010
01212210100
01212211000
01212211111
01220000001
01220000110
01220001010
01220010100
01220011000
01220011111
01220201100
01220210010
01221101100
01221110010
01221200000
01221200111
01221201011
01221210101
01221211001
01221211110
01222001101
01222010011
01222100001
01222100110
01222101010
01222110100
01222111000
01222111111
02000000010
02000000011
02000011100
02000011101
02000101110
02000110000
02001001111
02001010001
02001200101
02001201000
02001210110
02001211011
02002100100
02002101001
02002110111
02002111010
02002201111
02002210001
02010001111
02010010001
02010200100
02010201001
02010210111
02010211010
02011100010
02011100011
02011111100
02011111101
02011201110
02011210000
02012000101
02012001000
02012010110
02012011011
02012101111
02012110001
02020100101
02020101000
02020110110
02020111011
02020201111
02020210001
02021000100
02021001001
02021010111
02021011010
02021101111
02021110001
02022001110
02022010000
02022200010
02022200011
02022211100
02022211101
02100100111
02100101011
02100110101
02100111001
02100200000
02100201101
02100210011
02100211110
02101000110
02101001010
02101010100
02101011000
02101100000
02101101101
02101110011
02101111110
02102000001
02102001100
02102010010
02102011111
02102200110
02102201010
02102210100
02102211000
02110000110
02110001010
02110010100
02110011000
02110100001
02110101100
02110110010
02110111111
02111000000
02111001101
02111010011
02111011110
02111200111
02111201011
02111210101
02111211001
02112100110
02112101010
02112110100
02112111000
02112200000
02112201101
02112210011
02112211110
02120000000
02120001101
02120010011
02120011110
02120200110
02120201010
02120210100
02120211000
02121100110
02121101010
02121110100
02121111000
02121200001
02121201100
02121210010
02121211111
02122000111
02122001011
02122010101
02122011001
02122100000
02122101101
02122110011
02122111110
02200000100
02200000101
02200011010
02200011011
02200101000
02200110110
02201001001
02201010111
02201200010
02201201111
02201210001
02201211100
02202100011
02202101110
02202110000
02202111101
02202201001
02202210111
02210001001
02210010111
02210200011
02210201110
02210210000
02210211101
02211100100
02211100101
02211111010
02211111011
02211201000
02211210110
02212000010
02212001111
02212010001
02212011100
02212101001
02212110111
02220100010
02220101111
02220110001
02220111100
02220201001
02220210111
02221000011
02221001110
02221010000
02221011101
02221101001
02221110111
02222001000
02222010110
02222200100
02222200101
02222211010
02222211011
10000000100
10000000101
10000011010
10000011011
10000101000
10000110110
10001001001
10001010111
10001200010
10001201111
10001210001
10001211100
10002100011
10002101110
10002110000
10002111101
10002201001
10002210111
10010001001
10010010111
10010200011
10010201110
10010210000
10010211101
10011100100
10011100101
10011111010
10011111011
10011201000
10011210110
10012000010
10012001111
10012010001
10012011100
10012101001
10012110111
10020100010
10020101111
10020110001
10020111100
10020201001
10020210111
10021000011
10021001110
10021010000
10021011101
10021101001
10021110111
10022001000
10022010110
10022200100
10022200101
10022211010
10022211011
10100000010
10100000011
10100011100
10100011101
10100101110
10100110000
10101001111
10101010001
10101200101
10101201000
10101210110
10101211011
10102100100
10102101001
10102110111
10102111010
10102201111
10102210001
10110001111
10110010001
10110200100
10110201001
10110210111
10110211010
10111100010
10111100011
10111111100
10111111101
10111201110
10111210000
10112000101
10112001000
10112010110
10112011011
10112101111
10112110001
10120100101
10120101000
10120110110
10120111011
10120201111
10120210001
10121000100
10121001001
10121010111
10121011010
10121101111
10121110001
10122001110
10122010000
10122200010
10122200011
10122211100
10122211101
10200100111
10200101011
10200110101
10200111001
10200200000
10200201101
10200210011
10200211110
10201000110
10201001010
10201010100
10201011000
10201100000
10201101101
10201110011
10201111110
10202000001
10202001100
10202010010
10202011111
10202200110
10202201010
10202210100
10202211000
10210000110
10210001010
10210010100
10210011000
10210100001
10210101100
10210110010
10210111111
10211000000
10211001101
10211010011
10211011110
10211200111
10211201011
10211210101
10211211001
10212100110
10212101010
10212110100
10212111000
10212200000
10212201101
10212210011
10212211110
10220000000
10220001101
10220010011
10220011110
10220200110
10220201010
10220210100
10220211000
10221100110
10221101010
10221110100
10221111000
10221200001
10221201100
10221210010
10221211111
10222000111
10222001011
10222010101
10222011001
10222100000
10222101101
10222110011
10222111110
11000000010
11000000011
11000011100
11000011101
11000101110
11000110000
11001001111
11001010001
11001200100
11001201001
11001210111
11001211010
11002100101
11002101000
11002110110
11002111011
11002201111
11002210001
11010001111
11010010001
11010200101
11010201000
11010210110
11010211011
11011100010
11011100011
11011111100
11011111101
11011201110
11011210000
11012000100
11012001001
11012010111
11012011010
11012101111
11012110001
11020100100
11020101001
11020110111
11020111010
11020201111
11020210001
11021000101
11021001000
11021010110
11021011011
11021101111
11021110001
11022001110
11022010000
11022200010
11022200011
11022211100
11022211101
11100100001
11100111111
11100200111
11100201011
11100201100
11100210010
11100210101
11100211001
11101000000
11101011110
11101100111
11101101011
11101101100
11101110010
11101110101
11101111001
11102000110
11102001010
11102001101
11102010011
11102010100
11102011000
11102200000
11102211110
11110000000
11110011110
11110100110
11110101010
11110101101
11110110011
11110110100
11110111000
11111000111
11111001011
11111001100
11111010010
11111010101
11111011001
11111200001
11111211111
11112100000
11112111110
11112200111
11112201011
11112201100
11112210010
11112210101
11112211001
11120000111
11120001011
11120001100
11120010010
11120010101
11120011001
11120200000
11120211110
11121100000
11121111110
11121200110
11121201010
11121201101
11121210011
11121210100
11121211000
11122000001
11122011111
11122100111
11122101011
11122101100
11122110010
11122110101
11122111001
11200000100
11200000101
11200011010
11200011011
11200101000
11200110110
11201001001
11201010111
11201200011
11201201110
11201210000
11201211101
11202100010
11202101111
11202110001
11202111100
11202201001
11202210111
11210001001
11210010111
11210200010
11210201111
11210210001
11210211100
11211100100
11211100101
11211111010
11211111011
11211201000
11211210110
11212000011
11212001110
11212010000
11212011101
11212101001
11212110111
11220100011
11220101110
11220110000
11220111101
11220201001
11220210111
11221000010
11221001111
11221010001
11221011100
11221101001
11221110111
11222001000
11222010110
11222200100
11222200101
11222211010
11222211011
12000101101
12000110011
12000200001
12000200110
12000201010
12000210100
12000211000
12000211111
12001001100
12001010010
12001100001
12001100110
12001101010
12001110100
12001111000
12001111111
12002000000
12002000111
12002001011
12002010101
12002011001
12002011110
12002201100
12002210010
12010001100
12010010010
12010100000
12010100111
12010101011
12010110101
12010111001
12010111110
12011000001
12011000110
12011001010
12011010100
12011011000
12011011111
12011201101
12011210011
12012101100
12012110010
12012200001
12012200110
12012201010
12012210100
12012211000
12012211111
12020000001
12020000110
12020001010
12020010100
12020011000
12020011111
12020201100
12020210010
12021101100
12021110010
12021200000
12021200111
12021201011
12021210101
12021211001
12021211110
12022001101
12022010011
12022100001
12022100110
12022101010
12022110100
12022111000
12022111111
12100001000
12100001001
12100010110
12100010111
12100100100
12100111010
12101000101
12101011011
12101200011
12101201110
12101210000
12101211101
12102100010
12102101111
12102110001
12102111100
12102200101
12102211011
12110000101
12110011011
12110200010
12110201111
12110210001
12110211100
12111101000
12111101001
12111110110
12111110111
12111200100
12111211010
12112000011
12112001110
12112010000
12112011101
12112100101
12112111011
12120100011
12120101110
12120110000
12120111101
12120200101
12120211011
12121000010
12121001111
12121010001
12121011100
12121100101
12121111011
12122000100
12122011010
12122201000
12122201001
12122210110
12122210111
12200001110
12200001111
12200010000
12200010001
12200100010
12200111100
12201000011
12201011101
12201200101
12201201000
12201210110
12201211011
12202100100
12202101001
12202110111
12202111010
12202200011
12202211101
12210000011
12210011101
12210200100
12210201001
12210210111
12210211010
12211101110
12211101111
12211110000
12211110001
12211200010
12211211100
12212000101
12212001000
12212010110
12212011011
12212100011
12212111101
12220100101
12220101000
12220110110
12220111011
12220200011
12220211101
12221000100
12221001001
12221010111
12221011010
12221100011
12221111101
12222000010
12222011100
12222201110
12222201111
12222210000
12222210001
20000001110
20000001111
20000010000
20000010001
20000100010
20000111100
20001000011
20001011101
20001200101
20001201000
20001210110
20001211011
20002100100
20002101001
20002110111
20002111010
20002200011
20002211101
20010000011
20010011101
20010200100
20010201001
20010210111
20010211010
20011101110
20011101111
20011110000
20011110001
20011200010
20011211100
20012000101
20012001000
20012010110
20012011011
20012100011
20012111101
20020100101
20020101000
20020110110
20020111011
20020200011
20020211101
20021000100
20021001001
20021010111
20021011010
20021100011
20021111101
20022000010
20022011100
20022201110
20022201111
20022210000
20022210001
20100101101
20100110011
20100200001
20100200110
20100201010
20100210100
20100211000
20100211111
20101001100
20101010010
20101100001
20101100110
20101101010
20101110100
20101111000
20101111111
20102000000
20102000111
20102001011
20102010101
20102011001
20102011110
20102201100
20102210010
20110001100
20110010010
20110100000
20110100111
20110101011
20110110101
20110111001
20110111110
20111000001
20111000110
20111001010
20111010100
20111011000
20111011111
20111201101
20111210011
20112101100
20112110010
20112200001
20112200110
20112201010
20112210100
20112211000
20112211111
20120000001
20120000110
20120001010
20120010100
20120011000
20120011111
20120201100
20120210010
20121101100
20121110010
20121200000
20121200111
20121201011
20121210101
20121211001
20121211110
20122001101
20122010011
20122100001
20122100110
20122101010
20122110100
20122111000
20122111111
20200001000
20200001001
20200010110
20200010111
20200100100
20200111010
20201000101
20201011011
20201200011
20201201110
20201210000
20201211101
20202100010
20202101111
20202110001
20202111100
20202200101
20202211011
20210000101
20210011011
20210200010
20210201111
20210210001
20210211100
20211101000
20211101001
20211110110
20211110111
20211200100
20211211010
20212000011
20212001110
20212010000
20212011101
20212100101
20212111011
20220100011
20220101110
20220110000
20220111101
20220200101
20220211011
20221000010
20221001111
20221010001
20221011100
20221100101
20221111011
20222000100
20222011010
20222201000
20222201001
20222210110
20222210111
21000100111
21000101011
21000110101
21000111001
21000200000
21000201101
21000210011
21000211110
21001000110
21001001010
21001010100
21001011000
21001100000
21001101101
21001110011
21001111110
21002000001
21002001100
21002010010
21002011111
21002200110
21002201010
21002210100
21002211000
21010000110
21010001010
21010010100
21010011000
21010100001
21010101100
21010110010
21010111111
21011000000
21011001101
21011010011
21011011110
21011200111
21011201011
21011210101
21011211001
21012100110
21012101010
21012110100
21012111000
21012200000
21012201101
21012210011
21012211110
21020000000
21020001101
21020010011
21020011110
21020200110
21020201010
21020210100
21020211000
21021100110
21021101010
21021110100
21021111000
21021200001
21021201100
21021210010
21021211111
21022000111
21022001011
21022010101
21022011001
21022100000
21022101101
21022110011
21022111110
21100000100
21100000101
21100011010
21100011011
21100101000
21100110110
21101001001
21101010111
21101200010
21101201111
21101210001
21101211100
21102100011
21102101110
21102110000
21102111101
21102201001
21102210111
21110001001
21110010111
21110200011
21110201110
21110210000
21110211101
21111100100
21111100101
21111111010
21111111011
21111201000
21111210110
21112000010
21112001111
21112010001
21112011100
21112101001
21112110111
21120100010
21120101111
21120110001
21120111100
21120201001
21120210111
21121000011
21121001110
21121010000
21121011101
21121101001
21121110111
21122001000
21122010110
21122200100
21122200101
21122211010
21122211011
21200000010
21200000011
21200011100
21200011101
21200101110
21200110000
21201001111
21201010001
21201200101
21201201000
21201210110
21201211011
21202100100
21202101001
21202110111
21202111010
21202201111
21202210001
21210001111
21210010001
21210200100
21210201001
21210210111
21210211010
21211100010
21211100011
21211111100
21211111101
21211201110
21211210000
21212000101
21212001000
21212010110
21212011011
21212101111
21212110001
21220100101
21220101000
21220110110
21220111011
21220201111
21220210001
21221000100
21221001001
21221010111
21221011010
21221101111
21221110001
21222001110
21222010000
21222200010
21222200011
21222211100
21222211101
22000000100
22000000101
22000011010
22000011011
22000101000
22000110110
22001001001
22001010111
22001200011
22001201110
22001210000
22001211101
22002100010
22002101111
22002110001
22002111100
22002201001
22002210111
22010001001
22010010111
22010200010
22010201111
22010210001
22010211100
22011100100
22011100101
22011111010
22011111011
22011201000
22011210110
22012000011
22012001110
22012010000
22012011101
22012101001
22012110111
22020100011
22020101110
22020110000
22020111101
22020201001
22020210111
22021000010
22021001111
22021010001
22021011100
22021101001
22021110111
22022001000
22022010110
22022200100
22022200101
22022211010
22022211011
22100000010
22100000011
22100011100
22100011101
22100101110
22100110000
22101001111
22101010001
22101200100
22101201001
22101210111
22101211010
22102100101
22102101000
22102110110
22102111011
22102201111
22102210001
22110001111
22110010001
22110200101
22110201000
22110210110
22110211011
22111100010
22111100011
22111111100
22111111101
22111201110
22111210000
22112000100
22112001001
22112010111
22112011010
22112101111
22112110001
22120100100
22120101001
22120110111
22120111010
22120201111
22120210001
22121000101
22121001000
22121010110
22121011011
22121101111
22121110001
22122001110
22122010000
22122200010
22122200011
22122211100
22122211101
22200100001
22200111111
22200200111
22200201011
22200201100
22200210010
22200210101
22200211001
22201000000
22201011110
22201100111
22201101011
22201101100
22201110010
22201110101
22201111001
22202000110
22202001010
22202001101
22202010011
22202010100
22202011000
22202200000
22202211110
22210000000
22210011110
22210100110
22210101010
22210101101
22210110011
22210110100
22210111000
22211000111
22211001011
22211001100
22211010010
22211010101
22211011001
22211200001
22211211111
22212100000
22212111110
22212200111
22212201011
22212201100
22212210010
22212210101
22212211001
22220000111
22220001011
22220001100
22220010010
22220010101
22220011001
22220200000
22220211110
22221100000
22221111110
22221200110
22221201010
22221201101
22221210011
22221210100
22221211000
22222000001
22222011111
22222100111
22222101011
22222101100
22222110010
22222110101
22222111001