00000200101
00000200110
00000201001
00000201010
00000210011
00000211100
00000220000
00000221111
00001000001
00001000011
00001001100
00001001110
00001010000
00001010010
00001011101
00001011111
00001020100
00001020101
00001020110
00001020111
00001021000
00001021001
00001021010
00001021011
00002100010
00002101101
00002110100
00002110111
00002111000
00002111011
00002120001
00002121110
00010000011
00010001100
00010010000
00010011111
00010020101
00010020110
00010021001
00010021010
00011100000
00011101111
00011110101
00011110110
00011111001
00011111010
00011120011
00011121100
00012200100
00012200111
00012201000
00012201011
00012210001
00012211110
00012220010
00012221101
00020100100
00020100111
00020101000
00020101011
00020110001
00020111110
00020120010
00020121101
00021200010
00021201101
00021210100
00021210111
00021211000
00021211011
00021220001
00021221110
00022000101
00022000110
00022001001
00022001010
00022010011
00022011100
00022020000
00022021111
00100000100
00100000111
00100001000
00100001011
00100010001
00100011110
00100020010
00100021101
00101100010
00101101101
00101110100
00101110111
00101111000
00101111011
00101120001
00101121110
00102200011
00102201100
00102210000
00102211111
00102220101
00102220110
00102221001
00102221010
00110100101
00110100110
00110101001
00110101010
00110110011
00110111100
00110120000
00110121111
00111200001
00111201110
00111210010
00111211101
00111220100
00111220111
00111221000
00111221011
00112000010
00112001101
00112010100
00112010111
00112011000
00112011011
00112020001
00112021110
00120200000
00120201111
00120210101
00120210110
00120211001
00120211010
00120220011
00120221100
00121000101
00121000110
00121001001
00121001010
00121010011
00121011100
00121020000
00121021111
00122100000
00122100001
00122101110
00122101111
00122110010
00122110101
00122110110
00122111001
00122111010
00122111101
00122120011
00122120100
00122120111
00122121000
00122121011
00122121100
00200100001
00200101110
00200110010
00200111101
00200120100
00200120111
00200121000
00200121011
00201200101
00201200110
00201201001
00201201010
00201210011
00201211100
00201220000
00201221111
00202000000
00202001111
00202010101
00202010110
00202011001
00202011010
00202020011
00202021100
00210200000
00210200010
00210200011
00210201100
00210201101
00210201111
00210210000
00210210100
00210210101
00210210110
00210210111
00210211000
00210211001
00210211010
00210211011
00210211111
00210220001
00210220011
00210220101
00210220110
00210221001
00210221010
00210221100
00210221110
00211000100
00211000111
00211001000
00211001011
00211010001
00211011110
00211020010
00211021101
00212100101
00212100110
00212101001
00212101010
00212110011
00212111100
00212120000
00212121111
00220000001
00220000010
00220001101
00220001110
00220010010
00220010100
00220010111
00220011000
00220011011
00220011101
00220020001
00220020100
00220020111
00220021000
00220021011
00220021110
00221100011
00221101100
00221110000
00221111111
00221120101
00221120110
00221121001
00221121010
00222200100
00222200111
00222201000
00222201011
00222210001
00222211110
00222220010
00222221101
01000000010
01000001101
01000010100
01000010111
01000011000
01000011011
01000020001
01000021110
01001100101
01001100110
01001101001
01001101010
01001110011
01001111100
01001120000
01001121111
01002200000
01002201111
01002210101
01002210110
01002211001
01002211010
01002220011
01002221100
01010100001
01010101110
01010110010
01010111101
01010120100
01010120111
01010121000
01010121011
01011200011
01011201100
01011210000
01011211111
01011220101
01011220110
01011221001
01011221010
01012000000
01012000101
01012000110
01012001001
01012001010
01012001111
01012010011
01012010101
01012010110
01012011001
01012011010
01012011100
01012020000
01012020011
01012021100
01012021111
01020200001
01020201110
01020210010
01020211101
01020220100
01020220111
01020221000
01020221011
01021000100
01021000111
01021001000
01021001011
01021010001
01021011110
01021020010
01021021101
01022100011
01022101100
01022110000
01022111111
01022120101
01022120110
01022121001
01022121010
01100100000
01100101111
01100110101
01100110110
01100111001
01100111010
01100120011
01100121100
01101200100
01101200111
01101201000
01101201011
01101210001
01101211110
01101220010
01101221101
01102000001
01102001110
01102010010
01102011101
01102020100
01102020111
01102021000
01102021011
01110200010
01110201101
01110210100
01110210111
01110211000
01110211011
01110220001
01110221110
01111000000
01111000101
01111000110
01111001001
01111001010
01111001111
01111010011
01111010101
01111010110
01111011001
01111011010
01111011100
01111020000
01111020011
01111021100
01111021111
01112100011
01112100100
01112100111
01112101000
01112101011
01112101100
01112110000
01112110001
01112111110
01112111111
01112120010
01112120101
01112120110
01112121001
01112121010
01112121101
01120000011
01120001100
01120010000
01120011111
01120020101
01120020110
01120021001
01120021010
01121100001
01121101110
01121110010
01121111101
01121120100
01121120111
01121121000
01121121011
01122200010
01122200101
01122200110
01122201001
01122201010
01122201101
01122210011
01122210100
01122210111
01122211000
01122211011
01122211100
01122220000
01122220001
01122221110
01122221111
01200200011
01200201100
01200210000
01200211111
01200220101
01200220110
01200221001
01200221010
01201000011
01201001100
01201010000
01201011111
01201020101
01201020110
01201021001
01201021010
01202100100
01202100111
01202101000
01202101011
01202110001
01202111110
01202120010
01202121101
01210000100
01210000111
01210001000
01210001011
01210010001
01210011110
01210020010
01210021101
01211100010
01211101101
01211110100
01211110111
01211111000
01211111011
01211120001
01211121110
01212200001
01212201110
01212210010
01212211101
01212220100
01212220111
01212221000
01212221011
01220100101
01220100110
01220101001
01220101010
01220110011
01220111100
01220120000
01220121111
01221200000
01221201111
01221210101
01221210110
01221211001
01221211010
01221220011
01221221100
01222000010
01222001101
01222010100
01222010111
01222011000
01222011011
01222020001
01222021110
02000100011
02000101100
02000110000
02000111111
02000120101
02000120110
02000121001
02000121010
02001200000
02001201111
02001210101
02001210110
02001211001
02001211010
02001220011
02001221100
02002000100
02002000111
02002001000
02002001011
02002010001
02002011110
02002020010
02002021101
02010200100
02010200101
02010200110
02010200111
02010201000
02010201001
02010201010
02010201011
02010210001
02010210011
02010211100
02010211110
02010220000
02010220010
02010221101
02010221111
02011000010
02011001101
02011010100
02011010111
02011011000
02011011011
02011020001
02011021110
02012100001
02012100010
02012101101
02012101110
02012110010
02012110100
02012110111
02012111000
02012111011
02012111101
02012120001
02012120100
02012120111
02012121000
02012121011
02012121110
02020000000
02020001111
02020010101
02020010110
02020011001
02020011010
02020020011
02020021100
02021100101
02021100110
02021101001
02021101010
02021110011
02021111100
02021120000
02021121111
02022200001
02022200011
02022201100
02022201110
02022210000
02022210010
02022211101
02022211111
02022220100
02022220101
02022220110
02022220111
02022221000
02022221001
02022221010
02022221011
02100200001
02100201110
02100210010
02100211101
02100220100
02100220111
02100221000
02100221011
02101000000
02101000010
02101001101
02101001111
02101010100
02101010101
02101010110
02101010111
02101011000
02101011001
02101011010
02101011011
02101020001
02101020011
02101021100
02101021110
02102100101
02102100110
02102101001
02102101010
02102110011
02102111100
02102120000
02102121111
02110000001
02110001110
02110010010
02110011101
02110020100
02110020111
02110021000
02110021011
02111100011
02111100100
02111100111
02111101000
02111101011
02111101100
02111110000
02111110001
02111111110
02111111111
02111120010
02111120101
02111120110
02111121001
02111121010
02111121101
02112200000
02112201111
02112210101
02112210110
02112211001
02112211010
02112220011
02112221100
02120100010
02120101101
02120110100
02120110111
02120111000
02120111011
02120120001
02120121110
02121200011
02121201100
02121210000
02121211111
02121220101
02121220110
02121221001
02121221010
02122000100
02122000111
02122001000
02122001011
02122010001
02122011110
02122020010
02122021101
02200000101
02200000110
02200001001
02200001010
02200010011
02200011100
02200020000
02200021111
02201100001
02201100100
02201100111
02201101000
02201101011
02201101110
02201110001
02201110010
02201111101
02201111110
02201120010
02201120100
02201120111
02201121000
02201121011
02201121101
02202200010
02202201101
02202210100
02202210111
02202211000
02202211011
02202220001
02202221110
02210100000
02210101111
02210110101
02210110110
02210111001
02210111010
02210120011
02210121100
02211200101
02211200110
02211201001
02211201010
02211210011
02211211100
02211220000
02211221111
02212000011
02212001100
02212010000
02212011111
02212020101
02212020110
02212021001
02212021010
02220200100
02220200111
02220201000
02220201011
02220210001
02220211110
02220220010
02220221101
02221000001
02221001110
02221010010
02221011101
02221020100
02221020111
02221021000
02221021011
02222100000
02222101111
02222110101
02222110110
02222111001
02222111010
02222120011
02222121100
10000000000
10000001111
10000010101
10000010110
10000011001
10000011010
10000020011
10000021100
10001100100
10001100111
10001101000
10001101011
10001110001
10001111110
10001120010
10001121101
10002200001
10002201110
10002210010
10002211101
10002220100
10002220111
10002221000
10002221011
10010100010
10010101101
10010110100
10010110111
10010111000
10010111011
10010120001
10010121110
10011200101
10011200110
10011201001
10011201010
10011210011
10011211100
10011220000
10011221111
10012000001
10012000100
10012000111
10012001000
10012001011
10012001110
10012010001
10012010010
10012011101
10012011110
10012020010
10012020100
10012020111
10012021000
10012021011
10012021101
10020200011
10020201100
10020210000
10020211111
10020220101
10020220110
10020221001
10020221010
10021000000
10021001111
10021010101
10021010110
10021011001
10021011010
10021020011
10021021100
10022100101
10022100110
10022101001
10022101010
10022110011
10022111100
10022120000
10022121111
10100100001
10100100011
10100101100
10100101110
10100110000
10100110010
10100111101
10100111111
10100120100
10100120101
10100120110
10100120111
10100121000
10100121001
10100121010
10100121011
10101200000
10101201111
10101210101
10101210110
10101211001
10101211010
10101220011
10101221100
10102000101
10102000110
10102001001
10102001010
10102010011
10102011100
10102020000
10102021111
10110200100
10110200111
10110201000
10110201011
10110210001
10110211110
10110220010
10110221101
10111000011
10111001100
10111010000
10111011111
10111020101
10111020110
10111021001
10111021010
10112100000
10112101111
10112110101
10112110110
10112111001
10112111010
10112120011
10112121100
10120000001
10120000010
10120001101
10120001110
10120010010
10120010100
10120010111
10120011000
10120011011
10120011101
10120020001
10120020100
10120020111
10120021000
10120021011
10120021110
10121100100
10121100101
10121100110
10121100111
10121101000
10121101001
10121101010
10121101011
10121110001
10121110011
10121111100
10121111110
10121120000
10121120010
10121121101
10121121111
10122200010
10122201101
10122210100
10122210111
10122211000
10122211011
10122220001
10122221110
10200200100
10200200111
10200201000
10200201011
10200210001
10200211110
10200220010
10200221101
10201000010
10201001101
10201010100
10201010111
10201011000
10201011011
10201020001
10201021110
10202100011
10202101100
10202110000
10202111111
10202120101
10202120110
10202121001
10202121010
10210000101
10210000110
10210001001
10210001010
10210010011
10210011100
10210020000
10210021111
10211100001
10211101110
10211110010
10211111101
10211120100
10211120111
10211121000
10211121011
10212200000
10212200010
10212201101
10212201111
10212210100
10212210101
10212210110
10212210111
10212211000
10212211001
10212211010
10212211011
10212220001
10212220011
10212221100
10212221110
10220100000
10220101111
10220110101
10220110110
10220111001
10220111010
10220120011
10220121100
10221200001
10221201110
10221210010
10221211101
10221220100
10221220111
10221221000
10221221011
10222000011
10222000100
10222000111
10222001000
10222001011
10222001100
10222010000
10222010001
10222011110
10222011111
10222020010
10222020101
10222020110
10222021001
10222021010
10222021101
11000100100
11000100111
11000101000
11000101011
11000110001
11000111110
11000120010
11000121101
11001200001
11001200010
11001201101
11001201110
11001210010
11001210100
11001210111
11001211000
11001211011
11001211101
11001220001
11001220100
11001220111
11001221000
11001221011
11001221110
11002000011
11002001100
11002010000
11002011111
11002020101
11002020110
11002021001
11002021010
11010200000
11010201111
11010210101
11010210110
11010211001
11010211010
11010220011
11010221100
11011000001
11011001110
11011010010
11011011101
11011020100
11011020111
11011021000
11011021011
11012100101
11012100110
11012101001
11012101010
11012110011
11012111100
11012120000
11012121111
11020000101
11020000110
11020001001
11020001010
11020010011
11020011100
11020020000
11020021111
11021100000
11021100010
11021100011
11021101100
11021101101
11021101111
11021110000
11021110100
11021110101
11021110110
11021110111
11021111000
11021111001
11021111010
11021111011
11021111111
11021120001
11021120011
11021120101
11021120110
11021121001
11021121010
11021121100
11021121110
11022200100
11022200111
11022201000
11022201011
11022210001
11022211110
11022220010
11022221101
11100200101
11100200110
11100201001
11100201010
11100210011
11100211100
11100220000
11100221111
11101000100
11101000111
11101001000
11101001011
11101010001
11101011110
11101020010
11101021101
11102100010
11102101101
11102110100
11102110111
11102111000
11102111011
11102120001
11102121110
11110000010
11110001101
11110010100
11110010111
11110011000
11110011011
11110020001
11110021110
11111100101
11111100110
11111101001
11111101010
11111110011
11111111100
11111120000
11111121111
11112200001
11112200011
11112201100
11112201110
11112210000
11112210010
11112211101
11112211111
11112220100
11112220101
11112220110
11112220111
11112221000
11112221001
11112221010
11112221011
11120100100
11120100111
11120101000
11120101011
11120110001
11120111110
11120120010
11120121101
11121200011
11121201100
11121210000
11121211111
11121220101
11121220110
11121221001
11121221010
11122000000
11122001111
11122010101
11122010110
11122011001
11122011010
11122020011
11122021100
11200000000
11200000001
11200001110
11200001111
11200010010
11200010101
11200010110
11200011001
11200011010
11200011101
11200020011
11200020100
11200020111
11200021000
11200021011
11200021100
11201100000
11201101111
11201110101
11201110110
11201111001
11201111010
11201120011
11201121100
11202200101
11202200110
11202201001
11202201010
11202210011
11202211100
11202220000
11202221111
11210100011
11210101100
11210110000
11210111111
11210120101
11210120110
11210121001
11210121010
11211200100
11211200111
11211201000
11211201011
11211210001
11211211110
11211220010
11211221101
11212000010
11212001101
11212010100
11212010111
11212011000
11212011011
11212020001
11212021110
11220200010
11220201101
11220210100
11220210111
11220211000
11220211011
11220220001
11220221110
11221000101
11221000110
11221001001
11221001010
11221010011
11221011100
11221020000
11221021111
11222100001
11222101110
11222110010
11222111101
11222120100
11222120111
11222121000
11222121011
12000200010
12000201101
12000210100
12000210111
12000211000
12000211011
12000220001
12000221110
12001000101
12001000110
12001001001
12001001010
12001010011
12001011100
12001020000
12001021111
12002100000
12002101111
12002110101
12002110110
12002111001
12002111010
12002120011
12002121100
12010000100
12010000111
12010001000
12010001011
12010010001
12010011110
12010020010
12010021101
12011100011
12011101100
12011110000
12011111111
12011120101
12011120110
12011121001
12011121010
12012200011
12012201100
12012210000
12012211111
12012220101
12012220110
12012221001
12012221010
12020100001
12020101110
12020110010
12020111101
12020120100
12020120111
12020121000
12020121011
12021200100
12021200111
12021201000
12021201011
12021210001
12021211110
12021220010
12021221101
12022000010
12022001101
12022010100
12022010111
12022011000
12022011011
12022020001
12022021110
12100000011
12100001100
12100010000
12100011111
12100020101
12100020110
12100021001
12100021010
12101100001
12101101110
12101110010
12101111101
12101120100
12101120111
12101121000
12101121011
12102200100
12102200111
12102201000
12102201011
12102210001
12102211110
12102220010
12102221101
12110100000
12110101111
12110110101
12110110110
12110111001
12110111010
12110120011
12110121100
12111200010
12111201101
12111210100
12111210111
12111211000
12111211011
12111220001
12111221110
12112000101
12112000110
12112001001
12112001010
12112010011
12112011100
12112020000
12112021111
12120200000
12120200101
12120200110
12120201001
12120201010
12120201111
12120210011
12120210101
12120210110
12120211001
12120211010
12120211100
12120220000
12120220011
12120221100
12120221111
12121000001
12121001110
12121010010
12121011101
12121020100
12121020111
12121021000
12121021011
12122100011
12122101100
12122110000
12122111111
12122120101
12122120110
12122121001
12122121010
12200100010
12200100101
12200100110
12200101001
12200101010
12200101101
12200110011
12200110100
12200110111
12200111000
12200111011
12200111100
12200120000
12200120001
12200121110
12200121111
12201200011
12201201100
12201210000
12201211111
12201220101
12201220110
12201221001
12201221010
12202000001
12202001110
12202010010
12202011101
12202020100
12202020111
12202021000
12202021011
12210200001
12210201110
12210210010
12210211101
12210220100
12210220111
12210221000
12210221011
12211000000
12211001111
12211010101
12211010110
12211011001
12211011010
12211020011
12211021100
12212100100
12212100111
12212101000
12212101011
12212110001
12212111110
12212120010
12212121101
12220000011
12220000100
12220000111
12220001000
12220001011
12220001100
12220010000
12220010001
12220011110
12220011111
12220020010
12220020101
12220020110
12220021001
12220021010
12220021101
12221100010
12221101101
12221110100
12221110111
12221111000
12221111011
12221120001
12221121110
12222200000
12222200101
12222200110
12222201001
12222201010
12222201111
12222210011
12222210101
12222210110
12222211001
12222211010
12222211100
12222220000
12222220011
12222221100
12222221111
20000100000
20000100101
20000100110
20000101001
20000101010
20000101111
20000110011
20000110101
20000110110
20000111001
20000111010
20000111100
20000120000
20000120011
20000121100
20000121111
20001200011
20001200100
20001200111
20001201000
20001201011
20001201100
20001210000
20001210001
20001211110
20001211111
20001220010
20001220101
20001220110
20001221001
20001221010
20001221101
20002000010
20002001101
20002010100
20002010111
20002011000
20002011011
20002020001
20002021110
20010200001
20010201110
20010210010
20010211101
20010220100
20010220111
20010221000
20010221011
20011000010
20011000101
20011000110
20011001001
20011001010
20011001101
20011010011
20011010100
20011010111
20011011000
20011011011
20011011100
20011020000
20011020001
20011021110
20011021111
20012100011
20012101100
20012110000
20012111111
20012120101
20012120110
20012121001
20012121010
20020000100
20020000111
20020001000
20020001011
20020010001
20020011110
20020020010
20020021101
20021100001
20021101110
20021110010
20021111101
20021120100
20021120111
20021121000
20021121011
20022200000
20022201111
20022210101
20022210110
20022211001
20022211010
20022220011
20022221100
20100200010
20100201101
20100210100
20100210111
20100211000
20100211011
20100220001
20100221110
20101000001
20101001110
20101010010
20101011101
20101020100
20101020111
20101021000
20101021011
20102100100
20102100111
20102101000
20102101011
20102110001
20102111110
20102120010
20102121101
20110000000
20110001111
20110010101
20110010110
20110011001
20110011010
20110020011
20110021100
20111100010
20111101101
20111110100
20111110111
20111111000
20111111011
20111120001
20111121110
20112200101
20112200110
20112201001
20112201010
20112210011
20112211100
20112220000
20112221111
20120100011
20120101100
20120110000
20120111111
20120120101
20120120110
20120121001
20120121010
20121200100
20121200111
20121201000
20121201011
20121210001
20121211110
20121220010
20121221101
20122000011
20122001100
20122010000
20122011111
20122020101
20122020110
20122021001
20122021010
20200000011
20200001100
20200010000
20200011111
20200020101
20200020110
20200021001
20200021010
20201100000
20201100101
20201100110
20201101001
20201101010
20201101111
20201110011
20201110101
20201110110
20201111001
20201111010
20201111100
20201120000
20201120011
20201121100
20201121111
20202200001
20202201110
20202210010
20202211101
20202220100
20202220111
20202221000
20202221011
20210100100
20210100111
20210101000
20210101011
20210110001
20210111110
20210120010
20210121101
20211200011
20211201100
20211210000
20211211111
20211220101
20211220110
20211221001
20211221010
20212000001
20212001110
20212010010
20212011101
20212020100
20212020111
20212021000
20212021011
20220200101
20220200110
20220201001
20220201010
20220210011
20220211100
20220220000
20220221111
20221000000
20221001111
20221010101
20221010110
20221011001
20221011010
20221020011
20221021100
20222100010
20222101101
20222110100
20222110111
20222111000
20222111011
20222120001
20222121110
21000200011
21000200100
21000200111
21000201000
21000201011
21000201100
21000210000
21000210001
21000211110
21000211111
21000220010
21000220101
21000220110
21000221001
21000221010
21000221101
21001000000
21001001111
21001010101
21001010110
21001011001
21001011010
21001020011
21001021100
21002100001
21002101110
21002110010
21002111101
21002120100
21002120111
21002121000
21002121011
21010000011
21010001100
21010010000
21010011111
21010020101
21010020110
21010021001
21010021010
21011100100
21011100111
21011101000
21011101011
21011110001
21011111110
21011120010
21011121101
21012200010
21012201101
21012210100
21012210111
21012211000
21012211011
21012220001
21012221110
21020100000
21020100010
21020101101
21020101111
21020110100
21020110101
21020110110
21020110111
21020111000
21020111001
21020111010
21020111011
21020120001
21020120011
21020121100
21020121110
21021200101
21021200110
21021201001
21021201010
21021210011
21021211100
21021220000
21021221111
21022000001
21022001110
21022010010
21022011101
21022020100
21022020111
21022021000
21022021011
21100000101
21100000110
21100001001
21100001010
21100010011
21100011100
21100020000
21100021111
21101100011
21101101100
21101110000
21101111111
21101120101
21101120110
21101121001
21101121010
21102200000
21102201111
21102210101
21102210110
21102211001
21102211010
21102220011
21102221100
21110100001
21110101110
21110110010
21110111101
21110120100
21110120111
21110121000
21110121011
21111200000
21111201111
21111210101
21111210110
21111211001
21111211010
21111220011
21111221100
21112000100
21112000111
21112001000
21112001011
21112010001
21112011110
21112020010
21112021101
21120200001
21120200100
21120200111
21120201000
21120201011
21120201110
21120210001
21120210010
21120211101
21120211110
21120220010
21120220100
21120220111
21120221000
21120221011
21120221101
21121000010
21121001101
21121010100
21121010111
21121011000
21121011011
21121020001
21121021110
21122100101
21122100110
21122101001
21122101010
21122110011
21122111100
21122120000
21122121111
21200100010
21200101101
21200110100
21200110111
21200111000
21200111011
21200120001
21200121110
21201200001
21201200010
21201201101
21201201110
21201210010
21201210100
21201210111
21201211000
21201211011
21201211101
21201220001
21201220100
21201220111
21201221000
21201221011
21201221110
21202000100
21202000101
21202000110
21202000111
21202001000
21202001001
21202001010
21202001011
21202010001
21202010011
21202011100
21202011110
21202020000
21202020010
21202021101
21202021111
21210200101
21210200110
21210201001
21210201010
21210210011
21210211100
21210220000
21210221111
21211000001
21211000011
21211001100
21211001110
21211010000
21211010010
21211011101
21211011111
21211020100
21211020101
21211020110
21211020111
21211021000
21211021001
21211021010
21211021011
21212100000
21212101111
21212110101
21212110110
21212111001
21212111010
21212120011
21212121100
21220000000
21220001111
21220010101
21220010110
21220011001
21220011010
21220020011
21220021100
21221100100
21221100111
21221101000
21221101011
21221110001
21221111110
21221120010
21221121101
21222200011
21222201100
21222210000
21222211111
21222220101
21222220110
21222221001
21222221010
22000000001
22000001110
22000010010
22000011101
22000020100
22000020111
22000021000
22000021011
22001100010
22001101101
22001110100
22001110111
22001111000
22001111011
22001120001
22001121110
22002200101
22002200110
22002201001
22002201010
22002210011
22002211100
22002220000
22002221111
22010100101
22010100110
22010101001
22010101010
22010110011
22010111100
22010120000
22010121111
22011200000
22011200001
22011201110
22011201111
22011210010
22011210101
22011210110
22011211001
22011211010
22011211101
22011220011
22011220100
22011220111
22011221000
22011221011
22011221100
22012000000
22012001111
22012010101
22012010110
22012011001
22012011010
22012020011
22012021100
22020200010
22020201101
22020210100
22020210111
22020211000
22020211011
22020220001
22020221110
22021000011
22021001100
22021010000
22021011111
22021020101
22021020110
22021021001
22021021010
22022100100
22022100111
22022101000
22022101011
22022110001
22022111110
22022120010
22022121101
22100100100
22100100111
22100101000
22100101011
22100110001
22100111110
22100120010
22100121101
22101200101
22101200110
22101201001
22101201010
22101210011
22101211100
22101220000
22101221111
22102000000
22102000010
22102000011
22102001100
22102001101
22102001111
22102010000
22102010100
22102010101
22102010110
22102010111
22102011000
22102011001
22102011010
22102011011
22102011111
22102020001
22102020011
22102020101
22102020110
22102021001
22102021010
22102021100
22102021110
22110200011
22110201100
22110210000
22110211111
22110220101
22110220110
22110221001
22110221010
22111000100
22111000111
22111001000
22111001011
22111010001
22111011110
22111020010
22111021101
22112100001
22112100010
22112101101
22112101110
22112110010
22112110100
22112110111
22112111000
22112111011
22112111101
22112120001
22112120100
22112120111
22112121000
22112121011
22112121110
22120000101
22120000110
22120001001
22120001010
22120010011
22120011100
22120020000
22120021111
22121100000
22121101111
22121110101
22121110110
22121111001
22121111010
22121120011
22121121100
22122200001
22122201110
22122210010
22122211101
22122220100
22122220111
22122221000
22122221011
22200200000
22200201111
22200210101
22200210110
22200211001
22200211010
22200220011
22200221100
22201000100
22201000111
22201001000
22201001011
22201010001
22201011110
22201020010
22201021101
22202100011
22202101100
22202110000
22202111111
22202120101
22202120110
22202121001
22202121010
22210000010
22210001101
22210010100
22210010111
22210011000
22210011011
22210020001
22210021110
22211100101
22211100110
22211101001
22211101010
22211110011
22211111100
22211120000
22211121111
22212200100
22212200111
22212201000
22212201011
22212210001
22212211110
22212220010
22212221101
22220100001
22220100011
22220101100
22220101110
22220110000
22220110010
22220111101
22220111111
22220120100
22220120101
22220120110
22220120111
22220121000
22220121001
22220121010
22220121011
22221200010
22221201101
22221210100
22221210111
22221211000
22221211011
22221220001
22221221110
22222000101
22222000110
22222001001
22222001010
22222010011
22222011100
22222020000
22222021111