0000000000
0000000011
0000001100
0000001111
0000002100
0000002111
0000010000
0000010011
0000011100
0000011111
0000012100
0000012111
0000120100
0000120111
0000121000
0000121011
0000122000
0000122011
0000220100
0000220111
0000221000
0000221011
0000222000
0000222011
0001020010
0001021101
0001022101
0001120010
0001121101
0001122101
0001200101
0001201010
0001202010
0001210101
0001211010
0001212010
0002020001
0002021110
0002022110
0002100110
0002101001
0002102001
0002110110
0002111001
0002112001
0002220001
0002221110
0002222110
0010020001
0010021110
0010022110
0010120001
0010121110
0010122110
0010200110
0010201001
0010202001
0010210110
0010211001
0010212001
0011020100
0011020111
0011021000
0011021011
0011022000
0011022011
0011100000
0011100011
0011101100
0011101111
0011102100
0011102111
0011110000
0011110011
0011111100
0011111111
0011112100
0011112111
0011220100
0011220111
0011221000
0011221011
0011222000
0011222011
0012000101
0012001010
0012002010
0012010101
0012011010
0012012010
0012120010
0012121101
0012122101
0012220010
0012221101
0012222101
0020020010
0020021101
0020022101
0020100101
0020101010
0020102010
0020110101
0020111010
0020112010
0020220010
0020221101
0020222101
0021000110
0021001001
0021002001
0021010110
0021011001
0021012001
0021120001
0021121110
0021122110
0021220001
0021221110
0021222110
0022020100
0022020111
0022021000
0022021011
0022022000
0022022011
0022120100
0022120111
0022121000
0022121011
0022122000
0022122011
0022200000
0022200011
0022201100
0022201111
0022202100
0022202111
0022210000
0022210011
0022211100
0022211111
0022212100
0022212111
0100000110
0100001001
0100002001
0100020110
0100021001
0100022001
0100110001
0100111110
0100112110
0100210001
0100211110
0100212110
0101010100
0101010111
0101011000
0101011011
0101012000
0101012011
0101110100
0101110111
0101111000
0101111011
0101112000
0101112011
0101200000
0101200011
0101201100
0101201111
0101202100
0101202111
0101220000
0101220011
0101221100
0101221111
0101222100
0101222111
0102010010
0102011101
0102012101
0102100101
0102101010
0102102010
0102120101
0102121010
0102122010
0102210010
0102211101
0102212101
0110010010
0110011101
0110012101
0110110010
0110111101
0110112101
0110200101
0110201010
0110202010
0110220101
0110221010
0110222010
0111010001
0111011110
0111012110
0111100110
0111101001
0111102001
0111120110
0111121001
0111122001
0111210001
0111211110
0111212110
0112000000
0112000011
0112001100
0112001111
0112002100
0112002111
0112020000
0112020011
0112021100
0112021111
0112022100
0112022111
0112110100
0112110111
0112111000
0112111011
0112112000
0112112011
0112210100
0112210111
0112211000
0112211011
0112212000
0112212011
0120010100
0120010111
0120011000
0120011011
0120012000
0120012011
0120100000
0120100011
0120101100
0120101111
0120102100
0120102111
0120120000
0120120011
0120121100
0120121111
0120122100
0120122111
0120210100
0120210111
0120211000
0120211011
0120212000
0120212011
0121000101
0121001010
0121002010
0121020101
0121021010
0121022010
0121110010
0121111101
0121112101
0121210010
0121211101
0121212101
0122010001
0122011110
0122012110
0122110001
0122111110
0122112110
0122200110
0122201001
0122202001
0122220110
0122221001
0122222001
0200010101
0200011010
0200012010
0200020101
0200021010
0200022010
0200100010
0200101101
0200102101
0200200010
0200201101
0200202101
0201000001
0201001110
0201002110
0201100001
0201101110
0201102110
0201210110
0201211001
0201212001
0201220110
0201221001
0201222001
0202000100
0202000111
0202001000
0202001011
0202002000
0202002011
0202110000
0202110011
0202111100
0202111111
0202112100
0202112111
0202120000
0202120011
0202121100
0202121111
0202122100
0202122111
0202200100
0202200111
0202201000
0202201011
0202202000
0202202011
0210000100
0210000111
0210001000
0210001011
0210002000
0210002011
0210100100
0210100111
0210101000
0210101011
0210102000
0210102011
0210210000
0210210011
0210211100
0210211111
0210212100
0210212111
0210220000
0210220011
0210221100
0210221111
0210222100
0210222111
0211000010
0211001101
0211002101
0211110101
0211111010
0211112010
0211120101
0211121010
0211122010
0211200010
0211201101
0211202101
0212010110
0212011001
0212012001
0212020110
0212021001
0212022001
0212100001
0212101110
0212102110
0212200001
0212201110
0212202110
0220000001
0220001110
0220002110
0220110110
0220111001
0220112001
0220120110
0220121001
0220122001
0220200001
0220201110
0220202110
0221010000
0221010011
0221011100
0221011111
0221012100
0221012111
0221020000
0221020011
0221021100
0221021111
0221022100
0221022111
0221100100
0221100111
0221101000
0221101011
0221102000
0221102011
0221200100
0221200111
0221201000
0221201011
0221202000
0221202011
0222000010
0222001101
0222002101
0222100010
0222101101
0222102101
0222210101
0222211010
0222212010
0222220101
0222221010
0222222010
1000000101
1000001010
1000002010
1000020101
1000021010
1000022010
1000110010
1000111101
1000112101
1000210010
1000211101
1000212101
1001010001
1001011110
1001012110
1001110001
1001111110
1001112110
1001200110
1001201001
1001202001
1001220110
1001221001
1001222001
1002010100
1002010111
1002011000
1002011011
1002012000
1002012011
1002100000
1002100011
1002101100
1002101111
1002102100
1002102111
1002120000
1002120011
1002121100
1002121111
1002122100
1002122111
1002210100
1002210111
1002211000
1002211011
1002212000
1002212011
1010010100
1010010111
1010011000
1010011011
1010012000
1010012011
1010110100
1010110111
1010111000
1010111011
1010112000
1010112011
1010200000
1010200011
1010201100
1010201111
1010202100
1010202111
1010220000
1010220011
1010221100
1010221111
1010222100
1010222111
1011010010
1011011101
1011012101
1011100101
1011101010
1011102010
1011120101
1011121010
1011122010
1011210010
1011211101
1011212101
1012000110
1012001001
1012002001
1012020110
1012021001
1012022001
1012110001
1012111110
1012112110
1012210001
1012211110
1012212110
1020010001
1020011110
1020012110
1020100110
1020101001
1020102001
1020120110
1020121001
1020122001
1020210001
1020211110
1020212110
1021000000
1021000011
1021001100
1021001111
1021002100
1021002111
1021020000
1021020011
1021021100
1021021111
1021022100
1021022111
1021110100
1021110111
1021111000
1021111011
1021112000
1021112011
1021210100
1021210111
1021211000
1021211011
1021212000
1021212011
1022010010
1022011101
1022012101
1022110010
1022111101
1022112101
1022200101
1022201010
1022202010
1022220101
1022221010
1022222010
1100010000
1100010011
1100011100
1100011111
1100012100
1100012111
1100020000
1100020011
1100021100
1100021111
1100022100
1100022111
1100100100
1100100111
1100101000
1100101011
1100102000
1100102011
1100200100
1100200111
1100201000
1100201011
1100202000
1100202011
1101000010
1101001101
1101002101
1101100010
1101101101
1101102101
1101210101
1101211010
1101212010
1101220101
1101221010
1101222010
1102000001
1102001110
1102002110
1102110110
1102111001
1102112001
1102120110
1102121001
1102122001
1102200001
1102201110
1102202110
1110000001
1110001110
1110002110
1110100001
1110101110
1110102110
1110210110
1110211001
1110212001
1110220110
1110221001
1110222001
1111000100
1111000111
1111001000
1111001011
1111002000
1111002011
1111110000
1111110011
1111111100
1111111111
1111112100
1111112111
1111120000
1111120011
1111121100
1111121111
1111122100
1111122111
1111200100
1111200111
1111201000
1111201011
1111202000
1111202011
1112010101
1112011010
1112012010
1112020101
1112021010
1112022010
1112100010
1112101101
1112102101
1112200010
1112201101
1112202101
1120000010
1120001101
1120002101
1120110101
1120111010
1120112010
1120120101
1120121010
1120122010
1120200010
1120201101
1120202101
1121010110
1121011001
1121012001
1121020110
1121021001
1121022001
1121100001
1121101110
1121102110
1121200001
1121201110
1121202110
1122000100
1122000111
1122001000
1122001011
1122002000
1122002011
1122100100
1122100111
1122101000
1122101011
1122102000
1122102011
1122210000
1122210011
1122211100
1122211111
1122212100
1122212111
1122220000
1122220011
1122221100
1122221111
1122222100
1122222111
1200000110
1200001001
1200002001
1200010110
1200011001
1200012001
1200120001
1200121110
1200122110
1200220001
1200221110
1200222110
1201020100
1201020111
1201021000
1201021011
1201022000
1201022011
1201120100
1201120111
1201121000
1201121011
1201122000
1201122011
1201200000
1201200011
1201201100
1201201111
1201202100
1201202111
1201210000
1201210011
1201211100
1201211111
1201212100
1201212111
1202020010
1202021101
1202022101
1202100101
1202101010
1202102010
1202110101
1202111010
1202112010
1202220010
1202221101
1202222101
1210020010
1210021101
1210022101
1210120010
1210121101
1210122101
1210200101
1210201010
1210202010
1210210101
1210211010
1210212010
1211020001
1211021110
1211022110
1211100110
1211101001
1211102001
1211110110
1211111001
1211112001
1211220001
1211221110
1211222110
1212000000
1212000011
1212001100
1212001111
1212002100
1212002111
1212010000
1212010011
1212011100
1212011111
1212012100
1212012111
1212120100
1212120111
1212121000
1212121011
1212122000
1212122011
1212220100
1212220111
1212221000
1212221011
1212222000
1212222011
1220020100
1220020111
1220021000
1220021011
1220022000
1220022011
1220100000
1220100011
1220101100
1220101111
1220102100
1220102111
1220110000
1220110011
1220111100
1220111111
1220112100
1220112111
1220220100
1220220111
1220221000
1220221011
1220222000
1220222011
1221000101
1221001010
1221002010
1221010101
1221011010
1221012010
1221120010
1221121101
1221122101
1221220010
1221221101
1221222101
1222020001
1222021110
1222022110
1222120001
1222121110
1222122110
1222200110
1222201001
1222202001
1222210110
1222211001
1222212001
2000010110
2000011001
2000012001
2000020110
2000021001
2000022001
2000100001
2000101110
2000102110
2000200001
2000201110
2000202110
2001000100
2001000111
2001001000
2001001011
2001002000
2001002011
2001100100
2001100111
2001101000
2001101011
2001102000
2001102011
2001210000
2001210011
2001211100
2001211111
2001212100
2001212111
2001220000
2001220011
2001221100
2001221111
2001222100
2001222111
2002000010
2002001101
2002002101
2002110101
2002111010
2002112010
2002120101
2002121010
2002122010
2002200010
2002201101
2002202101
2010000010
2010001101
2010002101
2010100010
2010101101
2010102101
2010210101
2010211010
2010212010
2010220101
2010221010
2010222010
2011000001
2011001110
2011002110
2011110110
2011111001
2011112001
2011120110
2011121001
2011122001
2011200001
2011201110
2011202110
2012010000
2012010011
2012011100
2012011111
2012012100
2012012111
2012020000
2012020011
2012021100
2012021111
2012022100
2012022111
2012100100
2012100111
2012101000
2012101011
2012102000
2012102011
2012200100
2012200111
2012201000
2012201011
2012202000
2012202011
2020000100
2020000111
2020001000
2020001011
2020002000
2020002011
2020110000
2020110011
2020111100
2020111111
2020112100
2020112111
2020120000
2020120011
2020121100
2020121111
2020122100
2020122111
2020200100
2020200111
2020201000
2020201011
2020202000
2020202011
2021010101
2021011010
2021012010
2021020101
2021021010
2021022010
2021100010
2021101101
2021102101
2021200010
2021201101
2021202101
2022000001
2022001110
2022002110
2022100001
2022101110
2022102110
2022210110
2022211001
2022212001
2022220110
2022221001
2022222001
2100000101
2100001010
2100002010
2100010101
2100011010
2100012010
2100120010
2100121101
2100122101
2100220010
2100221101
2100222101
2101020001
2101021110
2101022110
2101120001
2101121110
2101122110
2101200110
2101201001
2101202001
2101210110
2101211001
2101212001
2102020100
2102020111
2102021000
2102021011
2102022000
2102022011
2102100000
2102100011
2102101100
2102101111
2102102100
2102102111
2102110000
2102110011
2102111100
2102111111
2102112100
2102112111
2102220100
2102220111
2102221000
2102221011
2102222000
2102222011
2110020100
2110020111
2110021000
2110021011
2110022000
2110022011
2110120100
2110120111
2110121000
2110121011
2110122000
2110122011
2110200000
2110200011
2110201100
2110201111
2110202100
2110202111
2110210000
2110210011
2110211100
2110211111
2110212100
2110212111
2111020010
2111021101
2111022101
2111100101
2111101010
2111102010
2111110101
2111111010
2111112010
2111220010
2111221101
2111222101
2112000110
2112001001
2112002001
2112010110
2112011001
2112012001
2112120001
2112121110
2112122110
2112220001
2112221110
2112222110
2120020001
2120021110
2120022110
2120100110
2120101001
2120102001
2120110110
2120111001
2120112001
2120220001
2120221110
2120222110
2121000000
2121000011
2121001100
2121001111
2121002100
2121002111
2121010000
2121010011
2121011100
2121011111
2121012100
2121012111
2121120100
2121120111
2121121000
2121121011
2121122000
2121122011
2121220100
2121220111
2121221000
2121221011
2121222000
2121222011
2122020010
2122021101
2122022101
2122120010
2122121101
2122122101
2122200101
2122201010
2122202010
2122210101
2122211010
2122212010
2200000000
2200000011
2200001100
2200001111
2200002100
2200002111
2200020000
2200020011
2200021100
2200021111
2200022100
2200022111
2200110100
2200110111
2200111000
2200111011
2200112000
2200112011
2200210100
2200210111
2200211000
2200211011
2200212000
2200212011
2201010010
2201011101
2201012101
2201110010
2201111101
2201112101
2201200101
2201201010
2201202010
2201220101
2201221010
2201222010
2202010001
2202011110
2202012110
2202100110
2202101001
2202102001
2202120110
2202121001
2202122001
2202210001
2202211110
2202212110
2210010001
2210011110
2210012110
2210110001
2210111110
2210112110
2210200110
2210201001
2210202001
2210220110
2210221001
2210222001
2211010100
2211010111
2211011000
2211011011
2211012000
2211012011
2211100000
2211100011
2211101100
2211101111
2211102100
2211102111
2211120000
2211120011
2211121100
2211121111
2211122100
2211122111
2211210100
2211210111
2211211000
2211211011
2211212000
2211212011
2212000101
2212001010
2212002010
2212020101
2212021010
2212022010
2212110010
2212111101
2212112101
2212210010
2212211101
2212212101
2220010010
2220011101
2220012101
2220100101
2220101010
2220102010
2220120101
2220121010
2220122010
2220210010
2220211101
2220212101
2221000110
2221001001
2221002001
2221020110
2221021001
2221022001
2221110001
2221111110
2221112110
2221210001
2221211110
2221212110
2222010100
2222010111
2222011000
2222011011
2222012000
2222012011
2222110100
2222110111
2222111000
2222111011
2222112000
2222112011
2222200000
2222200011
2222201100
2222201111
2222202100
2222202111
2222220000
2222220011
2222221100
2222221111
2222222100
2222222111