0000012
0000212
0001102
0001221
0002020
0002102
0010121
0010200
0011010
0011110
0012022
0012200
0020001
0020120
0021001
0021222
0022111
0022211
0100000
0100122
0100201
0101011
0101120
0102121
0102210
0110011
0110222
0111002
0111101
0111220
0112112
0112221
0120022
0120210
0121020
0121112
0122021
0122100
0122202
0200110
0200111
0201022
0201200
0202001
0202222
0210020
0210102
0211211
0211212
0212001
0212120
0220102
0220221
0221121
0221200
0222010
0222012
1000100
1000101
1000102
1001022
1001210
1002011
1002222
1010020
1010112
1011200
1011201
1011202
1012011
1012120
1020112
1020221
1021121
1021210
1022000
1022001
1022002
1100010
1100211
1101001
1101120
1102121
1102200
1110001
1110222
1111012
1111111
1112102
1112221
1120022
1120200
1121020
1121102
1122110
1122212
1200002
1200202
1201112
1201221
1202020
1202112
1210121
1210210
1211000
1211100
1212022
1212210
1220011
1220120
1221011
1221222
1222101
1222201
2000021
2000220
2001000
2001111
2002110
2002201
2010002
2010211
2011021
2011122
2012101
2012212
2020010
2020202
2021012
2021100
2022122
2022220
2100021
2100112
2100220
2101120
2101202
2101212
2101222
2102002
2102012
2102022
2102121
2110100
2110110
2110120
2110222
2111021
2111122
2111210
2112000
2112010
2112020
2112221
2120022
2120101
2120111
2120121
2121020
2121201
2121211
2121221
2122011
2122122
2122220
2200021
2200122
2200220
2201010
2201101
2202100
2202211
2210012
2210201
2211021
2211122
2211220
2212111
2212202
2220000
2220212
2221002
2221110
2222021
2222122
2222220