000000000000
000000011101
000000101110
000000110011
000000200000
000000211101
000001001011
000001010110
000001100101
000001111000
000001201011
000001210110
000002000000
000002011101
000002101110
000002110011
000002200000
000002211101
000010000111
000010011010
000010101001
000010110100
000010200111
000010211010
000011001100
000011010001
000011100010
000011111111
000011201100
000011210001
000012000111
000012011010
000012101001
000012110100
000012200111
000012211010
000020000000
000020011101
000020101110
000020110011
000020200000
000020211101
000021001011
000021010110
000021100101
000021111000
000021201011
000021210110
000022000000
000022011101
000022101110
000022110011
000022200000
000022211101
000100000101
000100011000
000100101011
000100110110
000100200101
000100211000
000101001110
000101010011
000101100000
000101111101
000101201110
000101210011
000102000101
000102011000
000102101011
000102110110
000102200101
000102211000
000110000010
000110011111
000110101100
000110110001
000110200010
000110211111
000111001001
000111010100
000111100111
000111111010
000111201001
000111210100
000112000010
000112011111
000112101100
000112110001
000112200010
000112211111
000120000101
000120011000
000120101011
000120110110
000120200101
000120211000
000121001110
000121010011
000121100000
000121111101
000121201110
000121210011
000122000101
000122011000
000122101011
000122110110
000122200101
000122211000
000200001001
000200010100
000200100111
000200111010
000200201001
000200210100
000201000010
000201011111
000201101100
000201110001
000201200010
000201211111
000202001001
000202010100
000202100111
000202111010
000202201001
000202210100
000210001110
000210010011
000210100000
000210111101
000210201110
000210210011
000211000101
000211011000
000211101011
000211110110
000211200101
000211211000
000212001110
000212010011
000212100000
000212111101
000212201110
000212210011
000220001001
000220010100
000220100111
000220111010
000220201001
000220210100
000221000010
000221011111
000221101100
000221110001
000221200010
000221211111
000222001001
000222010100
000222100111
000222111010
000222201001
000222210100
001000001100
001000010001
001000100010
001000111111
001000201100
001000210001
001001000111
001001011010
001001101001
001001110100
001001200111
001001211010
001002001100
001002010001
001002100010
001002111111
001002201100
001002210001
001010001011
001010010110
001010100101
001010111000
001010201011
001010210110
001011000000
001011011101
001011101110
001011110011
001011200000
001011211101
001012001011
001012010110
001012100101
001012111000
001012201011
001012210110
001020001100
001020010001
001020100010
001020111111
001020201100
001020210001
001021000111
001021011010
001021101001
001021110100
001021200111
001021211010
001022001100
001022010001
001022100010
001022111111
001022201100
001022210001
001100001111
001100010010
001100100100
001100111001
001100201111
001100210010
001101001000
001101010101
001101100011
001101111110
001101201000
001101210101
001102001111
001102010010
001102100100
001102111001
001102201111
001102210010
001110000001
001110011100
001110101010
001110110111
001110200001
001110211100
001111000110
001111011011
001111101101
001111110000
001111200110
001111211011
001112000001
001112011100
001112101010
001112110111
001112200001
001112211100
001120001111
001120010010
001120100100
001120111001
001120201111
001120210010
001121001000
001121010101
001121100011
001121111110
001121201000
001121210101
001122001111
001122010010
001122100100
001122111001
001122201111
001122210010
001200001010
001200010111
001200100001
001200111100
001200201010
001200210111
001201000100
001201011001
001201101111
001201110010
001201200100
001201211001
001202001010
001202010111
001202100001
001202111100
001202201010
001202210111
001210001101
001210010000
001210100110
001210111011
001210201101
001210210000
001211000011
001211011110
001211101000
001211110101
001211200011
001211211110
001212001101
001212010000
001212100110
001212111011
001212201101
001212210000
001220001010
001220010111
001220100001
001220111100
001220201010
001220210111
001221000100
001221011001
001221101111
001221110010
001221200100
001221211001
001222001010
001222010111
001222100001
001222111100
001222201010
001222210111
002000000110
002000011011
002000101101
002000110000
002000200110
002000211011
002001000001
002001011100
002001101010
002001110111
002001200001
002001211100
002002000110
002002011011
002002101101
002002110000
002002200110
002002211011
002010001000
002010010101
002010100011
002010111110
002010201000
002010210101
002011001111
002011010010
002011100100
002011111001
002011201111
002011210010
002012001000
002012010101
002012100011
002012111110
002012201000
002012210101
002020000110
002020011011
002020101101
002020110000
002020200110
002020211011
002021000001
002021011100
002021101010
002021110111
002021200001
002021211100
002022000110
002022011011
002022101101
002022110000
002022200110
002022211011
002100000011
002100011110
002100101000
002100110101
002100200011
002100211110
002101001101
002101010000
002101100110
002101111011
002101201101
002101210000
002102000011
002102011110
002102101000
002102110101
002102200011
002102211110
002110000100
002110011001
002110101111
002110110010
002110200100
002110211001
002111001010
002111010111
002111100001
002111111100
002111201010
002111210111
002112000100
002112011001
002112101111
002112110010
002112200100
002112211001
002120000011
002120011110
002120101000
002120110101
002120200011
002120211110
002121001101
002121010000
002121100110
002121111011
002121201101
002121210000
002122000011
002122011110
002122101000
002122110101
002122200011
002122211110
002200000000
002200011101
002200101110
002200110011
002200200000
002200211101
002201001011
002201010110
002201100101
002201111000
002201201011
002201210110
002202000000
002202011101
002202101110
002202110011
002202200000
002202211101
002210000111
002210011010
002210101001
002210110100
002210200111
002210211010
002211001100
002211010001
002211100010
002211111111
002211201100
002211210001
002212000111
002212011010
002212101001
002212110100
002212200111
002212211010
002220000000
002220011101
002220101110
002220110011
002220200000
002220211101
002221001011
002221010110
002221100101
002221111000
002221201011
002221210110
002222000000
002222011101
002222101110
002222110011
002222200000
002222211101
010000000000
010000011101
010000101110
010000110011
010000200000
010000211101
010001001011
010001010110
010001100101
010001111000
010001201011
010001210110
010002000000
010002011101
010002101110
010002110011
010002200000
010002211101
010010000111
010010011010
010010101001
010010110100
010010200111
010010211010
010011001100
010011010001
010011100010
010011111111
010011201100
010011210001
010012000111
010012011010
010012101001
010012110100
010012200111
010012211010
010020000000
010020011101
010020101110
010020110011
010020200000
010020211101
010021001011
010021010110
010021100101
010021111000
010021201011
010021210110
010022000000
010022011101
010022101110
010022110011
010022200000
010022211101
010100000110
010100011011
010100101101
010100110000
010100200110
010100211011
010101000001
010101011100
010101101010
010101110111
010101200001
010101211100
010102000110
010102011011
010102101101
010102110000
010102200110
010102211011
010110001000
010110010101
010110100011
010110111110
010110201000
010110210101
010111001111
010111010010
010111100100
010111111001
010111201111
010111210010
010112001000
010112010101
010112100011
010112111110
010112201000
010112210101
010120000110
010120011011
010120101101
010120110000
010120200110
010120211011
010121000001
010121011100
010121101010
010121110111
010121200001
010121211100
010122000110
010122011011
010122101101
010122110000
010122200110
010122211011
010200000011
010200011110
010200101000
010200110101
010200200011
010200211110
010201001101
010201010000
010201100110
010201111011
010201201101
010201210000
010202000011
010202011110
010202101000
010202110101
010202200011
010202211110
010210000100
010210011001
010210101111
010210110010
010210200100
010210211001
010211001010
010211010111
010211100001
010211111100
010211201010
010211210111
010212000100
010212011001
010212101111
010212110010
010212200100
010212211001
010220000011
010220011110
010220101000
010220110101
010220200011
010220211110
010221001101
010221010000
010221100110
010221111011
010221201101
010221210000
010222000011
010222011110
010222101000
010222110101
010222200011
010222211110
011000001001
011000010100
011000100111
011000111010
011000201001
011000210100
011001000010
011001011111
011001101100
011001110001
011001200010
011001211111
011002001001
011002010100
011002100111
011002111010
011002201001
011002210100
011010001110
011010010011
011010100000
011010111101
011010201110
011010210011
011011000101
011011011000
011011101011
011011110110
011011200101
011011211000
011012001110
011012010011
011012100000
011012111101
011012201110
011012210011
011020001001
011020010100
011020100111
011020111010
011020201001
011020210100
011021000010
011021011111
011021101100
011021110001
011021200010
011021211111
011022001001
011022010100
011022100111
011022111010
011022201001
011022210100
011100000000
011100011101
011100101110
011100110011
011100200000
011100211101
011101001011
011101010110
011101100101
011101111000
011101201011
011101210110
011102000000
011102011101
011102101110
011102110011
011102200000
011102211101
011110000111
011110011010
011110101001
011110110100
011110200111
011110211010
011111001100
011111010001
011111100010
011111111111
011111201100
011111210001
011112000111
011112011010
011112101001
011112110100
011112200111
011112211010
011120000000
011120011101
011120101110
011120110011
011120200000
011120211101
011121001011
011121010110
011121100101
011121111000
011121201011
011121210110
011122000000
011122011101
011122101110
011122110011
011122200000
011122211101
011200000101
011200011000
011200101011
011200110110
011200200101
011200211000
011201001110
011201010011
011201100000
011201111101
011201201110
011201210011
011202000101
011202011000
011202101011
011202110110
011202200101
011202211000
011210000010
011210011111
011210101100
011210110001
011210200010
011210211111
011211001001
011211010100
011211100111
011211111010
011211201001
011211210100
011212000010
011212011111
011212101100
011212110001
011212200010
011212211111
011220000101
011220011000
011220101011
011220110110
011220200101
011220211000
011221001110
011221010011
011221100000
011221111101
011221201110
011221210011
011222000101
011222011000
011222101011
011222110110
011222200101
011222211000
012000001010
012000010111
012000100001
012000111100
012000201010
012000210111
012001000100
012001011001
012001101111
012001110010
012001200100
012001211001
012002001010
012002010111
012002100001
012002111100
012002201010
012002210111
012010001101
012010010000
012010100110
012010111011
012010201101
012010210000
012011000011
012011011110
012011101000
012011110101
012011200011
012011211110
012012001101
012012010000
012012100110
012012111011
012012201101
012012210000
012020001010
012020010111
012020100001
012020111100
012020201010
012020210111
012021000100
012021011001
012021101111
012021110010
012021200100
012021211001
012022001010
012022010111
012022100001
012022111100
012022201010
012022210111
012100001100
012100010001
012100100010
012100111111
012100201100
012100210001
012101000111
012101011010
012101101001
012101110100
012101200111
012101211010
012102001100
012102010001
012102100010
012102111111
012102201100
012102210001
012110001011
012110010110
012110100101
012110111000
012110201011
012110210110
012111000000
012111011101
012111101110
012111110011
012111200000
012111211101
012112001011
012112010110
012112100101
012112111000
012112201011
012112210110
012120001100
012120010001
012120100010
012120111111
012120201100
012120210001
012121000111
012121011010
012121101001
012121110100
012121200111
012121211010
012122001100
012122010001
012122100010
012122111111
012122201100
012122210001
012200001111
012200010010
012200100100
012200111001
012200201111
012200210010
012201001000
012201010101
012201100011
012201111110
012201201000
012201210101
012202001111
012202010010
012202100100
012202111001
012202201111
012202210010
012210000001
012210011100
012210101010
012210110111
012210200001
012210211100
012211000110
012211011011
012211101101
012211110000
012211200110
012211211011
012212000001
012212011100
012212101010
012212110111
012212200001
012212211100
012220001111
012220010010
012220100100
012220111001
012220201111
012220210010
012221001000
012221010101
012221100011
012221111110
012221201000
012221210101
012222001111
012222010010
012222100100
012222111001
012222201111
012222210010
020000001111
020000010010
020000100100
020000111001
020000201111
020000210010
020001001000
020001010101
020001100011
020001111110
020001201000
020001210101
020002001111
020002010010
020002100100
020002111001
020002201111
020002210010
020010000001
020010011100
020010101010
020010110111
020010200001
020010211100
020011000110
020011011011
020011101101
020011110000
020011200110
020011211011
020012000001
020012011100
020012101010
020012110111
020012200001
020012211100
020020001111
020020010010
020020100100
020020111001
020020201111
020020210010
020021001000
020021010101
020021100011
020021111110
020021201000
020021210101
020022001111
020022010010
020022100100
020022111001
020022201111
020022210010
020100001010
020100010111
020100100001
020100111100
020100201010
020100210111
020101000100
020101011001
020101101111
020101110010
020101200100
020101211001
020102001010
020102010111
020102100001
020102111100
020102201010
020102210111
020110001101
020110010000
020110100110
020110111011
020110201101
020110210000
020111000011
020111011110
020111101000
020111110101
020111200011
020111211110
020112001101
020112010000
020112100110
020112111011
020112201101
020112210000
020120001010
020120010111
020120100001
020120111100
020120201010
020120210111
020121000100
020121011001
020121101111
020121110010
020121200100
020121211001
020122001010
020122010111
020122100001
020122111100
020122201010
020122210111
020200001100
020200010001
020200100010
020200111111
020200201100
020200210001
020201000111
020201011010
020201101001
020201110100
020201200111
020201211010
020202001100
020202010001
020202100010
020202111111
020202201100
020202210001
020210001011
020210010110
020210100101
020210111000
020210201011
020210210110
020211000000
020211011101
020211101110
020211110011
020211200000
020211211101
020212001011
020212010110
020212100101
020212111000
020212201011
020212210110
020220001100
020220010001
020220100010
020220111111
020220201100
020220210001
020221000111
020221011010
020221101001
020221110100
020221200111
020221211010
020222001100
020222010001
020222100010
020222111111
020222201100
020222210001
021000000011
021000011110
021000101000
021000110101
021000200011
021000211110
021001001101
021001010000
021001100110
021001111011
021001201101
021001210000
021002000011
021002011110
021002101000
021002110101
021002200011
021002211110
021010000100
021010011001
021010101111
021010110010
021010200100
021010211001
021011001010
021011010111
021011100001
021011111100
021011201010
021011210111
021012000100
021012011001
021012101111
021012110010
021012200100
021012211001
021020000011
021020011110
021020101000
021020110101
021020200011
021020211110
021021001101
021021010000
021021100110
021021111011
021021201101
021021210000
021022000011
021022011110
021022101000
021022110101
021022200011
021022211110
021100000000
021100011101
021100101110
021100110011
021100200000
021100211101
021101001011
021101010110
021101100101
021101111000
021101201011
021101210110
021102000000
021102011101
021102101110
021102110011
021102200000
021102211101
021110000111
021110011010
021110101001
021110110100
021110200111
021110211010
021111001100
021111010001
021111100010
021111111111
021111201100
021111210001
021112000111
021112011010
021112101001
021112110100
021112200111
021112211010
021120000000
021120011101
021120101110
021120110011
021120200000
021120211101
021121001011
021121010110
021121100101
021121111000
021121201011
021121210110
021122000000
021122011101
021122101110
021122110011
021122200000
021122211101
021200000110
021200011011
021200101101
021200110000
021200200110
021200211011
021201000001
021201011100
021201101010
021201110111
021201200001
021201211100
021202000110
021202011011
021202101101
021202110000
021202200110
021202211011
021210001000
021210010101
021210100011
021210111110
021210201000
021210210101
021211001111
021211010010
021211100100
021211111001
021211201111
021211210010
021212001000
021212010101
021212100011
021212111110
021212201000
021212210101
021220000110
021220011011
021220101101
021220110000
021220200110
021220211011
021221000001
021221011100
021221101010
021221110111
021221200001
021221211100
021222000110
021222011011
021222101101
021222110000
021222200110
021222211011
022000000101
022000011000
022000101011
022000110110
022000200101
022000211000
022001001110
022001010011
022001100000
022001111101
022001201110
022001210011
022002000101
022002011000
022002101011
022002110110
022002200101
022002211000
022010000010
022010011111
022010101100
022010110001
022010200010
022010211111
022011001001
022011010100
022011100111
022011111010
022011201001
022011210100
022012000010
022012011111
022012101100
022012110001
022012200010
022012211111
022020000101
022020011000
022020101011
022020110110
022020200101
022020211000
022021001110
022021010011
022021100000
022021111101
022021201110
022021210011
022022000101
022022011000
022022101011
022022110110
022022200101
022022211000
022100001001
022100010100
022100100111
022100111010
022100201001
022100210100
022101000010
022101011111
022101101100
022101110001
022101200010
022101211111
022102001001
022102010100
022102100111
022102111010
022102201001
022102210100
022110001110
022110010011
022110100000
022110111101
022110201110
022110210011
022111000101
022111011000
022111101011
022111110110
022111200101
022111211000
022112001110
022112010011
022112100000
022112111101
022112201110
022112210011
022120001001
022120010100
022120100111
022120111010
022120201001
022120210100
022121000010
022121011111
022121101100
022121110001
022121200010
022121211111
022122001001
022122010100
022122100111
022122111010
022122201001
022122210100
022200000000
022200011101
022200101110
022200110011
022200200000
022200211101
022201001011
022201010110
022201100101
022201111000
022201201011
022201210110
022202000000
022202011101
022202101110
022202110011
022202200000
022202211101
022210000111
022210011010
022210101001
022210110100
022210200111
022210211010
022211001100
022211010001
022211100010
022211111111
022211201100
022211210001
022212000111
022212011010
022212101001
022212110100
022212200111
022212211010
022220000000
022220011101
022220101110
022220110011
022220200000
022220211101
022221001011
022221010110
022221100101
022221111000
022221201011
022221210110
022222000000
022222011101
022222101110
022222110011
022222200000
022222211101
100000000011
100000011110
100000101000
100000110101
100000200011
100000211110
100001001101
100001010000
100001100110
100001111011
100001201101
100001210000
100002000011
100002011110
100002101000
100002110101
100002200011
100002211110
100010000100
100010011001
100010101111
100010110010
100010200100
100010211001
100011001010
100011010111
100011100001
100011111100
100011201010
100011210111
100012000100
100012011001
100012101111
100012110010
100012200100
100012211001
100020000011
100020011110
100020101000
100020110101
100020200011
100020211110
100021001101
100021010000
100021100110
100021111011
100021201101
100021210000
100022000011
100022011110
100022101000
100022110101
100022200011
100022211110
100100000000
100100011101
100100101110
100100110011
100100200000
100100211101
100101001011
100101010110
100101100101
100101111000
100101201011
100101210110
100102000000
100102011101
100102101110
100102110011
100102200000
100102211101
100110000111
100110011010
100110101001
100110110100
100110200111
100110211010
100111001100
100111010001
100111100010
100111111111
100111201100
100111210001
100112000111
100112011010
100112101001
100112110100
100112200111
100112211010
100120000000
100120011101
100120101110
100120110011
100120200000
100120211101
100121001011
100121010110
100121100101
100121111000
100121201011
100121210110
100122000000
100122011101
100122101110
100122110011
100122200000
100122211101
100200000110
100200011011
100200101101
100200110000
100200200110
100200211011
100201000001
100201011100
100201101010
100201110111
100201200001
100201211100
100202000110
100202011011
100202101101
100202110000
100202200110
100202211011
100210001000
100210010101
100210100011
100210111110
100210201000
100210210101
100211001111
100211010010
100211100100
100211111001
100211201111
100211210010
100212001000
100212010101
100212100011
100212111110
100212201000
100212210101
100220000110
100220011011
100220101101
100220110000
100220200110
100220211011
100221000001
100221011100
100221101010
100221110111
100221200001
100221211100
100222000110
100222011011
100222101101
100222110000
100222200110
100222211011
101000000101
101000011000
101000101011
101000110110
101000200101
101000211000
101001001110
101001010011
101001100000
101001111101
101001201110
101001210011
101002000101
101002011000
101002101011
101002110110
101002200101
101002211000
101010000010
101010011111
101010101100
101010110001
101010200010
101010211111
101011001001
101011010100
101011100111
101011111010
101011201001
101011210100
101012000010
101012011111
101012101100
101012110001
101012200010
101012211111
101020000101
101020011000
101020101011
101020110110
101020200101
101020211000
101021001110
101021010011
101021100000
101021111101
101021201110
101021210011
101022000101
101022011000
101022101011
101022110110
101022200101
101022211000
101100001001
101100010100
101100100111
101100111010
101100201001
101100210100
101101000010
101101011111
101101101100
101101110001
101101200010
101101211111
101102001001
101102010100
101102100111
101102111010
101102201001
101102210100
101110001110
101110010011
101110100000
101110111101
101110201110
101110210011
101111000101
101111011000
101111101011
101111110110
101111200101
101111211000
101112001110
101112010011
101112100000
101112111101
101112201110
101112210011
101120001001
101120010100
101120100111
101120111010
101120201001
101120210100
101121000010
101121011111
101121101100
101121110001
101121200010
101121211111
101122001001
101122010100
101122100111
101122111010
101122201001
101122210100
101200000000
101200011101
101200101110
101200110011
101200200000
101200211101
101201001011
101201010110
101201100101
101201111000
101201201011
101201210110
101202000000
101202011101
101202101110
101202110011
101202200000
101202211101
101210000111
101210011010
101210101001
101210110100
101210200111
101210211010
101211001100
101211010001
101211100010
101211111111
101211201100
101211210001
101212000111
101212011010
101212101001
101212110100
101212200111
101212211010
101220000000
101220011101
101220101110
101220110011
101220200000
101220211101
101221001011
101221010110
101221100101
101221111000
101221201011
101221210110
101222000000
101222011101
101222101110
101222110011
101222200000
101222211101
102000001111
102000010010
102000100100
102000111001
102000201111
102000210010
102001001000
102001010101
102001100011
102001111110
102001201000
102001210101
102002001111
102002010010
102002100100
102002111001
102002201111
102002210010
102010000001
102010011100
102010101010
102010110111
102010200001
102010211100
102011000110
102011011011
102011101101
102011110000
102011200110
102011211011
102012000001
102012011100
102012101010
102012110111
102012200001
102012211100
102020001111
102020010010
102020100100
102020111001
102020201111
102020210010
102021001000
102021010101
102021100011
102021111110
102021201000
102021210101
102022001111
102022010010
102022100100
102022111001
102022201111
102022210010
102100001010
102100010111
102100100001
102100111100
102100201010
102100210111
102101000100
102101011001
102101101111
102101110010
102101200100
102101211001
102102001010
102102010111
102102100001
102102111100
102102201010
102102210111
102110001101
102110010000
102110100110
102110111011
102110201101
102110210000
102111000011
102111011110
102111101000
102111110101
102111200011
102111211110
102112001101
102112010000
102112100110
102112111011
102112201101
102112210000
102120001010
102120010111
102120100001
102120111100
102120201010
102120210111
102121000100
102121011001
102121101111
102121110010
102121200100
102121211001
102122001010
102122010111
102122100001
102122111100
102122201010
102122210111
102200001100
102200010001
102200100010
102200111111
102200201100
102200210001
102201000111
102201011010
102201101001
102201110100
102201200111
102201211010
102202001100
102202010001
102202100010
102202111111
102202201100
102202210001
102210001011
102210010110
102210100101
102210111000
102210201011
102210210110
102211000000
102211011101
102211101110
102211110011
102211200000
102211211101
102212001011
102212010110
102212100101
102212111000
102212201011
102212210110
102220001100
102220010001
102220100010
102220111111
102220201100
102220210001
102221000111
102221011010
102221101001
102221110100
102221200111
102221211010
102222001100
102222010001
102222100010
102222111111
102222201100
102222210001
110000001100
110000010001
110000100010
110000111111
110000201100
110000210001
110001000111
110001011010
110001101001
110001110100
110001200111
110001211010
110002001100
110002010001
110002100010
110002111111
110002201100
110002210001
110010001011
110010010110
110010100101
110010111000
110010201011
110010210110
110011000000
110011011101
110011101110
110011110011
110011200000
110011211101
110012001011
110012010110
110012100101
110012111000
110012201011
110012210110
110020001100
110020010001
110020100010
110020111111
110020201100
110020210001
110021000111
110021011010
110021101001
110021110100
110021200111
110021211010
110022001100
110022010001
110022100010
110022111111
110022201100
110022210001
110100001111
110100010010
110100100100
110100111001
110100201111
110100210010
110101001000
110101010101
110101100011
110101111110
110101201000
110101210101
110102001111
110102010010
110102100100
110102111001
110102201111
110102210010
110110000001
110110011100
110110101010
110110110111
110110200001
110110211100
110111000110
110111011011
110111101101
110111110000
110111200110
110111211011
110112000001
110112011100
110112101010
110112110111
110112200001
110112211100
110120001111
110120010010
110120100100
110120111001
110120201111
110120210010
110121001000
110121010101
110121100011
110121111110
110121201000
110121210101
110122001111
110122010010
110122100100
110122111001
110122201111
110122210010
110200001010
110200010111
110200100001
110200111100
110200201010
110200210111
110201000100
110201011001
110201101111
110201110010
110201200100
110201211001
110202001010
110202010111
110202100001
110202111100
110202201010
110202210111
110210001101
110210010000
110210100110
110210111011
110210201101
110210210000
110211000011
110211011110
110211101000
110211110101
110211200011
110211211110
110212001101
110212010000
110212100110
110212111011
110212201101
110212210000
110220001010
110220010111
110220100001
110220111100
110220201010
110220210111
110221000100
110221011001
110221101111
110221110010
110221200100
110221211001
110222001010
110222010111
110222100001
110222111100
110222201010
110222210111
111000000110
111000011011
111000101101
111000110000
111000200110
111000211011
111001000001
111001011100
111001101010
111001110111
111001200001
111001211100
111002000110
111002011011
111002101101
111002110000
111002200110
111002211011
111010001000
111010010101
111010100011
111010111110
111010201000
111010210101
111011001111
111011010010
111011100100
111011111001
111011201111
111011210010
111012001000
111012010101
111012100011
111012111110
111012201000
111012210101
111020000110
111020011011
111020101101
111020110000
111020200110
111020211011
111021000001
111021011100
111021101010
111021110111
111021200001
111021211100
111022000110
111022011011
111022101101
111022110000
111022200110
111022211011
111100000011
111100011110
111100101000
111100110101
111100200011
111100211110
111101001101
111101010000
111101100110
111101111011
111101201101
111101210000
111102000011
111102011110
111102101000
111102110101
111102200011
111102211110
111110000100
111110011001
111110101111
111110110010
111110200100
111110211001
111111001010
111111010111
111111100001
111111111100
111111201010
111111210111
111112000100
111112011001
111112101111
111112110010
111112200100
111112211001
111120000011
111120011110
111120101000
111120110101
111120200011
111120211110
111121001101
111121010000
111121100110
111121111011
111121201101
111121210000
111122000011
111122011110
111122101000
111122110101
111122200011
111122211110
111200000000
111200011101
111200101110
111200110011
111200200000
111200211101
111201001011
111201010110
111201100101
111201111000
111201201011
111201210110
111202000000
111202011101
111202101110
111202110011
111202200000
111202211101
111210000111
111210011010
111210101001
111210110100
111210200111
111210211010
111211001100
111211010001
111211100010
111211111111
111211201100
111211210001
111212000111
111212011010
111212101001
111212110100
111212200111
111212211010
111220000000
111220011101
111220101110
111220110011
111220200000
111220211101
111221001011
111221010110
111221100101
111221111000
111221201011
111221210110
111222000000
111222011101
111222101110
111222110011
111222200000
111222211101
112000000000
112000011101
112000101110
112000110011
112000200000
112000211101
112001001011
112001010110
112001100101
112001111000
112001201011
112001210110
112002000000
112002011101
112002101110
112002110011
112002200000
112002211101
112010000111
112010011010
112010101001
112010110100
112010200111
112010211010
112011001100
112011010001
112011100010
112011111111
112011201100
112011210001
112012000111
112012011010
112012101001
112012110100
112012200111
112012211010
112020000000
112020011101
112020101110
112020110011
112020200000
112020211101
112021001011
112021010110
112021100101
112021111000
112021201011
112021210110
112022000000
112022011101
112022101110
112022110011
112022200000
112022211101
112100000101
112100011000
112100101011
112100110110
112100200101
112100211000
112101001110
112101010011
112101100000
112101111101
112101201110
112101210011
112102000101
112102011000
112102101011
112102110110
112102200101
112102211000
112110000010
112110011111
112110101100
112110110001
112110200010
112110211111
112111001001
112111010100
112111100111
112111111010
112111201001
112111210100
112112000010
112112011111
112112101100
112112110001
112112200010
112112211111
112120000101
112120011000
112120101011
112120110110
112120200101
112120211000
112121001110
112121010011
112121100000
112121111101
112121201110
112121210011
112122000101
112122011000
112122101011
112122110110
112122200101
112122211000
112200001001
112200010100
112200100111
112200111010
112200201001
112200210100
112201000010
112201011111
112201101100
112201110001
112201200010
112201211111
112202001001
112202010100
112202100111
112202111010
112202201001
112202210100
112210001110
112210010011
112210100000
112210111101
112210201110
112210210011
112211000101
112211011000
112211101011
112211110110
112211200101
112211211000
112212001110
112212010011
112212100000
112212111101
112212201110
112212210011
112220001001
112220010100
112220100111
112220111010
112220201001
112220210100
112221000010
112221011111
112221101100
112221110001
112221200010
112221211111
112222001001
112222010100
112222100111
112222111010
112222201001
112222210100
120000001001
120000010100
120000100111
120000111010
120000201001
120000210100
120001000010
120001011111
120001101100
120001110001
120001200010
120001211111
120002001001
120002010100
120002100111
120002111010
120002201001
120002210100
120010001110
120010010011
120010100000
120010111101
120010201110
120010210011
120011000101
120011011000
120011101011
120011110110
120011200101
120011211000
120012001110
120012010011
120012100000
120012111101
120012201110
120012210011
120020001001
120020010100
120020100111
120020111010
120020201001
120020210100
120021000010
120021011111
120021101100
120021110001
120021200010
120021211111
120022001001
120022010100
120022100111
120022111010
120022201001
120022210100
120100000000
120100011101
120100101110
120100110011
120100200000
120100211101
120101001011
120101010110
120101100101
120101111000
120101201011
120101210110
120102000000
120102011101
120102101110
120102110011
120102200000
120102211101
120110000111
120110011010
120110101001
120110110100
120110200111
120110211010
120111001100
120111010001
120111100010
120111111111
120111201100
120111210001
120112000111
120112011010
120112101001
120112110100
120112200111
120112211010
120120000000
120120011101
120120101110
120120110011
120120200000
120120211101
120121001011
120121010110
120121100101
120121111000
120121201011
120121210110
120122000000
120122011101
120122101110
120122110011
120122200000
120122211101
120200000101
120200011000
120200101011
120200110110
120200200101
120200211000
120201001110
120201010011
120201100000
120201111101
120201201110
120201210011
120202000101
120202011000
120202101011
120202110110
120202200101
120202211000
120210000010
120210011111
120210101100
120210110001
120210200010
120210211111
120211001001
120211010100
120211100111
120211111010
120211201001
120211210100
120212000010
120212011111
120212101100
120212110001
120212200010
120212211111
120220000101
120220011000
120220101011
120220110110
120220200101
120220211000
120221001110
120221010011
120221100000
120221111101
120221201110
120221210011
120222000101
120222011000
120222101011
120222110110
120222200101
120222211000
121000001010
121000010111
121000100001
121000111100
121000201010
121000210111
121001000100
121001011001
121001101111
121001110010
121001200100
121001211001
121002001010
121002010111
121002100001
121002111100
121002201010
121002210111
121010001101
121010010000
121010100110
121010111011
121010201101
121010210000
121011000011
121011011110
121011101000
121011110101
121011200011
121011211110
121012001101
121012010000
121012100110
121012111011
121012201101
121012210000
121020001010
121020010111
121020100001
121020111100
121020201010
121020210111
121021000100
121021011001
121021101111
121021110010
121021200100
121021211001
121022001010
121022010111
121022100001
121022111100
121022201010
121022210111
121100001100
121100010001
121100100010
121100111111
121100201100
121100210001
121101000111
121101011010
121101101001
121101110100
121101200111
121101211010
121102001100
121102010001
121102100010
121102111111
121102201100
121102210001
121110001011
121110010110
121110100101
121110111000
121110201011
121110210110
121111000000
121111011101
121111101110
121111110011
121111200000
121111211101
121112001011
121112010110
121112100101
121112111000
121112201011
121112210110
121120001100
121120010001
121120100010
121120111111
121120201100
121120210001
121121000111
121121011010
121121101001
121121110100
121121200111
121121211010
121122001100
121122010001
121122100010
121122111111
121122201100
121122210001
121200001111
121200010010
121200100100
121200111001
121200201111
121200210010
121201001000
121201010101
121201100011
121201111110
121201201000
121201210101
121202001111
121202010010
121202100100
121202111001
121202201111
121202210010
121210000001
121210011100
121210101010
121210110111
121210200001
121210211100
121211000110
121211011011
121211101101
121211110000
121211200110
121211211011
121212000001
121212011100
121212101010
121212110111
121212200001
121212211100
121220001111
121220010010
121220100100
121220111001
121220201111
121220210010
121221001000
121221010101
121221100011
121221111110
121221201000
121221210101
121222001111
121222010010
121222100100
121222111001
121222201111
121222210010
122000000000
122000011101
122000101110
122000110011
122000200000
122000211101
122001001011
122001010110
122001100101
122001111000
122001201011
122001210110
122002000000
122002011101
122002101110
122002110011
122002200000
122002211101
122010000111
122010011010
122010101001
122010110100
122010200111
122010211010
122011001100
122011010001
122011100010
122011111111
122011201100
122011210001
122012000111
122012011010
122012101001
122012110100
122012200111
122012211010
122020000000
122020011101
122020101110
122020110011
122020200000
122020211101
122021001011
122021010110
122021100101
122021111000
122021201011
122021210110
122022000000
122022011101
122022101110
122022110011
122022200000
122022211101
122100000110
122100011011
122100101101
122100110000
122100200110
122100211011
122101000001
122101011100
122101101010
122101110111
122101200001
122101211100
122102000110
122102011011
122102101101
122102110000
122102200110
122102211011
122110001000
122110010101
122110100011
122110111110
122110201000
122110210101
122111001111
122111010010
122111100100
122111111001
122111201111
122111210010
122112001000
122112010101
122112100011
122112111110
122112201000
122112210101
122120000110
122120011011
122120101101
122120110000
122120200110
122120211011
122121000001
122121011100
122121101010
122121110111
122121200001
122121211100
122122000110
122122011011
122122101101
122122110000
122122200110
122122211011
122200000011
122200011110
122200101000
122200110101
122200200011
122200211110
122201001101
122201010000
122201100110
122201111011
122201201101
122201210000
122202000011
122202011110
122202101000
122202110101
122202200011
122202211110
122210000100
122210011001
122210101111
122210110010
122210200100
122210211001
122211001010
122211010111
122211100001
122211111100
122211201010
122211210111
122212000100
122212011001
122212101111
122212110010
122212200100
122212211001
122220000011
122220011110
122220101000
122220110101
122220200011
122220211110
122221001101
122221010000
122221100110
122221111011
122221201101
122221210000
122222000011
122222011110
122222101000
122222110101
122222200011
122222211110
200000001010
200000010111
200000100001
200000111100
200000201010
200000210111
200001000100
200001011001
200001101111
200001110010
200001200100
200001211001
200002001010
200002010111
200002100001
200002111100
200002201010
200002210111
200010001101
200010010000
200010100110
200010111011
200010201101
200010210000
200011000011
200011011110
200011101000
200011110101
200011200011
200011211110
200012001101
200012010000
200012100110
200012111011
200012201101
200012210000
200020001010
200020010111
200020100001
200020111100
200020201010
200020210111
200021000100
200021011001
200021101111
200021110010
200021200100
200021211001
200022001010
200022010111
200022100001
200022111100
200022201010
200022210111
200100001100
200100010001
200100100010
200100111111
200100201100
200100210001
200101000111
200101011010
200101101001
200101110100
200101200111
200101211010
200102001100
200102010001
200102100010
200102111111
200102201100
200102210001
200110001011
200110010110
200110100101
200110111000
200110201011
200110210110
200111000000
200111011101
200111101110
200111110011
200111200000
200111211101
200112001011
200112010110
200112100101
200112111000
200112201011
200112210110
200120001100
200120010001
200120100010
200120111111
200120201100
200120210001
200121000111
200121011010
200121101001
200121110100
200121200111
200121211010
200122001100
200122010001
200122100010
200122111111
200122201100
200122210001
200200001111
200200010010
200200100100
200200111001
200200201111
200200210010
200201001000
200201010101
200201100011
200201111110
200201201000
200201210101
200202001111
200202010010
200202100100
200202111001
200202201111
200202210010
200210000001
200210011100
200210101010
200210110111
200210200001
200210211100
200211000110
200211011011
200211101101
200211110000
200211200110
200211211011
200212000001
200212011100
200212101010
200212110111
200212200001
200212211100
200220001111
200220010010
200220100100
200220111001
200220201111
200220210010
200221001000
200221010101
200221100011
200221111110
200221201000
200221210101
200222001111
200222010010
200222100100
200222111001
200222201111
200222210010
201000000000
201000011101
201000101110
201000110011
201000200000
201000211101
201001001011
201001010110
201001100101
201001111000
201001201011
201001210110
201002000000
201002011101
201002101110
201002110011
201002200000
201002211101
201010000111
201010011010
201010101001
201010110100
201010200111
201010211010
201011001100
201011010001
201011100010
201011111111
201011201100
201011210001
201012000111
201012011010
201012101001
201012110100
201012200111
201012211010
201020000000
201020011101
201020101110
201020110011
201020200000
201020211101
201021001011
201021010110
201021100101
201021111000
201021201011
201021210110
201022000000
201022011101
201022101110
201022110011
201022200000
201022211101
201100000110
201100011011
201100101101
201100110000
201100200110
201100211011
201101000001
201101011100
201101101010
201101110111
201101200001
201101211100
201102000110
201102011011
201102101101
201102110000
201102200110
201102211011
201110001000
201110010101
201110100011
201110111110
201110201000
201110210101
201111001111
201111010010
201111100100
201111111001
201111201111
201111210010
201112001000
201112010101
201112100011
201112111110
201112201000
201112210101
201120000110
201120011011
201120101101
201120110000
201120200110
201120211011
201121000001
201121011100
201121101010
201121110111
201121200001
201121211100
201122000110
201122011011
201122101101
201122110000
201122200110
201122211011
201200000011
201200011110
201200101000
201200110101
201200200011
201200211110
201201001101
201201010000
201201100110
201201111011
201201201101
201201210000
201202000011
201202011110
201202101000
201202110101
201202200011
201202211110
201210000100
201210011001
201210101111
201210110010
201210200100
201210211001
201211001010
201211010111
201211100001
201211111100
201211201010
201211210111
201212000100
201212011001
201212101111
201212110010
201212200100
201212211001
201220000011
201220011110
201220101000
201220110101
201220200011
201220211110
201221001101
201221010000
201221100110
201221111011
201221201101
201221210000
201222000011
201222011110
201222101000
201222110101
201222200011
201222211110
202000001001
202000010100
202000100111
202000111010
202000201001
202000210100
202001000010
202001011111
202001101100
202001110001
202001200010
202001211111
202002001001
202002010100
202002100111
202002111010
202002201001
202002210100
202010001110
202010010011
202010100000
202010111101
202010201110
202010210011
202011000101
202011011000
202011101011
202011110110
202011200101
202011211000
202012001110
202012010011
202012100000
202012111101
202012201110
202012210011
202020001001
202020010100
202020100111
202020111010
202020201001
202020210100
202021000010
202021011111
202021101100
202021110001
202021200010
202021211111
202022001001
202022010100
202022100111
202022111010
202022201001
202022210100
202100000000
202100011101
202100101110
202100110011
202100200000
202100211101
202101001011
202101010110
202101100101
202101111000
202101201011
202101210110
202102000000
202102011101
202102101110
202102110011
202102200000
202102211101
202110000111
202110011010
202110101001
202110110100
202110200111
202110211010
202111001100
202111010001
202111100010
202111111111
202111201100
202111210001
202112000111
202112011010
202112101001
202112110100
202112200111
202112211010
202120000000
202120011101
202120101110
202120110011
202120200000
202120211101
202121001011
202121010110
202121100101
202121111000
202121201011
202121210110
202122000000
202122011101
202122101110
202122110011
202122200000
202122211101
202200000101
202200011000
202200101011
202200110110
202200200101
202200211000
202201001110
202201010011
202201100000
202201111101
202201201110
202201210011
202202000101
202202011000
202202101011
202202110110
202202200101
202202211000
202210000010
202210011111
202210101100
202210110001
202210200010
202210211111
202211001001
202211010100
202211100111
202211111010
202211201001
202211210100
202212000010
202212011111
202212101100
202212110001
202212200010
202212211111
202220000101
202220011000
202220101011
202220110110
202220200101
202220211000
202221001110
202221010011
202221100000
202221111101
202221201110
202221210011
202222000101
202222011000
202222101011
202222110110
202222200101
202222211000
210000000101
210000011000
210000101011
210000110110
210000200101
210000211000
210001001110
210001010011
210001100000
210001111101
210001201110
210001210011
210002000101
210002011000
210002101011
210002110110
210002200101
210002211000
210010000010
210010011111
210010101100
210010110001
210010200010
210010211111
210011001001
210011010100
210011100111
210011111010
210011201001
210011210100
210012000010
210012011111
210012101100
210012110001
210012200010
210012211111
210020000101
210020011000
210020101011
210020110110
210020200101
210020211000
210021001110
210021010011
210021100000
210021111101
210021201110
210021210011
210022000101
210022011000
210022101011
210022110110
210022200101
210022211000
210100001001
210100010100
210100100111
210100111010
210100201001
210100210100
210101000010
210101011111
210101101100
210101110001
210101200010
210101211111
210102001001
210102010100
210102100111
210102111010
210102201001
210102210100
210110001110
210110010011
210110100000
210110111101
210110201110
210110210011
210111000101
210111011000
210111101011
210111110110
210111200101
210111211000
210112001110
210112010011
210112100000
210112111101
210112201110
210112210011
210120001001
210120010100
210120100111
210120111010
210120201001
210120210100
210121000010
210121011111
210121101100
210121110001
210121200010
210121211111
210122001001
210122010100
210122100111
210122111010
210122201001
210122210100
210200000000
210200011101
210200101110
210200110011
210200200000
210200211101
210201001011
210201010110
210201100101
210201111000
210201201011
210201210110
210202000000
210202011101
210202101110
210202110011
210202200000
210202211101
210210000111
210210011010
210210101001
210210110100
210210200111
210210211010
210211001100
210211010001
210211100010
210211111111
210211201100
210211210001
210212000111
210212011010
210212101001
210212110100
210212200111
210212211010
210220000000
210220011101
210220101110
210220110011
210220200000
210220211101
210221001011
210221010110
210221100101
210221111000
210221201011
210221210110
210222000000
210222011101
210222101110
210222110011
210222200000
210222211101
211000001111
211000010010
211000100100
211000111001
211000201111
211000210010
211001001000
211001010101
211001100011
211001111110
211001201000
211001210101
211002001111
211002010010
211002100100
211002111001
211002201111
211002210010
211010000001
211010011100
211010101010
211010110111
211010200001
211010211100
211011000110
211011011011
211011101101
211011110000
211011200110
211011211011
211012000001
211012011100
211012101010
211012110111
211012200001
211012211100
211020001111
211020010010
211020100100
211020111001
211020201111
211020210010
211021001000
211021010101
211021100011
211021111110
211021201000
211021210101
211022001111
211022010010
211022100100
211022111001
211022201111
211022210010
211100001010
211100010111
211100100001
211100111100
211100201010
211100210111
211101000100
211101011001
211101101111
211101110010
211101200100
211101211001
211102001010
211102010111
211102100001
211102111100
211102201010
211102210111
211110001101
211110010000
211110100110
211110111011
211110201101
211110210000
211111000011
211111011110
211111101000
211111110101
211111200011
211111211110
211112001101
211112010000
211112100110
211112111011
211112201101
211112210000
211120001010
211120010111
211120100001
211120111100
211120201010
211120210111
211121000100
211121011001
211121101111
211121110010
211121200100
211121211001
211122001010
211122010111
211122100001
211122111100
211122201010
211122210111
211200001100
211200010001
211200100010
211200111111
211200201100
211200210001
211201000111
211201011010
211201101001
211201110100
211201200111
211201211010
211202001100
211202010001
211202100010
211202111111
211202201100
211202210001
211210001011
211210010110
211210100101
211210111000
211210201011
211210210110
211211000000
211211011101
211211101110
211211110011
211211200000
211211211101
211212001011
211212010110
211212100101
211212111000
211212201011
211212210110
211220001100
211220010001
211220100010
211220111111
211220201100
211220210001
211221000111
211221011010
211221101001
211221110100
211221200111
211221211010
211222001100
211222010001
211222100010
211222111111
211222201100
211222210001
212000000011
212000011110
212000101000
212000110101
212000200011
212000211110
212001001101
212001010000
212001100110
212001111011
212001201101
212001210000
212002000011
212002011110
212002101000
212002110101
212002200011
212002211110
212010000100
212010011001
212010101111
212010110010
212010200100
212010211001
212011001010
212011010111
212011100001
212011111100
212011201010
212011210111
212012000100
212012011001
212012101111
212012110010
212012200100
212012211001
212020000011
212020011110
212020101000
212020110101
212020200011
212020211110
212021001101
212021010000
212021100110
212021111011
212021201101
212021210000
212022000011
212022011110
212022101000
212022110101
212022200011
212022211110
212100000000
212100011101
212100101110
212100110011
212100200000
212100211101
212101001011
212101010110
212101100101
212101111000
212101201011
212101210110
212102000000
212102011101
212102101110
212102110011
212102200000
212102211101
212110000111
212110011010
212110101001
212110110100
212110200111
212110211010
212111001100
212111010001
212111100010
212111111111
212111201100
212111210001
212112000111
212112011010
212112101001
212112110100
212112200111
212112211010
212120000000
212120011101
212120101110
212120110011
212120200000
212120211101
212121001011
212121010110
212121100101
212121111000
212121201011
212121210110
212122000000
212122011101
212122101110
212122110011
212122200000
212122211101
212200000110
212200011011
212200101101
212200110000
212200200110
212200211011
212201000001
212201011100
212201101010
212201110111
212201200001
212201211100
212202000110
212202011011
212202101101
212202110000
212202200110
212202211011
212210001000
212210010101
212210100011
212210111110
212210201000
212210210101
212211001111
212211010010
212211100100
212211111001
212211201111
212211210010
212212001000
212212010101
212212100011
212212111110
212212201000
212212210101
212220000110
212220011011
212220101101
212220110000
212220200110
212220211011
212221000001
212221011100
212221101010
212221110111
212221200001
212221211100
212222000110
212222011011
212222101101
212222110000
212222200110
212222211011
220000000110
220000011011
220000101101
220000110000
220000200110
220000211011
220001000001
220001011100
220001101010
220001110111
220001200001
220001211100
220002000110
220002011011
220002101101
220002110000
220002200110
220002211011
220010001000
220010010101
220010100011
220010111110
220010201000
220010210101
220011001111
220011010010
220011100100
220011111001
220011201111
220011210010
220012001000
220012010101
220012100011
220012111110
220012201000
220012210101
220020000110
220020011011
220020101101
220020110000
220020200110
220020211011
220021000001
220021011100
220021101010
220021110111
220021200001
220021211100
220022000110
220022011011
220022101101
220022110000
220022200110
220022211011
220100000011
220100011110
220100101000
220100110101
220100200011
220100211110
220101001101
220101010000
220101100110
220101111011
220101201101
220101210000
220102000011
220102011110
220102101000
220102110101
220102200011
220102211110
220110000100
220110011001
220110101111
220110110010
220110200100
220110211001
220111001010
220111010111
220111100001
220111111100
220111201010
220111210111
220112000100
220112011001
220112101111
220112110010
220112200100
220112211001
220120000011
220120011110
220120101000
220120110101
220120200011
220120211110
220121001101
220121010000
220121100110
220121111011
220121201101
220121210000
220122000011
220122011110
220122101000
220122110101
220122200011
220122211110
220200000000
220200011101
220200101110
220200110011
220200200000
220200211101
220201001011
220201010110
220201100101
220201111000
220201201011
220201210110
220202000000
220202011101
220202101110
220202110011
220202200000
220202211101
220210000111
220210011010
220210101001
220210110100
220210200111
220210211010
220211001100
220211010001
220211100010
220211111111
220211201100
220211210001
220212000111
220212011010
220212101001
220212110100
220212200111
220212211010
220220000000
220220011101
220220101110
220220110011
220220200000
220220211101
220221001011
220221010110
220221100101
220221111000
220221201011
220221210110
220222000000
220222011101
220222101110
220222110011
220222200000
220222211101
221000000000
221000011101
221000101110
221000110011
221000200000
221000211101
221001001011
221001010110
221001100101
221001111000
221001201011
221001210110
221002000000
221002011101
221002101110
221002110011
221002200000
221002211101
221010000111
221010011010
221010101001
221010110100
221010200111
221010211010
221011001100
221011010001
221011100010
221011111111
221011201100
221011210001
221012000111
221012011010
221012101001
221012110100
221012200111
221012211010
221020000000
221020011101
221020101110
221020110011
221020200000
221020211101
221021001011
221021010110
221021100101
221021111000
221021201011
221021210110
221022000000
221022011101
221022101110
221022110011
221022200000
221022211101
221100000101
221100011000
221100101011
221100110110
221100200101
221100211000
221101001110
221101010011
221101100000
221101111101
221101201110
221101210011
221102000101
221102011000
221102101011
221102110110
221102200101
221102211000
221110000010
221110011111
221110101100
221110110001
221110200010
221110211111
221111001001
221111010100
221111100111
221111111010
221111201001
221111210100
221112000010
221112011111
221112101100
221112110001
221112200010
221112211111
221120000101
221120011000
221120101011
221120110110
221120200101
221120211000
221121001110
221121010011
221121100000
221121111101
221121201110
221121210011
221122000101
221122011000
221122101011
221122110110
221122200101
221122211000
221200001001
221200010100
221200100111
221200111010
221200201001
221200210100
221201000010
221201011111
221201101100
221201110001
221201200010
221201211111
221202001001
221202010100
221202100111
221202111010
221202201001
221202210100
221210001110
221210010011
221210100000
221210111101
221210201110
221210210011
221211000101
221211011000
221211101011
221211110110
221211200101
221211211000
221212001110
221212010011
221212100000
221212111101
221212201110
221212210011
221220001001
221220010100
221220100111
221220111010
221220201001
221220210100
221221000010
221221011111
221221101100
221221110001
221221200010
221221211111
221222001001
221222010100
221222100111
221222111010
221222201001
221222210100
222000001100
222000010001
222000100010
222000111111
222000201100
222000210001
222001000111
222001011010
222001101001
222001110100
222001200111
222001211010
222002001100
222002010001
222002100010
222002111111
222002201100
222002210001
222010001011
222010010110
222010100101
222010111000
222010201011
222010210110
222011000000
222011011101
222011101110
222011110011
222011200000
222011211101
222012001011
222012010110
222012100101
222012111000
222012201011
222012210110
222020001100
222020010001
222020100010
222020111111
222020201100
222020210001
222021000111
222021011010
222021101001
222021110100
222021200111
222021211010
222022001100
222022010001
222022100010
222022111111
222022201100
222022210001
222100001111
222100010010
222100100100
222100111001
222100201111
222100210010
222101001000
222101010101
222101100011
222101111110
222101201000
222101210101
222102001111
222102010010
222102100100
222102111001
222102201111
222102210010
222110000001
222110011100
222110101010
222110110111
222110200001
222110211100
222111000110
222111011011
222111101101
222111110000
222111200110
222111211011
222112000001
222112011100
222112101010
222112110111
222112200001
222112211100
222120001111
222120010010
222120100100
222120111001
222120201111
222120210010
222121001000
222121010101
222121100011
222121111110
222121201000
222121210101
222122001111
222122010010
222122100100
222122111001
222122201111
222122210010
222200001010
222200010111
222200100001
222200111100
222200201010
222200210111
222201000100
222201011001
222201101111
222201110010
222201200100
222201211001
222202001010
222202010111
222202100001
222202111100
222202201010
222202210111
222210001101
222210010000
222210100110
222210111011
222210201101
222210210000
222211000011
222211011110
222211101000
222211110101
222211200011
222211211110
222212001101
222212010000
222212100110
222212111011
222212201101
222212210000
222220001010
222220010111
222220100001
222220111100
222220201010
222220210111
222221000100
222221011001
222221101111
222221110010
222221200100
222221211001
222222001010
222222010111
222222100001
222222111100
222222201010
222222210111