000000000
000001011
000001200
000010201
000010210
000011010
000022101
000022111
000100110
000101101
000111100
000112001
000112011
000120211
000122200
000122210
000201110
000201201
000201211
000210100
000210111
000220001
000222000
000222010
001002001
001002210
001011101
001011111
001012000
001020100
001020110
001020211
001101000
001101010
001102111
001110201
001112110
001120200
001121001
001121011
001202100
001202201
001202211
001210011
001211200
001211210
001220010
001220101
002000001
002000011
002002010
002012200
002012211
002021100
002021110
002021201
002100101
002100111
002102100
002110000
002110010
002111211
002121210
002122201
002200200
002200210
002211001
002212101
002212110
002221000
002221111
002222011
010000211
010002100
010002110
010010210
010011001
010021000
010022101
010022111
010100001
010100011
010100200
010111111
010112000
010112010
010121110
010121201
010200010
010200101
010210100
010212201
010212211
010221011
010221200
010221210
011000200
011001201
011001211
011011100
011011110
011012011
011020001
011022010
011101000
011101010
011110201
011110210
011112101
011120111
011122100
011122211
011200110
011201101
011201111
011210000
011210011
011222001
011222200
011222210
012001210
012002201
012010101
012010111
012012200
012020000
012020010
012021011
012102001
012102011
012102210
012111200
012111211
012120100
012120110
012121101
012201100
012202000
012202111
012211001
012211010
012212110
012220201
012220211
020002100
020002110
020010201
020011001
020011010
020020011
020020200
020021211
020101210
020102201
020102211
020111100
020111111
020120000
020120010
020120101
020201000
020202001
020202011
020210111
020212200
020212210
020220110
020221101
021000010
021000101
021000111
021012000
021012011
021021200
021021210
021022201
021100100
021100211
021102200
021110210
021112101
021112110
021121001
021121011
021200001
021202010
021210000
021211201
021211211
021221100
021221110
021222111
022001000
022001101
022001111
022010100
022010110
022012211
022022001
022022210
022101110
022101201
022110001
022110011
022111200
022122000
022122010
022122111
022200200
022200210
022201011
022211010
022212101
022220201
022220211
022222100
100000000
100000101
100000111
100011211
100012100
100012110
100021001
100021210
100100110
100100201
100110200
100112001
100112011
100121000
100121010
100121111
100200011
100202200
100202210
100210010
100211101
100221100
100222201
100222211
101001100
101001110
101010001
101010010
101012201
101020211
101022011
101022200
101100210
101101201
101101211
101110100
101110111
101122000
101122010
101122101
101200000
101201001
101201011
101211200
101211210
101212111
101220101
101222110
102002010
102002101
102002111
102011000
102011011
102020200
102020210
102021201
102101200
102102100
102102211
102111101
102111110
102112210
102120001
102120011
102201010
102202001
102210201
102210211
102212000
102220100
102220110
102221111
110001010
110002001
110002011
110011200
110011211
110020100
110020110
110020201
110101100
110102101
110102111
110110211
110112000
110112010
110120210
110121201
110202200
110202210
110210001
110211101
110211110
110220000
110220111
110221011
111000011
111000200
111002000
111010010
111012201
111012210
111021101
111021111
111100101
111102110
111110100
111111001
111111011
111121200
111121210
111122211
111200110
111200201
111200211
111212100
111212111
111221000
111221010
111222001
112001001
112001210
112010101
112010111
112011000
112022100
112022110
112022211
112100000
112100010
112101111
112111110
112112201
112120001
112120011
112122200
112201100
112201201
112201211
112210200
112210210
112212011
112222010
112222101
120000210
120001201
120011200
120012101
120012111
120020011
120022000
120022010
120101001
120101011
120101210
120110200
120110211
120120101
120122100
120122110
120200100
120201000
120201111
120210001
120210010
120211110
120222201
120222211
121001100
121001110
121002211
121010001
121012210
121020000
121021101
121021111
121102001
121102011
121102200
121110111
121111000
121111010
121120110
121120201
121202010
121202101
121211201
121211211
121212100
121220011
121220200
121220210
122000201
122000211
122002200
122010100
122010110
122011011
122021010
122022001
122100000
122100010
122111101
122112201
122112210
122121100
122121211
122122111
122200101
122200111
122202110
122212000
122212011
122221001
122221200
122221210
200001200
200002201
200002211
200010011
200012100
200012110
200020010
200021001
200102000
200102010
200110101
200111201
200111210
200120100
200120211
200121111
200201110
200202101
200202111
200211000
200211011
200220001
200220200
200220210
201000201
201002210
201010200
201011101
201011111
201021000
201021010
201022011
201100001
201100011
201100210
201112200
201112211
201121100
201121110
201122101
201200000
201200111
201202100
201210110
201212001
201212010
201221201
201221211
202000100
202000110
202001211
202011210
202012001
202020101
202020111
202022000
202101001
202101011
202101200
202110000
202110010
202112111
202122110
202122201
202201010
202201101
202210201
202210211
202211100
202222011
202222200
202222210
210001010
210001101
210001111
210010000
210010011
210020201
210022200
210022210
210100200
210101100
210101211
210110101
210110110
210111210
210122001
210122011
210200010
210201001
210211000
210212201
210212211
210220111
210222100
210222110
211002000
211002101
211002111
211010211
211011100
211011110
211020001
211020210
211102110
211102201
211111001
211111011
211112200
211120000
211120010
211120111
211201200
211201210
211202011
211210101
211212010
211220100
211221201
211221211
212000100
212000110
212011201
212012001
212012010
212021011
212021200
212022211
212100201
212100211
212102210
212112100
212112111
212121000
212121010
212121101
212200001
212200011
212202000
212210200
212210210
212211111
212221110
212222101
220000001
220000210
220010000
220012101
220012111
220021100
220021110
220021211
220100111
220102000
220102010
220110110
220111201
220121200
220122001
220122011
220200100
220200201
220200211
220211011
220212200
220212210
220221010
220221101
221000010
221001001
221001011
221010200
221010211
221022100
221022110
221022201
221100100
221101101
221101111
221111000
221111010
221112211
221120201
221122210
221201200
221201210
221210101
221210110
221212001
221220011
221222000
221222111
222001000
222002011
222002200
222011201
222011210
222012010
222020101
222020111
222101110
222102101
222110001
222110011
222112100
222120200
222120210
222121211
222202110
222202201
222202211
222211100
222211111
222220000
222220010
222221001