00000021
00001100
00002210
00002211
00010200
00010201
00011111
00012020
00020010
00021120
00021121
00022001
00100110
00100111
00101201
00102020
00110021
00111210
00112100
00112101
00120000
00121220
00121221
00122011
00200220
00201000
00201001
00202121
00210120
00211010
00211011
00212221
00220101
00220211
00221021
00222110
00222200
01000101
01001020
01002210
01002211
01010110
01011000
01011001
01012121
01020220
01020221
01021011
01022100
01100200
01101120
01101121
01102001
01110021
01110211
01111101
01112010
01112220
01120000
01121110
01121111
01122201
01200010
01200011
01201221
01202100
01210120
01211200
01211201
01212111
01220101
01221210
01222020
01222021
02000021
02000101
02001211
02002000
02002120
02010110
02011220
02011221
02012011
02020010
02021200
02021201
02022111
02100200
02101010
02101011
02102221
02110211
02111020
02112100
02112101
02120120
02120121
02121001
02122210
02200220
02201110
02201111
02202201
02210000
02210001
02211121
02212210
02220211
02221100
02222020
02222021
10000120
10001010
10001011
10002101
10010200
10010201
10011021
10012110
10020111
10021000
10022220
10022221
10100001
10100221
10101111
10102020
10102200
10110010
10111120
10111121
10112211
10120210
10121100
10121101
10122011
10200100
10201210
10201211
10202121
10210111
10211220
10212000
10212001
10220020
10220021
10221201
10222110
11000120
11001200
11001201
11002021
11010020
11011210
11011211
11012121
11020001
11020111
11021221
11022010
11022100
11100221
11101000
11102110
11102111
11110100
11110101
11111011
11112220
11120210
11121020
11121021
11122201
11200010
11200011
11201101
11202220
11210221
11211110
11212000
11212001
11220200
11221120
11221121
11222211
12000210
12000211
12001121
12002000
12010020
12011100
12011101
12012011
12020001
12021110
12022220
12022221
12100001
12101220
12102110
12102111
12110010
12111200
12111201
12112021
12120120
12120121
12121211
12122000
12200100
12201020
12201021
12202201
12210111
12210221
12211001
12212120
12212210
12220200
12221010
12221011
12222101
20000000
20001220
20001221
20002101
20010011
20010121
20011201
20012020
20012110
20020100
20021210
20021211
20022001
20100110
20100111
20101021
20102200
20110220
20111000
20111001
20112211
20120201
20121010
20122120
20122121
20200201
20201120
20202010
20202011
20210210
20211100
20211101
20212221
20220020
20220021
20221111
20222200
21000000
21001110
21001111
21002021
21010011
21011120
21012200
21012201
21020220
21020221
21021101
21022010
21100020
21101210
21101211
21102001
21110100
21110101
21111221
21112010
21120011
21121200
21122120
21122121
21200121
21200201
21201011
21202100
21202220
21210210
21211020
21211021
21212111
21220110
21221000
21221001
21222211
22000210
22000211
22001001
22002120
22010121
22011010
22012200
22012201
22020100
22021020
22021021
22022111
22100020
22101100
22101101
22102221
22110220
22111110
22111111
22112021
22120011
22120201
22121121
22122000
22122210
22200121
22201200
22202010
22202011
22210000
22210001
22211211
22212120
22220110
22221220
22221221
22222101