000000000
000000001
000000111
000000220
000012010
000012011
000012121
000012200
000021020
000021100
000021101
000021211
000102021
000102100
000102210
000111001
000111110
000111220
000111221
000120010
000120120
000120201
000122021
000122111
000201010
000201120
000201121
000201201
000210021
000210100
000210101
000210210
000222000
000222111
000222220
001002010
001002120
001002201
001011021
001011100
001011210
001011211
001020000
001020111
001020220
001020221
001100110
001101000
001101111
001101220
001102021
001102201
001110011
001110121
001110200
001112020
001122021
001122100
001122210
001200020
001200101
001200211
001202200
001212001
001212110
001212221
001221010
001221011
001221120
001221201
002001020
002001021
002001101
002001210
002010001
002010110
002010221
002022011
002022121
002022200
002100011
002100121
002100200
002110020
002112000
002112021
002112101
002112111
002112120
002112201
002112211
002121001
002121110
002121221
002122020
002202001
002202110
002202221
002211011
002211121
002211200
002212020
002220021
002220100
002220210
002220211
010002000
010002110
010002111
010002221
010011010
010011120
010011121
010011201
010020021
010020100
010020210
010101020
010101101
010101211
010110000
010110111
010110220
010120111
010120201
010121200
010122010
010122120
010122201
010200011
010200121
010200200
010212021
010212100
010212210
010212211
010220020
010221001
010221110
010221221
011001011
011001121
011001200
011010020
011010101
011010211
011022000
011022001
011022111
011022220
011100001
011100021
011100110
011100120
011100210
011100221
011101110
011110110
011112011
011112121
011112200
011120110
011121020
011121101
011121211
011200110
011202020
011202101
011202211
011211000
011211001
011211111
011211220
011220011
011220121
011220200
012000020
012000100
012000101
012000211
012012001
012012110
012012220
012012221
012021010
012021011
012021120
012021201
012102010
012102011
012102121
012102200
012110021
012110201
012111021
012111100
012111210
012120000
012120111
012120220
012201000
012201111
012201220
012201221
012210010
012210120
012210201
012222021
012222100
012222101
012222210
020001001
020001110
020001220
020001221
020010011
020010120
020010200
020010201
020022020
020022101
020022211
020100020
020100100
020100101
020100211
020112001
020112110
020112221
020121000
020121011
020121021
020121121
020121200
020121210
020122200
020202010
020202011
020202120
020202201
020211020
020211101
020211211
020220001
020220110
020220221
020221200
021000010
021000011
021000121
021000200
021012021
021012100
021012101
021012210
021021001
021021110
021021221
021101111
021101201
021102000
021102111
021102220
021111010
021111120
021111201
021120020
021120101
021120211
021121200
021201021
021201100
021201210
021210000
021210111
021210220
021210221
021222010
021222120
021222121
021222201
022002021
022002100
022002210
022002211
022011000
022011111
022011220
022020010
022020120
022020121
022020201
022101010
022101120
022101201
022110021
022110100
022110210
022111021
022111111
022112020
022121200
022122001
022122110
022122221
022200000
022200001
022200111
022200220
022211110
022212011
022212121
022212200
022221020
022221101
022221211
100002020
100002101
100002211
100011000
100011001
100011111
100011220
100020011
100020121
100020200
100022110
100101011
100101120
100101200
100101201
100110021
100110100
100110210
100110211
100122000
100122111
100122220
100200001
100200110
100200221
100212010
100212120
100212201
100220020
100221021
100221100
100221210
100222021
100222201
101001001
101001110
101001221
101002200
101010010
101010120
101010121
101010201
101022020
101022101
101022211
101100020
101100101
101100211
101112001
101112110
101112221
101121010
101121120
101121121
101121201
101200200
101202000
101202011
101202111
101202121
101202200
101202210
101211020
101211101
101211211
101212200
101220001
101220110
101220221
101222200
102000010
102000011
102000120
102000201
102012021
102012100
102012210
102021000
102021111
102021220
102021221
102102001
102102110
102102220
102102221
102111010
102111011
102111121
102111200
102120021
102120100
102120101
102120210
102201020
102201100
102201101
102201211
102210000
102210111
102210220
102212021
102212111
102222010
102222120
102222201
110001021
110001100
110001101
110001210
110010001
110010110
110010221
110020020
110022011
110022121
110022200
110100010
110100011
110100121
110100200
110112020
110112021
110112101
110112210
110121001
110121110
110121221
110202001
110202110
110202220
110202221
110211011
110211121
110211200
110220000
110220020
110220101
110220111
110220120
110220211
110221020
111000000
111000111
111000220
111012010
111012011
111012120
111012201
111021021
111021100
111021210
111021211
111102020
111102100
111102101
111102211
111111000
111111111
111111220
111111221
111120011
111120121
111120200
111200021
111200201
111201010
111201120
111201201
111210021
111210100
111210210
111220020
111222001
111222110
111222221
112002010
112002120
112002121
112002201
112010200
112011020
112011101
112011211
112020001
112020110
112020221
112101000
112101001
112101111
112101220
112110010
112110120
112110201
112122021
112122100
112122210
112122211
112200021
112200100
112200210
112210111
112210201
112211110
112212000
112212111
112212220
112220020
112221011
112221121
112221200
120000021
120000100
120000210
120000211
120012000
120012111
120012220
120012221
120021010
120021120
120021201
120102010
120102120
120102121
120102201
120111020
120111100
120111101
120111211
120120001
120120110
120120220
120120221
120201000
120201111
120201220
120210010
120210011
120210121
120210200
120221111
120221201
120222021
120222100
120222210
121001020
121002001
121002110
121002221
121011011
121011121
121011200
121020021
121020100
121020101
121020210
121101021
121101100
121101210
121110000
121110001
121110111
121110220
121122010
121122011
121122120
121122201
121200010
121200120
121200201
121201021
121201111
121202200
121211110
121212020
121212101
121212211
121221000
121221111
121221220
122001011
122001121
122001200
122010020
122010101
122010211
122011110
122022000
122022001
122022111
122022220
122100000
122100110
122100111
122100221
122112011
122112121
122112200
122121020
122121101
122121211
122202020
122202101
122202211
122211001
122211021
122211111
122211120
122211201
122211210
122211221
122212110
122220011
122220121
122220200
122221110
200001010
200001011
200001121
200001200
200010020
200010101
200010211
200020110
200022001
200022110
200022120
200022201
200022210
200022221
200100000
200100111
200100220
200100221
200112011
200112121
200112200
200121020
200121101
200121211
200122110
200202020
200202100
200202101
200202211
200211000
200211110
200211111
200211221
200220011
200220121
200220200
201000021
201000100
201000210
201002021
201002111
201012000
201012111
201012220
201021011
201021121
201021200
201022110
201102010
201102120
201102201
201111021
201111100
201111101
201111210
201120000
201120001
201120111
201120220
201201001
201201110
201201220
201201221
201210010
201210011
201210120
201210201
201222020
201222101
201222211
202002000
202002111
202002220
202010200
202011010
202011120
202011201
202012021
202012201
202020020
202020101
202020211
202022110
202101021
202101100
202101210
202101211
202110001
202110110
202110221
202112020
202122011
202122121
202122200
202200010
202200120
202200121
202200201
202212021
202212100
202212210
202221000
202221001
202221111
202221220
210000010
210000120
210000201
210012020
210012100
210012101
210012211
210020021
210020201
210021000
210021111
210021220
210102000
210102001
210102111
210102220
210111010
210111011
210111120
210111201
210120021
210120100
210120210
210201021
210201100
210201210
210201211
210210001
210210110
210210220
210210221
210222010
210222011
210222121
210222200
211000111
211000201
211001020
211002021
211002100
211002210
211010200
211011001
211011110
211011221
211020010
211020120
211020201
211100110
211101011
211101121
211101200
211110020
211110101
211110211
211122000
211122111
211122220
211122221
211200000
211200111
211200220
211212010
211212120
211212121
211212201
211221021
211221100
211221101
211221210
212001001
212001110
212001221
212010000
212010011
212010021
212010111
212010121
212010201
212010210
212011200
212020200
212022020
212022101
212022211
212100020
212100101
212100211
212110200
212112001
212112110
212112221
212121010
212121120
212121121
212121201
212202011
212202120
212202200
212202201
212211020
212211101
212211211
212220001
212220110
212220221
220002011
220002121
220002200
220011021
220011100
220011210
220020000
220020111
220020220
220021021
220021111
220022110
220101001
220101110
220101221
220110010
220110120
220110121
220110201
220121200
220122020
220122101
220122211
220200020
220200021
220200101
220200210
220212000
220212001
220212111
220212220
220221010
220221120
220221201
221001000
221001020
221001101
221001120
221001201
221001211
221002020
221010001
221010110
221010221
221011020
221021020
221022011
221022121
221022200
221100011
221100121
221100200
221101020
221112021
221112100
221112210
221112211
221121001
221121110
221121221
221202001
221202110
221202221
221211011
221211121
221211200
221220021
221220100
221220210
221220211
222000001
222000110
222000220
222000221
222011111
222011201
222012010
222012120
222012201
222021021
222021100
222021210
222102021
222102100
222102101
222102210
222111000
222111111
222111220
222120010
222120011
222120120
222120201
222201010
222201011
222201121
222201200
222210020
222210100
222210101
222210211
222222000
222222111
222222220
222222221