0000020100
0000020211
0000021001
0000021010
0000022111
0000022200
0000100000
0000100001
0000100010
0000100011
0000101101
0000101111
0000101200
0000101210
0000102100
0000102110
0000102201
0000102211
0000210101
0000210210
0000211110
0000211201
0000212000
0000212011
0001000001
0001000010
0001001111
0001001200
0001002100
0001002211
0001110111
0001110200
0001111100
0001111211
0001112001
0001112010
0001220110
0001220201
0001221000
0001221011
0001222101
0001222210
0002010110
0002010201
0002011000
0002011011
0002012101
0002012210
0002120101
0002120210
0002121110
0002121201
0002122000
0002122011
0002200100
0002200211
0002201001
0002201010
0002202111
0002202200
0010000110
0010000201
0010001000
0010001011
0010002101
0010002210
0010110101
0010110210
0010111110
0010111201
0010112000
0010112011
0010220001
0010220010
0010221111
0010221200
0010222100
0010222211
0011010100
0011010211
0011011001
0011011010
0011012111
0011012200
0011120000
0011120011
0011121101
0011121210
0011122110
0011122201
0011200101
0011200210
0011201110
0011201201
0011202000
0011202011
0012020111
0012020200
0012021100
0012021211
0012022001
0012022010
0012100100
0012100211
0012101001
0012101010
0012102111
0012102200
0012210000
0012210011
0012210111
0012210200
0012211100
0012211101
0012211210
0012211211
0012212001
0012212010
0012212110
0012212201
0020010000
0020010011
0020011101
0020011210
0020012110
0020012201
0020120100
0020120211
0020121001
0020121010
0020122111
0020122200
0020200111
0020200200
0020201100
0020201211
0020202001
0020202010
0021020001
0021020010
0021020101
0021020111
0021020200
0021020210
0021021100
0021021110
0021021111
0021021200
0021021201
0021021211
0021022000
0021022001
0021022010
0021022011
0021022100
0021022211
0021100110
0021100201
0021101000
0021101011
0021102101
0021102210
0021210100
0021210211
0021211001
0021211010
0021212111
0021212200
0022000000
0022000011
0022000101
0022000210
0022001101
0022001110
0022001201
0022001210
0022002000
0022002011
0022002110
0022002201
0022110001
0022110010
0022111111
0022111200
0022112100
0022112211
0022220110
0022220201
0022221000
0022221011
0022222101
0022222210
0100000101
0100000210
0100001110
0100001201
0100002000
0100002011
0100110100
0100110211
0100111001
0100111010
0100112111
0100112200
0100220111
0100220200
0100221100
0100221211
0100222001
0100222010
0101010000
0101010011
0101011101
0101011210
0101012110
0101012201
0101120001
0101120010
0101121111
0101121200
0101122100
0101122211
0101200100
0101200111
0101200200
0101200211
0101201001
0101201010
0101201100
0101201211
0101202001
0101202010
0101202111
0101202200
0102020000
0102020011
0102021101
0102021210
0102022110
0102022201
0102100110
0102100201
0102101000
0102101011
0102102101
0102102210
0102210001
0102210010
0102211111
0102211200
0102212100
0102212211
0110010111
0110010200
0110011100
0110011211
0110012001
0110012010
0110120110
0110120201
0110121000
0110121011
0110122101
0110122210
0110200000
0110200011
0110201101
0110201210
0110202110
0110202201
0111020101
0111020210
0111021110
0111021201
0111022000
0111022011
0111100100
0111100111
0111100200
0111100211
0111101001
0111101010
0111101100
0111101211
0111102001
0111102010
0111102111
0111102200
0111210001
0111210010
0111210110
0111210201
0111211000
0111211011
0111211111
0111211200
0111212100
0111212101
0111212210
0111212211
0112000001
0112000010
0112001111
0112001200
0112002100
0112002211
0112110000
0112110011
0112111101
0112111210
0112112110
0112112201
0112220100
0112220101
0112220210
0112220211
0112221001
0112221010
0112221110
0112221201
0112222000
0112222011
0112222111
0112222200
0120020001
0120020010
0120021111
0120021200
0120022100
0120022211
0120100001
0120100010
0120101111
0120101200
0120102100
0120102211
0120210110
0120210201
0120211000
0120211011
0120212101
0120212210
0121000110
0121000201
0121001000
0121001011
0121002101
0121002210
0121110101
0121110210
0121111110
0121111201
0121112000
0121112011
0121220000
0121220011
0121221101
0121221210
0121222110
0121222201
0122010100
0122010211
0122011001
0122011010
0122012111
0122012200
0122120111
0122120200
0122121100
0122121211
0122122001
0122122010
0122200101
0122200210
0122201110
0122201201
0122202000
0122202011
0200010001
0200010010
0200011111
0200011200
0200012100
0200012211
0200120111
0200120200
0200121100
0200121211
0200122001
0200122010
0200200110
0200200201
0200201000
0200201011
0200202101
0200202210
0201020100
0201020110
0201020201
0201020211
0201021000
0201021001
0201021010
0201021011
0201022101
0201022111
0201022200
0201022210
0201100101
0201100210
0201101110
0201101201
0201102000
0201102011
0201210000
0201210011
0201210101
0201210210
0201211101
0201211110
0201211201
0201211210
0201212000
0201212011
0201212110
0201212201
0202000111
0202000200
0202001100
0202001211
0202002001
0202002010
0202110100
0202110211
0202111001
0202111010
0202112111
0202112200
0202220000
0202220001
0202220010
0202220011
0202221101
0202221111
0202221200
0202221210
0202222100
0202222110
0202222201
0202222211
0210020000
0210020011
0210021101
0210021210
0210022110
0210022201
0210100101
0210100111
0210100200
0210100210
0210101100
0210101110
0210101201
0210101211
0210102000
0210102001
0210102010
0210102011
0210210100
0210210211
0210211001
0210211010
0210212111
0210212200
0211000000
0211000011
0211001101
0211001210
0211002110
0211002201
0211110001
0211110010
0211110110
0211110201
0211111000
0211111011
0211111111
0211111200
0211112100
0211112101
0211112210
0211112211
0211220111
0211220200
0211221100
0211221211
0211222001
0211222010
0212010101
0212010210
0212011110
0212011201
0212012000
0212012011
0212120001
0212120010
0212121111
0212121200
0212122100
0212122211
0212200110
0212200201
0212201000
0212201011
0212202101
0212202210
0220000100
0220000211
0220001001
0220001010
0220002111
0220002200
0220110000
0220110011
0220110110
0220110201
0220111000
0220111011
0220111101
0220111210
0220112101
0220112110
0220112201
0220112210
0220220101
0220220210
0220221110
0220221201
0220222000
0220222011
0221010111
0221010200
0221011100
0221011211
0221012001
0221012010
0221120100
0221120211
0221121001
0221121010
0221122111
0221122200
0221200001
0221200010
0221201111
0221201200
0221202100
0221202211
0222020110
0222020201
0222021000
0222021011
0222022101
0222022210
0222100000
0222100011
0222101101
0222101210
0222102110
0222102201
0222210111
0222210200
0222211100
0222211211
0222212001
0222212010
1000000111
1000000200
1000001100
1000001211
1000002001
1000002010
1000110110
1000110201
1000111000
1000111011
1000112101
1000112210
1000220000
1000220011
1000221101
1000221210
1000222110
1000222201
1001010101
1001010210
1001011110
1001011201
1001012000
1001012011
1001120100
1001120211
1001121001
1001121010
1001122111
1001122200
1001200000
1001200011
1001200110
1001200201
1001201000
1001201011
1001201101
1001201210
1001202101
1001202110
1001202201
1001202210
1002020001
1002020010
1002021111
1002021200
1002022100
1002022211
1002100111
1002100200
1002101100
1002101211
1002102001
1002102010
1002210100
1002210211
1002211001
1002211010
1002212111
1002212200
1010010000
1010010001
1010010010
1010010011
1010011101
1010011111
1010011200
1010011210
1010012100
1010012110
1010012201
1010012211
1010120111
1010120200
1010121100
1010121211
1010122001
1010122010
1010200100
1010200211
1010201001
1010201010
1010202111
1010202200
1011020110
1011020201
1011021000
1011021011
1011022101
1011022210
1011100001
1011100010
1011101111
1011101200
1011102100
1011102211
1011210111
1011210200
1011211100
1011211211
1011212001
1011212010
1012000000
1012000011
1012000101
1012000210
1012001101
1012001110
1012001201
1012001210
1012002000
1012002011
1012002110
1012002201
1012110100
1012110110
1012110201
1012110211
1012111000
1012111001
1012111010
1012111011
1012112101
1012112111
1012112200
1012112210
1012220101
1012220210
1012221110
1012221201
1012222000
1012222011
1020020110
1020020201
1020021000
1020021011
1020022101
1020022210
1020100101
1020100210
1020101110
1020101201
1020102000
1020102011
1020210001
1020210010
1020211111
1020211200
1020212100
1020212211
1021000100
1021000211
1021001001
1021001010
1021002111
1021002200
1021110000
1021110011
1021111101
1021111210
1021112110
1021112201
1021220101
1021220111
1021220200
1021220210
1021221100
1021221110
1021221201
1021221211
1021222000
1021222001
1021222010
1021222011
1022010111
1022010200
1022011100
1022011211
1022012001
1022012010
1022120000
1022120011
1022121101
1022121210
1022122110
1022122201
1022200001
1022200010
1022200110
1022200201
1022201000
1022201011
1022201111
1022201200
1022202100
1022202101
1022202210
1022202211
1100010110
1100010201
1100011000
1100011011
1100012101
1100012210
1100120000
1100120011
1100120101
1100120210
1100121101
1100121110
1100121201
1100121210
1100122000
1100122011
1100122110
1100122201
1100200001
1100200010
1100201111
1100201200
1100202100
1100202211
1101020111
1101020200
1101021100
1101021211
1101022001
1101022010
1101100000
1101100011
1101101101
1101101210
1101102110
1101102201
1101210100
1101210211
1101211001
1101211010
1101212111
1101212200
1102000100
1102000211
1102001001
1102001010
1102002111
1102002200
1102110001
1102110010
1102110101
1102110111
1102110200
1102110210
1102111100
1102111110
1102111111
1102111200
1102111201
1102111211
1102112000
1102112001
1102112010
1102112011
1102112100
1102112211
1102220110
1102220201
1102221000
1102221011
1102222101
1102222210
1110020100
1110020211
1110021001
1110021010
1110022111
1110022200
1110100110
1110100201
1110101000
1110101011
1110102101
1110102210
1110210101
1110210210
1110211110
1110211201
1110212000
1110212011
1111000101
1111000210
1111001110
1111001201
1111002000
1111002011
1111110100
1111110211
1111111001
1111111010
1111112111
1111112200
1111220000
1111220001
1111220010
1111220011
1111221101
1111221111
1111221200
1111221210
1111222100
1111222110
1111222201
1111222211
1112010110
1112010201
1112011000
1112011011
1112012101
1112012210
1112120001
1112120010
1112121111
1112121200
1112122100
1112122211
1112200111
1112200200
1112201100
1112201211
1112202001
1112202010
1120000000
1120000011
1120000111
1120000200
1120001100
1120001101
1120001210
1120001211
1120002001
1120002010
1120002110
1120002201
1120110111
1120110200
1120111100
1120111211
1120112001
1120112010
1120220100
1120220211
1120221001
1120221010
1120222111
1120222200
1121010001
1121010010
1121011111
1121011200
1121012100
1121012211
1121120110
1121120201
1121121000
1121121011
1121122101
1121122210
1121200101
1121200210
1121201110
1121201201
1121202000
1121202011
1122020101
1122020210
1122021110
1122021201
1122022000
1122022011
1122100100
1122100211
1122101001
1122101010
1122102111
1122102200
1122210000
1122210011
1122211101
1122211210
1122212110
1122212201
1200020101
1200020210
1200021110
1200021201
1200022000
1200022011
1200100100
1200100211
1200101001
1200101010
1200102111
1200102200
1200210111
1200210200
1200211100
1200211211
1200212001
1200212010
1201000110
1201000201
1201001000
1201001011
1201002101
1201002210
1201110001
1201110010
1201111111
1201111200
1201112100
1201112211
1201220001
1201220010
1201221111
1201221200
1201222100
1201222211
1202010000
1202010011
1202011101
1202011210
1202012110
1202012201
1202120110
1202120201
1202121000
1202121011
1202122101
1202122210
1202200101
1202200210
1202201110
1202201201
1202202000
1202202011
1210000001
1210000010
1210001111
1210001200
1210002100
1210002211
1210110000
1210110011
1210111101
1210111210
1210112110
1210112201
1210220110
1210220201
1210221000
1210221011
1210222101
1210222210
1211010111
1211010200
1211011100
1211011211
1211012001
1211012010
1211120101
1211120210
1211121110
1211121201
1211122000
1211122011
1211200100
1211200211
1211201001
1211201010
1211202111
1211202200
1212020100
1212020111
1212020200
1212020211
1212021001
1212021010
1212021100
1212021211
1212022001
1212022010
1212022111
1212022200
1212100000
1212100011
1212101101
1212101210
1212102110
1212102201
1212210001
1212210010
1212211111
1212211200
1212212100
1212212211
1220010100
1220010101
1220010210
1220010211
1220011001
1220011010
1220011110
1220011201
1220012000
1220012011
1220012111
1220012200
1220120001
1220120010
1220121111
1220121200
1220122100
1220122211
1220200000
1220200011
1220201101
1220201210
1220202110
1220202201
1221020000
1221020011
1221021101
1221021210
1221022110
1221022201
1221100111
1221100200
1221101100
1221101211
1221102001
1221102010
1221210110
1221210201
1221211000
1221211011
1221212101
1221212210
1222000001
1222000010
1222000110
1222000201
1222001000
1222001011
1222001111
1222001200
1222002100
1222002101
1222002210
1222002211
1222110101
1222110210
1222111110
1222111201
1222112000
1222112011
1222220100
1222220111
1222220200
1222220211
1222221001
1222221010
1222221100
1222221211
1222222001
1222222010
1222222111
1222222200
2000010100
2000010111
2000010200
2000010211
2000011001
2000011010
2000011100
2000011211
2000012001
2000012010
2000012111
2000012200
2000120001
2000120010
2000120110
2000120201
2000121000
2000121011
2000121111
2000121200
2000122100
2000122101
2000122210
2000122211
2000200101
2000200210
2000201110
2000201201
2000202000
2000202011
2001020000
2001020011
2001021101
2001021210
2001022110
2001022201
2001100100
2001100101
2001100210
2001100211
2001101001
2001101010
2001101110
2001101201
2001102000
2001102011
2001102111
2001102200
2001210001
2001210010
2001211111
2001211200
2001212100
2001212211
2002000110
2002000201
2002001000
2002001011
2002002101
2002002210
2002110000
2002110011
2002111101
2002111210
2002112110
2002112201
2002220111
2002220200
2002221100
2002221211
2002222001
2002222010
2010020101
2010020210
2010021110
2010021201
2010022000
2010022011
2010100000
2010100011
2010101101
2010101210
2010102110
2010102201
2010210110
2010210201
2010211000
2010211011
2010212101
2010212210
2011000111
2011000200
2011001100
2011001211
2011002001
2011002010
2011110101
2011110210
2011111110
2011111201
2011112000
2011112011
2011220100
2011220211
2011221001
2011221010
2011222111
2011222200
2012010001
2012010010
2012011111
2012011200
2012012100
2012012211
2012120110
2012120201
2012121000
2012121011
2012122101
2012122210
2012200001
2012200010
2012201111
2012201200
2012202100
2012202211
2020000001
2020000010
2020001111
2020001200
2020002100
2020002211
2020110100
2020110111
2020110200
2020110211
2020111001
2020111010
2020111100
2020111211
2020112001
2020112010
2020112111
2020112200
2020220000
2020220011
2020221101
2020221210
2020222110
2020222201
2021010110
2021010201
2021011000
2021011011
2021012101
2021012210
2021120001
2021120010
2021121111
2021121200
2021122100
2021122211
2021200000
2021200011
2021201101
2021201210
2021202110
2021202201
2022020100
2022020211
2022021001
2022021010
2022022111
2022022200
2022100111
2022100200
2022101100
2022101211
2022102001
2022102010
2022210101
2022210210
2022211110
2022211201
2022212000
2022212011
2100020001
2100020010
2100020110
2100020201
2100021000
2100021011
2100021111
2100021200
2100022100
2100022101
2100022210
2100022211
2100100111
2100100200
2100101100
2100101211
2100102001
2100102010
2100210000
2100210011
2100211101
2100211210
2100212110
2100212201
2101000001
2101000010
2101001111
2101001200
2101002100
2101002211
2101110110
2101110201
2101111000
2101111011
2101112101
2101112210
2101220101
2101220210
2101221110
2101221201
2101222000
2101222011
2102010101
2102010111
2102010200
2102010210
2102011100
2102011110
2102011201
2102011211
2102012000
2102012001
2102012010
2102012011
2102120100
2102120211
2102121001
2102121010
2102122111
2102122200
2102200000
2102200011
2102201101
2102201210
2102202110
2102202201
2110000100
2110000211
2110001001
2110001010
2110002111
2110002200
2110110001
2110110010
2110111111
2110111200
2110112100
2110112211
2110220111
2110220200
2110221100
2110221211
2110222001
2110222010
2111010000
2111010011
2111011101
2111011210
2111012110
2111012201
2111120111
2111120200
2111121100
2111121211
2111122001
2111122010
2111200110
2111200201
2111201000
2111201011
2111202101
2111202210
2112020000
2112020011
2112020110
2112020201
2112021000
2112021011
2112021101
2112021210
2112022101
2112022110
2112022201
2112022210
2112100101
2112100210
2112101110
2112101201
2112102000
2112102011
2112210100
2112210211
2112211001
2112211010
2112212111
2112212200
2120010101
2120010210
2120011110
2120011201
2120012000
2120012011
2120120000
2120120011
2120120101
2120120210
2120121101
2120121110
2120121201
2120121210
2120122000
2120122011
2120122110
2120122201
2120200100
2120200110
2120200201
2120200211
2120201000
2120201001
2120201010
2120201011
2120202101
2120202111
2120202200
2120202210
2121020100
2121020211
2121021001
2121021010
2121022111
2121022200
2121100000
2121100001
2121100010
2121100011
2121101101
2121101111
2121101200
2121101210
2121102100
2121102110
2121102201
2121102211
2121210111
2121210200
2121211100
2121211211
2121212001
2121212010
2122000111
2122000200
2122001100
2122001211
2122002001
2122002010
2122110110
2122110201
2122111000
2122111011
2122112101
2122112210
2122220001
2122220010
2122221111
2122221200
2122222100
2122222211
2200000000
2200000011
2200001101
2200001210
2200002110
2200002201
2200110101
2200110210
2200111110
2200111201
2200112000
2200112011
2200220100
2200220211
2200221001
2200221010
2200222111
2200222200
2201010100
2201010211
2201011001
2201011010
2201012111
2201012200
2201120000
2201120011
2201120111
2201120200
2201121100
2201121101
2201121210
2201121211
2201122001
2201122010
2201122110
2201122201
2201200111
2201200200
2201201100
2201201211
2201202001
2201202010
2202020101
2202020210
2202021110
2202021201
2202022000
2202022011
2202100001
2202100010
2202101111
2202101200
2202102100
2202102211
2202210110
2202210201
2202211000
2202211011
2202212101
2202212210
2210010110
2210010201
2210011000
2210011011
2210012101
2210012210
2210120100
2210120211
2210121001
2210121010
2210122111
2210122200
2210200001
2210200010
2210200101
2210200111
2210200200
2210200210
2210201100
2210201110
2210201111
2210201200
2210201201
2210201211
2210202000
2210202001
2210202010
2210202011
2210202100
2210202211
2211020001
2211020010
2211021111
2211021200
2211022100
2211022211
2211100110
2211100201
2211101000
2211101011
2211102101
2211102210
2211210000
2211210011
2211210101
2211210210
2211211101
2211211110
2211211201
2211211210
2211212000
2211212011
2211212110
2211212201
2212000100
2212000211
2212001001
2212001010
2212002111
2212002200
2212110111
2212110200
2212111100
2212111211
2212112001
2212112010
2212220000
2212220011
2212221101
2212221210
2212222110
2212222201
2220020111
2220020200
2220021100
2220021211
2220022001
2220022010
2220100110
2220100201
2220101000
2220101011
2220102101
2220102210
2220210001
2220210010
2220211111
2220211200
2220212100
2220212211
2221000101
2221000210
2221001110
2221001201
2221002000
2221002011
2221110100
2221110211
2221111001
2221111010
2221112111
2221112200
2221220110
2221220201
2221221000
2221221011
2221222101
2221222210
2222010000
2222010001
2222010010
2222010011
2222011101
2222011111
2222011200
2222011210
2222012100
2222012110
2222012201
2222012211
2222120101
2222120210
2222121110
2222121201
2222122000
2222122011
2222200100
2222200211
2222201001
2222201010
2222202111
2222202200