00000000010
00000000101
00000010011
00000010100
00000111000
00000111001
00000111110
00000111111
00000201010
00000201101
00000222011
00000222100
00001012011
00001012100
00001021000
00001021001
00001021110
00001021111
00001102000
00001102001
00001102110
00001102111
00001120010
00001120101
00001200011
00001200100
00002001000
00002001001
00002001110
00002001111
00002021010
00002021101
00002022000
00002022001
00002022110
00002022111
00002102011
00002102100
00002210010
00002210101
00002221000
00002221001
00002221110
00002221111
00010020000
00010020001
00010020110
00010020111
00010022000
00010022001
00010022110
00010022111
00010100011
00010100100
00010111000
00010111001
00010111110
00010111111
00010212010
00010212101
00011020000
00011020001
00011020110
00011020111
00011101010
00011101101
00011212000
00011212001
00011212010
00011212101
00011212110
00011212111
00011221011
00011221100
00012001011
00012001100
00012011010
00012011011
00012011100
00012011101
00012021100
00012122010
00012122101
00012200000
00012200001
00012200110
00012200111
00020022000
00020022001
00020022110
00020022111
00020121010
00020121101
00020202011
00020202100
00020210000
00020210001
00020210110
00020210111
00021002010
00021002101
00021020000
00021020001
00021020110
00021020111
00021110011
00021110100
00021111011
00021111100
00021122011
00021122100
00021201000
00021201001
00021201110
00021201111
00022001011
00022001100
00022011010
00022011101
00022021001
00022021111
00022100010
00022100101
00022112000
00022112001
00022112110
00022112111
00022220011
00022220100
00100022010
00100022101
00100120011
00100120100
00100121011
00100121100
00100202000
00100202001
00100202110
00100202111
00100212000
00100212001
00100212110
00100212111
00101001011
00101001100
00101111010
00101111101
00101112010
00101112101
00101211010
00101211101
00101220000
00101220001
00101220110
00101220111
00102002010
00102002101
00102010000
00102010001
00102010110
00102010111
00102110000
00102110001
00102110110
00102110111
00102121011
00102121100
00102200011
00102200100
00110012011
00110012100
00110102010
00110102101
00110111000
00110111001
00110111110
00110111111
00110201011
00110201100
00110220010
00110220101
00111002000
00111002001
00111002110
00111002111
00111021010
00111021101
00111100000
00111100001
00111100110
00111100111
00111122011
00111122100
00111201100
00111210011
00111210100
00112010000
00112010001
00112010110
00112010111
00112120011
00112120100
00112121011
00112121100
00112201010
00112201101
00112222000
00112222001
00112222110
00112222111
00120000000
00120000001
00120000011
00120000100
00120000110
00120000111
00120001010
00120001101
00120110010
00120110101
00120122011
00120122100
00120221000
00120221001
00120221110
00120221111
00121011000
00121011001
00121011110
00121011111
00121022011
00121022100
00121102011
00121102100
00121122000
00121122001
00121122011
00121122100
00121122110
00121122111
00121200010
00121200101
00122020010
00122020101
00122101000
00122101001
00122101110
00122101111
00122210100
00122211011
00122211100
00122212010
00122212011
00122212100
00122212101
00200002011
00200002100
00200011010
00200011101
00200100000
00200100001
00200100110
00200100111
00200122000
00200122001
00200122110
00200122111
00200211011
00200211100
00200220010
00200220101
00201012000
00201012001
00201012110
00201012111
00201020011
00201020100
00201201000
00201201001
00201201110
00201201111
00201222010
00201222101
00202021000
00202021001
00202021110
00202021111
00202101010
00202101101
00202112011
00202112100
00202200011
00202200100
00202222010
00202222101
00210001000
00210001001
00210001110
00210001111
00210112011
00210112100
00210120010
00210120101
00210200010
00210200101
00210220011
00210220100
00210221010
00210221101
00211000010
00211000101
00211010010
00211010101
00211110010
00211110101
00211121000
00211121001
00211121110
00211121111
00211202011
00211202100
00212000010
00212000101
00212022011
00212022100
00212102000
00212102001
00212102110
00212102111
00212110010
00212110101
00212211000
00212211001
00212211110
00212211111
00212220010
00212220101
00220012010
00220012101
00220021011
00220021100
00220102010
00220102101
00220210000
00220210001
00220210110
00220210111
00221100011
00221100100
00221101011
00221101100
00221111011
00221111100
00221210000
00221210001
00221210110
00221210111
00221221010
00221221101
00221222010
00221222101
00222002000
00222002001
00222002110
00222002111
00222010011
00222010100
00222120000
00222120001
00222120110
00222120111
00222202000
00222202001
00222202110
00222202111
00222221010
00222221101
01000001011
01000001100
01000012010
01000012101
01000110010
01000110101
01000112011
01000112100
01000122010
01000122101
01000220000
01000220001
01000220110
01000220111
01001010000
01001010001
01001010110
01001010111
01001121011
01001121100
01001202010
01001202101
01001211000
01001211001
01001211110
01001211111
01002000010
01002000101
01002021000
01002021001
01002021110
01002021111
01002100000
01002100001
01002100110
01002100111
01002112010
01002112101
01002211011
01002211100
01002222011
01002222100
01010021010
01010021101
01010102000
01010102001
01010102110
01010102111
01010201000
01010201001
01010201110
01010201111
01010202000
01010202001
01010202110
01010202111
01010210011
01010210100
01011000011
01011000100
01011002011
01011002100
01011022011
01011022100
01011101010
01011101101
01011111010
01011111101
01011220010
01011220101
01012012000
01012012001
01012012110
01012012111
01012110011
01012110100
01012121000
01012121001
01012121110
01012121111
01012220010
01012220101
01020011000
01020011001
01020011110
01020011111
01020020011
01020020100
01020112010
01020112101
01020120011
01020120100
01020200010
01020200101
01020221011
01020221100
01021010010
01021010101
01021100000
01021100001
01021100110
01021100111
01021212011
01021212100
01021222000
01021222001
01021222110
01021222111
01022022010
01022022101
01022102011
01022102100
01022121000
01022121001
01022121110
01022121111
01022201010
01022201101
01022210000
01022210001
01022210110
01022210111
01100020010
01100020101
01100101000
01100101001
01100101010
01100101101
01100101110
01100101111
01100200011
01100200100
01100212000
01100212001
01100212110
01100212111
01101022000
01101022001
01101022110
01101022111
01101101000
01101101001
01101101110
01101101111
01101110011
01101110100
01101202010
01101202101
01102011010
01102011101
01102012011
01102012100
01102122000
01102122001
01102122110
01102122111
01102200011
01102200100
01102221010
01102221101
01110010010
01110010101
01110120000
01110120001
01110120110
01110120111
01110211010
01110211101
01110222011
01110222100
01111000011
01111000100
01111011011
01111011100
01111020011
01111020100
01111112000
01111112001
01111112110
01111112111
01111202010
01111202101
01111221000
01111221001
01111221110
01111221111
01112001000
01112001001
01112001110
01112001111
01112022010
01112022101
01112100010
01112100101
01112112011
01112112100
01112210000
01112210001
01112210110
01112210111
01120000000
01120000001
01120000110
01120000111
01120002000
01120002001
01120002011
01120002100
01120002110
01120002111
01120111011
01120111100
01120222010
01120222101
01121012010
01121012101
01121120010
01121120101
01121121010
01121121101
01121122011
01121122100
01121201011
01121201100
01121210000
01121210001
01121210110
01121210111
01122021011
01122021100
01122102010
01122102101
01122110000
01122110001
01122110110
01122110111
01122210010
01122210101
01122211000
01122211001
01122211110
01122211111
01122220000
01122220001
01122220110
01122220111
01200010000
01200010001
01200010110
01200010111
01200022011
01200022100
01200112010
01200112101
01200200011
01200200100
01200221000
01200221001
01200221110
01200221111
01201001010
01201001101
01201011011
01201011100
01201021010
01201021101
01201102011
01201102100
01201120000
01201120001
01201120110
01201120111
01201210010
01201210101
01202002000
01202002001
01202002110
01202002111
01202111000
01202111001
01202111110
01202111111
01202120010
01202120011
01202120100
01202120101
01202202000
01202202001
01202202110
01202202111
01210002010
01210002101
01210011011
01210011100
01210101011
01210101100
01210110000
01210110001
01210110110
01210110111
01210121011
01210121100
01210220010
01210220101
01211011000
01211011001
01211011110
01211011111
01211012011
01211012100
01211021011
01211021100
01211122010
01211122101
01211200000
01211200001
01211200110
01211200111
01211211011
01211211100
01212020000
01212020001
01212020110
01212020111
01212101011
01212101100
01212201011
01212201100
01212212010
01212212101
01212221011
01212221100
01220100010
01220100101
01220122000
01220122001
01220122110
01220122111
01220211010
01220211101
01220212011
01220212100
01221001000
01221001001
01221001010
01221001101
01221001110
01221001111
01221021000
01221021001
01221021110
01221021111
01221112000
01221112001
01221112110
01221112111
01221220011
01221220100
01222000011
01222000100
01222010011
01222010100
01222022010
01222022101
01222111010
01222111101
01222202000
01222202001
01222202110
01222202111
02000002000
02000002001
02000002110
02000002111
02000112010
02000112101
02000120000
02000120001
02000120110
02000120111
02000200011
02000200100
02000221010
02000221101
02001011010
02001011101
02001022010
02001022101
02001100011
02001100100
02001122000
02001122001
02001122110
02001122111
02001200000
02001200001
02001200110
02001200111
02001201011
02001201100
02001210011
02001210100
02002020011
02002020100
02002101010
02002101101
02002111011
02002111100
02002212000
02002212001
02002212110
02002212111
02010010010
02010010101
02010100010
02010100101
02010122011
02010122100
02010211011
02010211100
02011001000
02011001001
02011001110
02011001111
02011110000
02011110001
02011110110
02011110111
02011112011
02011112100
02011220010
02011220101
02012002010
02012002101
02012020011
02012020100
02012121000
02012121001
02012121110
02012121111
02012202010
02012202011
02012202100
02012202101
02012221000
02012221001
02012221110
02012221111
02020001010
02020001101
02020012011
02020012100
02020101000
02020101001
02020101011
02020101100
02020101110
02020101111
02020210000
02020210001
02020210110
02020210111
02020222010
02020222101
02021012000
02021012001
02021012110
02021012111
02021021011
02021021100
02021102010
02021102101
02021200011
02021200100
02021211010
02021211101
02022000000
02022000001
02022000110
02022000111
02022012011
02022012100
02022110010
02022110101
02022120010
02022120101
02022221000
02022221001
02022221110
02022221111
02100011000
02100011001
02100011011
02100011100
02100011110
02100011111
02100021000
02100021001
02100021110
02100021111
02100102011
02100102100
02100210010
02100210101
02101000000
02101000001
02101000010
02101000101
02101000110
02101000111
02101100010
02101100101
02101212011
02101212100
02101221011
02101221100
02101222011
02101222100
02102020011
02102020100
02102110000
02102110001
02102110110
02102110111
02102122010
02102122101
02102201000
02102201001
02102201110
02102201111
02110001010
02110001101
02110021000
02110021001
02110021011
02110021100
02110021110
02110021111
02110110011
02110110100
02110122010
02110122101
02110200000
02110200001
02110200110
02110200111
02111012010
02111012101
02111101011
02111101100
02111211000
02111211001
02111211110
02111211111
02111220010
02111220101
02112002011
02112002100
02112010000
02112010001
02112010110
02112010111
02112102000
02112102001
02112102110
02112102111
02112111010
02112111101
02112202011
02112202100
02112220010
02112220101
02120001000
02120001111
02120002010
02120002101
02120011010
02120011101
02120112000
02120112001
02120112110
02120112111
02120201010
02120201101
02120220011
02120220100
02121010011
02121010100
02121120000
02121120001
02121120110
02121120111
02121121000
02121121001
02121121010
02121121101
02121121110
02121121111
02121202000
02121202001
02121202110
02121202111
02122001010
02122001101
02122022000
02122022001
02122022110
02122022111
02122100011
02122100100
02122210001
02122210111
02122211011
02122211100
02122212010
02122212101
02200022011
02200022100
02200110011
02200110100
02200121010
02200121101
02200202010
02200202101
02201000000
02201000001
02201000110
02201000111
02201100010
02201100101
02201111000
02201111001
02201111110
02201111111
02201200011
02201200100
02201212011
02201212100
02201221011
02201221100
02202001011
02202001100
02202010010
02202010101
02202012010
02202012101
02202102000
02202102001
02202102110
02202102111
02202211010
02202211101
02202220000
02202220001
02202220110
02202220111
02210000011
02210000100
02210012000
02210012001
02210012110
02210012111
02210111010
02210111101
02210212000
02210212001
02210212110
02210212111
02210222000
02210222001
02210222110
02210222111
02211011011
02211011100
02211022000
02211022001
02211022110
02211022111
02211102000
02211102001
02211102110
02211102111
02211120011
02211120100
02211201010
02211201101
02211222000
02211222001
02211222110
02211222111
02212002100
02212021010
02212021101
02212100000
02212100001
02212100110
02212100111
02212102010
02212102101
02212112000
02212112001
02212112110
02212112111
02212202001
02212202111
02212210011
02212210100
02220020000
02220020001
02220020010
02220020101
02220020110
02220020111
02220101000
02220101001
02220101110
02220101111
02220110011
02220110100
02220201000
02220201001
02220201011
02220201100
02220201110
02220201111
02221002011
02221002100
02221020010
02221020101
02221112010
02221112101
02221210000
02221210001
02221210110
02221210111
02222011000
02222011001
02222011110
02222011111
02222121011
02222121100
02222122011
02222122100
02222200010
02222200101
02222222011
02222222100
10000012000
10000012001
10000012110
10000012111
10000101011
10000101100
10000122010
10000122101
10000220011
10000220100
10001010010
10001010101
10001022011
10001022100
10001101011
10001101100
10001110000
10001110001
10001110110
10001110111
10001210000
10001210001
10001210110
10001210111
10001221010
10001221101
10002000011
10002000100
10002021000
10002021001
10002021110
10002021111
10002111010
10002111101
10002202000
10002202001
10002202010
10002202101
10002202110
10002202111
10002212011
10002212100
10010001010
10010001101
10010002010
10010002011
10010002100
10010002101
10010110010
10010110101
10010221000
10010221001
10010221110
10010221111
10011011000
10011011001
10011011110
10011011111
10011120011
10011120100
10011122000
10011122001
10011122110
10011122111
10011200010
10011200101
10011212011
10011212100
10012020010
10012020101
10012101000
10012101001
10012101110
10012101111
10012112011
10012112100
10012210011
10012210100
10012212000
10012212111
10012222011
10012222100
10020011011
10020011100
10020100000
10020100001
10020100110
10020100111
10020102000
10020102001
10020102110
10020102111
10020111100
10020120000
10020120001
10020120110
10020120111
10020211010
10020211011
10020211100
10020211101
10021000011
10021000100
10021021010
10021021101
10021112010
10021112101
10021201000
10021201001
10021201110
10021201111
10022010000
10022010001
10022010110
10022010111
10022121011
10022121100
10022202010
10022202101
10022222000
10022222001
10022222010
10022222101
10022222110
10022222111
10100001000
10100001001
10100001110
10100001111
10100010010
10100010101
10100100010
10100100101
10100112011
10100112100
10100200010
10100200101
10100222000
10100222001
10100222110
10100222111
10101010011
10101010100
10101011010
10101011101
10101020010
10101020101
10101121000
10101121001
10101121110
10101121111
10101202011
10101202100
10101210010
10101210101
10102022011
10102022100
10102100010
10102100101
10102120010
10102120101
10102211000
10102211001
10102211110
10102211111
10102220010
10102220101
10110020011
10110020100
10110121010
10110121101
10110201011
10110201100
10110210000
10110210001
10110210110
10110210111
10111000000
10111000001
10111000110
10111000111
10111002000
10111002001
10111002110
10111002111
10111100000
10111100001
10111100110
10111100111
10111111011
10111111100
10111201001
10111201111
10111222010
10111222101
10112012010
10112012101
10112021000
10112021001
10112021110
10112021111
10112112000
10112112001
10112112010
10112112101
10112112110
10112112111
10112201010
10112201011
10112201100
10112201101
10120011011
10120011100
10120022010
10120022101
10120102000
10120102001
10120102110
10120102111
10120111001
10120111111
10120120000
10120120001
10120120110
10120120111
10120211010
10120211101
10121010010
10121010101
10121101010
10121101101
10121122011
10121122100
10121212000
10121212001
10121212110
10121212111
10121220011
10121220100
10121221011
10121221100
10122002011
10122002100
10122021000
10122021001
10122021110
10122021111
10122110011
10122110100
10122200000
10122200001
10122200110
10122200111
10200020000
10200020001
10200020110
10200020111
10200021010
10200021101
10200101011
10200101100
10200212010
10200212101
10201002010
10201002101
10201102010
10201102101
10201110000
10201110001
10201110011
10201110100
10201110110
10201110111
10201201000
10201201001
10201201110
10201201111
10201210011
10201210100
10202000000
10202000001
10202000110
10202000111
10202011011
10202011100
10202122000
10202122001
10202122110
10202122111
10202221011
10202221100
10210010011
10210010100
10210111000
10210111001
10210111110
10210111111
10210122011
10210122100
10210202000
10210202001
10210202110
10210202111
10210220010
10210220101
10211001011
10211001100
10211021011
10211021100
10211102010
10211102101
10211211010
10211211101
10211220000
10211220001
10211220110
10211220111
10212012000
10212012001
10212012010
10212012101
10212012110
10212012111
10212100011
10212100100
10212121010
10212121101
10212212011
10212212100
10212220000
10212220001
10212220110
10212220111
10220000010
10220000101
10220011000
10220011001
10220011110
10220011111
10220111010
10220111101
10220112000
10220112001
10220112110
10220112111
10220121000
10220121001
10220121110
10220121111
10220200011
10220200100
10220222011
10220222100
10221012011
10221012100
10221022000
10221022001
10221022110
10221022111
10221120010
10221120101
10221201000
10221201001
10221201110
10221201111
10222001010
10222001101
10222020011
10222020100
10222102011
10222102100
10222111000
10222111001
10222111110
10222111111
10222210010
10222210101
11000000000
11000000001
11000000110
11000000111
11000011010
11000011101
11000121000
11000121001
11000121110
11000121111
11000202011
11000202100
11000210010
11000210101
11001001000
11001001001
11001001110
11001001111
11001002000
11001002001
11001002110
11001002111
11001100010
11001100101
11001112011
11001112100
11001221010
11001221101
11002010011
11002010100
11002022010
11002022101
11002101011
11002101100
11002112000
11002112001
11002112110
11002112111
11002220000
11002220001
11002220110
11002220111
11010000010
11010000101
11010001100
11010002001
11010002111
11010010000
11010010001
11010010110
11010010111
11010111011
11010111100
11010200000
11010200001
11010200110
11010200111
11010222010
11010222101
11011012010
11011012101
11011120000
11011120001
11011120011
11011120100
11011120110
11011120111
11011122000
11011122001
11011122110
11011122111
11011201011
11011201100
11012000000
11012000001
11012000110
11012000111
11012021011
11012021100
11012102010
11012102101
11012211000
11012211001
11012211010
11012211101
11012211110
11012211111
11012212011
11012212100
11020020011
11020020100
11020022011
11020022100
11020101010
11020101101
11020122011
11020122100
11020212000
11020212001
11020212110
11020212111
11021002000
11021002001
11021002110
11021002111
11021021010
11021021101
11021111000
11021111001
11021111110
11021111111
11021210011
11021210100
11021221010
11021221101
11022001000
11022001001
11022001110
11022001111
11022002000
11022002001
11022002110
11022002111
11022110010
11022110101
11022120010
11022120101
11022200011
11022200100
11100002010
11100002101
11100021011
11100021100
11100110000
11100110001
11100110110
11100110111
11100211011
11100211100
11100221011
11100221100
11101010010
11101010101
11101021011
11101021100
11101122010
11101122101
11101200000
11101200001
11101200110
11101200111
11101211011
11101211100
11102001011
11102001100
11102020000
11102020001
11102020110
11102020111
11102101000
11102101001
11102101011
11102101100
11102101110
11102101111
11102102011
11102102100
11102111011
11102111100
11102212010
11102212101
11110011000
11110011001
11110011110
11110011111
11110012000
11110012001
11110012110
11110012111
11110022000
11110022001
11110022110
11110022111
11110100011
11110100100
11110102011
11110102100
11110121010
11110121101
11111001010
11111001101
11111102011
11111102100
11111110010
11111110101
11111210010
11111210101
11111221000
11111221001
11111221110
11111221111
11112010011
11112010100
11112121010
11112121101
11112202000
11112202001
11112202110
11112202111
11112220011
11112220100
11120100011
11120100100
11120112010
11120112101
11120201000
11120201001
11120201110
11120201111
11120220010
11120220101
11121012011
11121012100
11121020000
11121020001
11121020110
11121020111
11121100011
11121100100
11121111000
11121111001
11121111110
11121111111
11121202010
11121202101
11122000010
11122000101
11122011010
11122011101
11122101011
11122101100
11122122000
11122122001
11122122110
11122122111
11122210000
11122210001
11122210110
11122210111
11122222011
11122222100
11200012011
11200012100
11200102000
11200102001
11200102110
11200102111
11200120010
11200120011
11200120100
11200120101
11200201010
11200201101
11201000011
11201000100
11201111010
11201111101
11201212000
11201212001
11201212110
11201212111
11201222000
11201222001
11201222011
11201222100
11201222110
11201222111
11202011000
11202011001
11202011110
11202011111
11202022010
11202022101
11202120011
11202120100
11202200010
11202200101
11202201010
11202201101
11210000000
11210000001
11210000110
11210000111
11210021000
11210021001
11210021110
11210021111
11210022000
11210022001
11210022110
11210022111
11210112010
11210112101
11210201010
11210201101
11210210011
11210210100
11211011011
11211011100
11211020010
11211020101
11211101000
11211101001
11211101110
11211101111
11211212000
11211212001
11211212110
11211212111
11211222011
11211222100
11212002011
11212002100
11212110000
11212110001
11212110110
11212110111
11212121010
11212121101
11212200010
11212200101
11220001011
11220001100
11220010010
11220010101
11220111000
11220111001
11220111110
11220111111
11220202010
11220202101
11220220000
11220220001
11220220110
11220220111
11221010000
11221010001
11221010110
11221010111
11221102010
11221102101
11221121011
11221121100
11221200010
11221200101
11221202010
11221202011
11221202100
11221202101
11221212010
11221212101
11222022010
11222022101
11222100000
11222100001
11222100110
11222100111
11222112011
11222112100
11222211011
11222211100
11222221000
11222221001
11222221110
11222221111
12000020010
12000020101
12000102010
12000102101
12000110011
12000110100
12000201000
12000201001
12000201110
12000201111
12000211000
12000211001
12000211110
12000211111
12000222000
12000222001
12000222110
12000222111
12001011011
12001011100
12001020000
12001020001
12001020110
12001020111
12001121010
12001121101
12001200011
12001200100
12001212010
12001212101
12002001010
12002001101
12002100000
12002100001
12002100110
12002100111
12002122011
12002122100
12002221011
12002221100
12010000000
12010000001
12010000110
12010000111
12010001011
12010001100
12010002011
12010002100
12010112000
12010112001
12010112110
12010112111
12010121010
12010121101
12010220011
12010220100
12011010011
12011010100
12011021010
12011021101
12011101010
12011101101
12011121010
12011121011
12011121100
12011121101
12011122010
12011122101
12011202000
12011202001
12011202110
12011202111
12012022000
12012022001
12012022110
12012022111
12012100011
12012100100
12012210000
12012210001
12012210010
12012210101
12012210110
12012210111
12012211010
12012211101
12020012010
12020012101
12020021000
12020021001
12020021110
12020021111
12020110011
12020110100
12020200010
12020200101
12021000010
12021000101
12021102011
12021102100
12021111000
12021111001
12021111110
12021111111
12021220000
12021220001
12021220110
12021220111
12021222011
12021222100
12022012010
12022012011
12022012100
12022012101
12022111000
12022111001
12022111110
12022111111
12022120010
12022120101
12022201011
12022201100
12100000011
12100000100
12100111010
12100111101
12100122000
12100122001
12100122110
12100122111
12100202100
12100212001
12100212111
12100220000
12100220001
12100220110
12100220111
12100222010
12100222101
12101012000
12101012001
12101012110
12101012111
12101102000
12101102001
12101102110
12101102111
12101112000
12101112001
12101112110
12101112111
12101120011
12101120100
12101201010
12101201101
12102002000
12102002001
12102002110
12102002111
12102012000
12102012001
12102012110
12102012111
12102021010
12102021101
12102101011
12102101100
12102210011
12102210100
12102222000
12102222001
12102222110
12102222111
12110020010
12110020101
12110101000
12110101001
12110101110
12110101111
12110202010
12110202101
12110212010
12110212011
12110212100
12110212101
12111022011
12111022100
12111110010
12111110101
12111200011
12111200100
12111211000
12111211001
12111211110
12111211111
12111221000
12111221001
12111221110
12111221111
12112000010
12112000101
12112011011
12112011100
12112120000
12112120001
12112120110
12112120111
12112122011
12112122100
12120001010
12120001101
12120010000
12120010001
12120010110
12120010111
12120121011
12120121100
12120202011
12120202100
12120212011
12120212100
12120222000
12120222001
12120222110
12120222111
12121001000
12121001001
12121001011
12121001100
12121001110
12121001111
12121022010
12121022101
12121110010
12121110101
12121210010
12121210101
12122020011
12122020100
12122102010
12122102101
12122111000
12122111001
12122111110
12122111111
12122200000
12122200001
12122200110
12122200111
12122221010
12122221101
12200012011
12200012100
12200022011
12200022100
12200101011
12200101100
12200200000
12200200001
12200200110
12200200111
12200210000
12200210001
12200210110
12200210111
12200211000
12200211001
12200211110
12200211111
12201002010
12201002101
12201021000
12201021001
12201021110
12201021111
12201101011
12201101100
12201220010
12201220101
12202010010
12202010101
12202110010
12202110101
12202112010
12202112101
12202121000
12202121001
12202121110
12202121111
12202202011
12202202100
12210011010
12210011101
12210100010
12210100101
12210120000
12210120001
12210120110
12210120111
12210221011
12210221100
12211002010
12211002101
12211010000
12211010001
12211010110
12211010111
12211112011
12211112100
12211121010
12211121101
12211200011
12211200100
12212001000
12212001001
12212001110
12212001111
12212020011
12212020100
12212102000
12212102001
12212102110
12212102111
12212111011
12212111100
12212201000
12212201001
12212201110
12212201111
12212222010
12212222101
12220002000
12220002001
12220002110
12220002111
12220110011
12220110100
12220122010
12220122101
12220221010
12220221101
12221011010
12221011101
12221020011
12221020100
12221100000
12221100001
12221100110
12221100111
12221122000
12221122001
12221122110
12221122111
12221202010
12221202101
12221211011
12221211100
12222000011
12222000100
12222020000
12222020001
12222020110
12222020111
12222021011
12222021100
12222101010
12222101101
12222212000
12222212001
12222212110
12222212111
12222220011
12222220100
20000021011
20000021100
20000102010
20000102101
20000111000
20000111001
20000111110
20000111111
20000122010
20000122101
20000200000
20000200001
20000200110
20000200111
20001000000
20001000001
20001000110
20001000111
20001001010
20001001101
20001211011
20001211100
20001222000
20001222001
20001222110
20001222111
20002012010
20002012101
20002110011
20002110100
20002120000
20002120001
20002120011
20002120100
20002120110
20002120111
20002201011
20002201100
20010021011
20010021100
20010121011
20010121100
20010200011
20010200100
20010212000
20010212001
20010212010
20010212101
20010212110
20010212111
20011010011
20011010100
20011022010
20011022101
20011102011
20011102100
20011111010
20011111101
20011201000
20011201001
20011201110
20011201111
20012002000
20012002001
20012002110
20012002111
20012100010
20012100101
20012110000
20012110001
20012110110
20012110111
20012120000
20012120001
20012120110
20012120111
20012212011
20012212100
20012221010
20012221101
20020001000
20020001001
20020001110
20020001111
20020010010
20020010101
20020020010
20020020101
20020112011
20020112100
20020220010
20020220101
20021012000
20021012001
20021012110
20021012111
20021100010
20021100101
20021121000
20021121001
20021121110
20021121111
20021202011
20021202100
20021210010
20021210101
20021220010
20021220101
20022000010
20022000101
20022022011
20022022100
20022100011
20022100100
20022101010
20022101101
20022120010
20022120101
20022211000
20022211001
20022211110
20022211111
20100002011
20100002100
20100020000
20100020001
20100020110
20100020111
20100111000
20100111001
20100111110
20100111111
20100210011
20100210100
20100221010
20100221101
20101010010
20101010101
20101022000
20101022001
20101022110
20101022111
20101100011
20101100100
20101112010
20101112101
20101201000
20101201001
20101201110
20101201111
20101212010
20101212101
20102001010
20102001101
20102011011
20102011100
20102102000
20102102001
20102102110
20102102111
20102222011
20102222100
20110000010
20110000101
20110011010
20110011101
20110110011
20110110100
20110122000
20110122001
20110122110
20110122111
20110201000
20110201001
20110201110
20110201111
20110222011
20110222100
20111012011
20111012100
20111101000
20111101001
20111101110
20111101111
20111120010
20111120101
20111201010
20111201101
20111202000
20111202001
20111202110
20111202111
20111211000
20111211001
20111211110
20111211111
20112000011
20112000100
20112021000
20112021001
20112021110
20112021111
20112102011
20112102100
20112210010
20112210101
20120012000
20120012001
20120012110
20120012111
20120101011
20120101100
20120202010
20120202101
20120210011
20120210100
20121002010
20121002101
20121020011
20121020100
20121021011
20121021100
20121110000
20121110001
20121110110
20121110111
20121221011
20121221100
20122012000
20122012001
20122012110
20122012111
20122111010
20122111101
20122121010
20122121101
20122122010
20122122101
20122200000
20122200001
20122200110
20122200111
20122220000
20122220001
20122220110
20122220111
20200000011
20200000100
20200002000
20200002001
20200002110
20200002111
20200012011
20200012100
20200110010
20200110101
20200202011
20200202100
20200221000
20200221001
20200221110
20200221111
20201011000
20201011001
20201011110
20201011111
20201121010
20201121011
20201121100
20201121101
20201122011
20201122100
20201200010
20201200101
20202002011
20202002100
20202020010
20202020101
20202101000
20202101001
20202101110
20202101111
20202210000
20202210001
20202210110
20202210111
20202211010
20202211101
20202212000
20202212001
20202212110
20202212111
20210010000
20210010001
20210010110
20210010111
20210022010
20210022101
20210100000
20210100001
20210100110
20210100111
20210101010
20210101101
20210211011
20210211100
20211001011
20211001100
20211022010
20211022101
20211112000
20211112001
20211112110
20211112111
20211220000
20211220001
20211220011
20211220100
20211220110
20211220111
20212021000
20212021001
20212021110
20212021111
20212111011
20212111100
20212202010
20212202101
20212220011
20212220100
20220002011
20220002100
20220111000
20220111001
20220111110
20220111111
20220120011
20220120100
20220201010
20220201101
20220222000
20220222001
20220222110
20220222111
20221000000
20221000001
20221000110
20221000111
20221011010
20221011101
20221102000
20221102001
20221102110
20221102111
20221212011
20221212100
20222010011
20222010100
20222021000
20222021001
20222021110
20222021111
20222100010
20222100101
20222112010
20222112101
20222122010
20222122101
20222201011
20222201100
21000011010
21000011101
21000022000
21000022001
21000022110
21000022111
21000100011
21000100100
21000112010
21000112101
21000210010
21000210101
21000211010
21000211101
21001020010
21001020011
21001020100
21001020101
21001112000
21001112001
21001112011
21001112100
21001112110
21001112111
21001202010
21001202101
21001220011
21001220100
21002002011
21002002100
21002112000
21002112001
21002112110
21002112111
21002121010
21002121101
21002201000
21002201001
21002201110
21002201111
21010000000
21010000001
21010000110
21010000111
21010012011
21010012100
21010101000
21010101001
21010101110
21010101111
21010102000
21010102001
21010102110
21010102111
21010120010
21010120101
21010221011
21010221100
21011021000
21011021001
21011021110
21011021111
21011111010
21011111101
21011202010
21011202101
21011210000
21011210001
21011210110
21011210111
21012001010
21012001101
21012010010
21012010101
21012122011
21012122100
21012200011
21012200100
21012222000
21012222001
21012222110
21012222111
21020002010
21020002101
21020110000
21020110001
21020110110
21020110111
21020201011
21020201100
21020221000
21020221001
21020221011
21020221100
21020221110
21020221111
21020222011
21020222100
21021001011
21021001100
21021011011
21021011100
21021101011
21021101100
21021122010
21021122101
21021200000
21021200001
21021200110
21021200111
21022011011
21022011100
21022020000
21022020001
21022020110
21022020111
21022100010
21022100101
21022111011
21022111100
21022212010
21022212101
21022221011
21022221100
21100010011
21100010100
21100101010
21100101101
21100122011
21100122100
21100202000
21100202001
21100202110
21100202111
21100212000
21100212001
21100212110
21100212111
21101002011
21101002100
21101011000
21101011001
21101011110
21101011111
21101101010
21101101101
21101120000
21101120001
21101120110
21101120111
21101220010
21101220011
21101220100
21101220101
21102000000
21102000001
21102000110
21102000111
21102022010
21102022101
21102101011
21102101100
21102110010
21102110101
21102221000
21102221001
21102221110
21102221111
21110001011
21110001100
21110112010
21110112101
21110200010
21110200101
21110220000
21110220001
21110220110
21110220111
21111010000
21111010001
21111010110
21111010111
21111022010
21111022101
21111121011
21111121100
21111201000
21111201001
21111201110
21111201111
21111212011
21111212100
21112002010
21112002101
21112020010
21112020101
21112022011
21112022100
21112100000
21112100001
21112100110
21112100111
21112111000
21112111001
21112111110
21112111111
21112211011
21112211100
21112222010
21112222101
21120010011
21120010100
21120021000
21120021001
21120021010
21120021101
21120021110
21120021111
21120112010
21120112101
21120121000
21120121001
21120121110
21120121111
21120210011
21120210100
21121000010
21121000101
21121102000
21121102001
21121102110
21121102111
21121211010
21121211101
21121222000
21121222001
21121222110
21121222111
21122012000
21122012001
21122012110
21122012111
21122120011
21122120100
21122201010
21122201101
21122202011
21122202100
21200000010
21200000101
21200001000
21200001001
21200001110
21200001111
21200111011
21200111100
21200120000
21200120001
21200120110
21200120111
21200222010
21200222101
21201012010
21201012101
21201020000
21201020001
21201020110
21201020111
21201100000
21201100001
21201100110
21201100111
21201120110
21201120111
21201121000
21201121001
21201121110
21201121111
21201201011
21201201100
21202021011
21202021100
21202102010
21202102101
21202210000
21202210001
21202210011
21202210100
21202210110
21202210111
21202212011
21202212100
21210020011
21210020100
21210112010
21210112101
21210202011
21210202100
21210211000
21210211001
21210211110
21210211111
21211002000
21211002001
21211002110
21211002111
21211100010
21211100011
21211100100
21211100101
21211110011
21211110100
21211221010
21211221101
21212001010
21212001101
21212010010
21212010101
21212011010
21212011101
21212022010
21212022101
21212122000
21212122001
21212122011
21212122100
21212122110
21212122111
21212222000
21212222001
21212222110
21212222111
21220012000
21220012001
21220012110
21220012111
21220021010
21220021101
21220102011
21220102100
21220121010
21220121101
21220200000
21220200001
21220200110
21220200111
21220221011
21220221100
21221022011
21221022100
21221110010
21221110011
21221110100
21221110101
21221120000
21221120001
21221120110
21221120111
21221202010
21221202101
21221211000
21221211001
21221211110
21221211111
21222000011
21222000100
21222012000
21222012001
21222012110
21222012111
21222101000
21222101001
21222101110
21222101111
21222220010
21222220101
22000010000
22000010001
22000010110
22000010111
22000021011
22000021100
22000102010
22000102101
22000121011
22000121100
22000212011
22000212100
22001002011
22001002100
22001101000
22001101001
22001101110
22001101111
22001110010
22001110101
22001221000
22001221001
22001221110
22001221111
22002002011
22002002100
22002010000
22002010001
22002010110
22002010111
22002011000
22002011001
22002011110
22002011111
22002200010
22002200101
22002220010
22002220101
22002222010
22002222101
22010011000
22010011001
22010011110
22010011111
22010022010
22010022101
22010110011
22010110100
22010201010
22010201101
22010220000
22010220001
22010220110
22010220111
22011000010
22011000101
22011012000
22011012001
22011012110
22011012111
22011100000
22011100001
22011100110
22011100111
22011121010
22011121101
22011211011
22011211100
22011222011
22011222100
22012011000
22012011001
22012011110
22012011111
22012020011
22012020100
22012101011
22012101100
22012112010
22012112101
22020000011
22020000100
22020012100
22020111010
22020111101
22020122000
22020122001
22020122110
22020122111
22020202000
22020202001
22020202110
22020202111
22020221011
22020221100
22021010000
22021010001
22021010110
22021010111
22021012010
22021012101
22021022000
22021022001
22021022110
22021022111
22021120011
22021120100
22021201010
22021201101
22021212000
22021212001
22021212110
22021212111
22022012001
22022012111
22022021010
22022021101
22022102000
22022102001
22022102110
22022102111
22022122000
22022122001
22022122110
22022122111
22022202000
22022202001
22022202110
22022202111
22022210011
22022210100
22100012010
22100012101
22100100000
22100100001
22100100110
22100100111
22100120010
22100120101
22100201011
22100201100
22100222000
22100222001
22100222110
22100222111
22101002011
22101002100
22101021010
22101021101
22101111011
22101111100
22101210000
22101210001
22101210110
22101210111
22102020011
22102020100
22102112011
22102112100
22102121000
22102121001
22102121110
22102121111
22102200010
22102200101
22102202010
22102202101
22102211010
22102211101
22110002000
22110002001
22110002110
22110002111
22110010011
22110010100
22110110000
22110110001
22110110110
22110110111
22110111011
22110111100
22110120011
22110120100
22110221010
22110221101
22111011010
22111011101
22111020000
22111020001
22111020110
22111020111
22111102010
22111102101
22111122000
22111122001
22111122110
22111122111
22111200011
22111200100
22112022010
22112022101
22112101010
22112101101
22112110011
22112110100
22112212000
22112212001
22112212110
22112212111
22112221011
22112221100
22120022011
22120022100
22120100000
22120100001
22120100010
22120100101
22120100110
22120100111
22120110011
22120110100
22120120010
22120120101
22120211000
22120211001
22120211110
22120211111
22121001000
22121001001
22121001110
22121001111
22121111011
22121111100
22121112011
22121112100
22121200011
22121200100
22121222010
22121222101
22122001000
22122001001
22122001011
22122001100
22122001110
22122001111
22122010010
22122010101
22122112011
22122112100
22122220000
22122220001
22122220110
22122220111
22200000010
22200000101
22200001000
22200001001
22200001010
22200001101
22200001110
22200001111
22200002011
22200002100
22200112000
22200112001
22200112110
22200112111
22200220011
22200220100
22201010011
22201010100
22201120000
22201120001
22201120110
22201120111
22201122010
22201122011
22201122100
22201122101
22201202000
22201202001
22201202110
22201202111
22201211010
22201211101
22202022000
22202022001
22202022110
22202022111
22202100011
22202100100
22202111010
22202111101
22202211011
22202211100
22202212010
22202212101
22202221010
22202221101
22210022010
22210022101
22210102011
22210102100
22210121000
22210121001
22210121110
22210121111
22210202011
22210202100
22210210010
22210210101
22211001011
22211001100
22211021011
22211021100
22211111000
22211111001
22211111110
22211111111
22211210010
22211210101
22211212010
22211212101
22212000000
22212000001
22212000110
22212000111
22212012011
22212012100
22212120010
22212120101
22212200000
22212200001
22212200110
22212200111
22212201000
22212201001
22212201110
22212201111
22220011011
22220011100
22220020000
22220020001
22220020110
22220020111
22220102011
22220102100
22220210010
22220210101
22220212010
22220212101
22221012000
22221012001
22221012110
22221012111
22221020010
22221020101
22221101010
22221101101
22221200011
22221200100
22221221000
22221221001
22221221110
22221221111
22222002010
22222002101
22222020011
22222020100
22222110000
22222110001
22222110110
22222110111
22222121011
22222121100
22222211010
22222211101
22222222011
22222222100