000000010111
000000011000
000000100111
000000101011
000000101101
000000101110
000000101111
000000120000
000000120001
000000120010
000000120100
000000121000
000000200000
000000200001
000000200010
000000200100
000000221011
000000221101
000000221110
000000221111
000001000010
000001001101
000001020100
000001021011
000001100100
000001110011
000001111010
000001121101
000001201011
000001210101
000001211100
000001220010
000002010001
000002011110
000002101001
000002101011
000002101101
000002120010
000002120100
000002120110
000002200010
000002200100
000002200110
000002221001
000002221011
000002221101
000010000001
000010000010
000010000011
000010000111
000010001011
000010011110
000010020001
000010020100
000010020101
000010020111
000010021101
000010100001
000010100100
000010100101
000010100111
000010111011
000010120010
000010120100
000010120110
000010200010
000010200100
000010200110
000010211101
000010220001
000010220010
000010220011
000010220111
000011010000
000011011001
000011101000
000011120001
000011200001
000011221000
000012001000
000012001100
000012001110
000012010111
000012021000
000012021010
000012021110
000012100111
000012101011
000012101101
000012101111
000012110010
000012121000
000012121100
000012121110
000012201000
000012201010
000012201110
000012210100
000012221011
000012221101
000012221111
000020001000
000020001100
000020001110
000020010001
000020021000
000020021010
000020021110
000020101001
000020101011
000020101101
000020110010
000020121000
000020121100
000020121110
000020201000
000020201010
000020201110
000020210100
000020221001
000020221011
000020221101
000021010110
000021011111
000021101110
000021120111
000021200111
000021221110
000022000001
000022000011
000022000111
000022001011
000022011000
000022020001
000022020101
000022020111
000022021101
000022100001
000022100101
000022100111
000022111011
000022120000
000022120010
000022120100
000022121000
000022200000
000022200010
000022200100
000022211101
000022220001
000022220011
000022220111
000100000100
000100001011
000100020001
000100021110
000100100001
000100110110
000100111100
000100121011
000100201110
000100210011
000100211001
000100220100
000102000111
000102001000
000102020010
000102021101
000102100010
000102110101
000102111111
000102121000
000102201101
000102210000
000102211010
000102220111
000110001000
000110020010
000110100010
000110121000
000110210000
000110211010
000111000101
000111000110
000111021100
000111021111
000111110100
000111110111
000111111101
000111111110
000111201100
000111201111
000111220101
000111220110
000112001011
000112020001
000112100001
000112121011
000112210011
000112211001
000120000111
000120021101
000120110101
000120111111
000120201101
000120220111
000121001001
000121001010
000121020000
000121020011
000121100000
000121100011
000121121001
000121121010
000121210001
000121210010
000121211000
000121211011
000122000100
000122021110
000122110110
000122111100
000122201110
000122220100
000200010010
000200011101
000200101010
000200101110
000200120001
000200120101
000200200001
000200200101
000200221010
000200221110
000201000001
000201001110
000201020111
000201021000
000201100111
000201110000
000201111001
000201121110
000201201000
000201210110
000201211111
000201220001
000202010100
000202011011
000202101000
000202101100
000202120011
000202120111
000202200011
000202200111
000202221000
000202221100
000210001011
000210001111
000210010100
000210021001
000210021101
000210101000
000210101100
000210110001
000210121011
000210121111
000210201001
000210201101
000210210111
000210221000
000210221100
000211010011
000211011010
000211101011
000211120010
000211200010
000211221011
000212000000
000212000100
000212011101
000212020010
000212020110
000212100010
000212100110
000212111000
000212120001
000212120101
000212200001
000212200101
000212211110
000212220000
000212220100
000220000000
000220000100
000220011011
000220020010
000220020110
000220100010
000220100110
000220111000
000220120011
000220120111
000220200011
000220200111
000220211110
000220220000
000220220100
000221010101
000221011100
000221101101
000221120100
000221200100
000221221101
000222001011
000222001111
000222010010
000222021001
000222021101
000222101010
000222101110
000222110001
000222121011
000222121111
000222201001
000222201101
000222210111
000222221010
000222221110
001000000010
001000000100
001000000110
001000000111
001000001110
001000011101
001000020001
001000020010
001000020011
001000020111
001000021011
001000100001
001000100010
001000100011
001000100111
001000111110
001000120001
001000120101
001000200001
001000200101
001000211011
001000220010
001000220100
001000220110
001000220111
001001000001
001001021000
001001110000
001001111001
001001201000
001001220001
001002001000
001002001010
001002001110
001002010100
001002021011
001002021101
001002021111
001002101000
001002101100
001002110111
001002121000
001002121010
001002121110
001002201011
001002201101
001002201111
001002210010
001002221000
001002221100
001010001000
001010001010
001010001110
001010010100
001010021001
001010021101
001010101000
001010101100
001010110001
001010121000
001010121010
001010121110
001010201001
001010201101
001010210010
001010221000
001010221100
001011000111
001011021110
001011110110
001011111111
001011201110
001011220111
001012000000
001012000100
001012011101
001012020001
001012020011
001012020111
001012021011
001012100001
001012100011
001012100111
001012111000
001012120001
001012120101
001012200001
001012200101
001012211011
001012220000
001012220100
001020000000
001020000100
001020021011
001020021101
001020021111
001020110111
001020111000
001020201011
001020201101
001020201111
001020220000
001020220100
001021001011
001021010101
001021011100
001021020010
001021100010
001021101101
001021120100
001021121011
001021200100
001021210011
001021211010
001021221101
001022000010
001022000100
001022000110
001022001110
001022021001
001022021101
001022110001
001022111110
001022201001
001022201101
001022220010
001022220100
001022220110
001100010000
001100011010
001100101000
001100120010
001100200010
001100221000
001101001100
001101001111
001101020101
001101020110
001101100101
001101100110
001101121100
001101121111
001101210100
001101210111
001101211101
001101211110
001102010011
001102011001
001102101011
001102120001
001102200001
001102221011
001110001101
001110020111
001110100111
001110121101
001110210101
001110211111
001111010001
001111010010
001111011000
001111011011
001111101001
001111101010
001111120000
001111120011
001111200000
001111200011
001111221001
001111221010
001112001110
001112020100
001112100100
001112121110
001112210110
001112211100
001120001110
001120010011
001120011001
001120020100
001120100100
001120101011
001120120001
001120121110
001120200001
001120210110
001120211100
001120221011
001122001101
001122010000
001122011010
001122020111
001122100111
001122101000
001122120010
001122121101
001122200010
001122210101
001122211111
001122221000
001200001001
001200001101
001200010111
001200021000
001200021100
001200100111
001200101011
001200101110
001200101111
001200110100
001200121001
001200121101
001200201000
001200201100
001200210001
001200221011
001200221110
001200221111
001201000010
001201021011
001201110011
001201111010
001201201011
001201220010
001202000001
001202000101
001202011110
001202020000
001202020100
001202100000
001202100100
001202111101
001202120010
001202120110
001202200010
001202200110
001202211000
001202220001
001202220101
001210000010
001210000011
001210000111
001210001011
001210011110
001210020000
001210020100
001210100000
001210100100
001210111011
001210120010
001210120110
001210200010
001210200110
001210211000
001210220010
001210220011
001210220111
001211000100
001211021101
001211110101
001211111100
001211201101
001211220100
001212001001
001212001101
001212010111
001212021010
001212021110
001212100111
001212101011
001212101111
001212110010
001212121001
001212121101
001212201010
001212201110
001212210001
001212221011
001212221111
001220000001
001220000101
001220021010
001220021110
001220110010
001220111101
001220201010
001220201110
001220220001
001220220101
001221001000
001221010110
001221011111
001221020001
001221100001
001221101110
001221120111
001221121000
001221200111
001221210000
001221211001
001221221110
001222000011
001222000111
001222001011
001222021000
001222021100
001222110100
001222111011
001222201000
001222201100
001222220011
001222220111
002000001001
002000001101
002000010010
002000021000
002000021100
002000101010
002000101110
002000110100
002000121001
002000121101
002000201000
002000201100
002000210001
002000221010
002000221110
002001001110
002001020111
002001100111
002001121110
002001210110
002001211111
002002000001
002002000101
002002011011
002002020000
002002020100
002002100000
002002100100
002002111101
002002120011
002002120111
002002200011
002002200111
002002211000
002002220001
002002220101
002010001011
002010001111
002010020000
002010020100
002010100000
002010100100
002010121011
002010121111
002010210111
002010211000
002011000100
002011010011
002011011010
002011021101
002011101011
002011110101
002011111100
002011120010
002011200010
002011201101
002011220100
002011221011
002012001001
002012001101
002012020010
002012020110
002012100010
002012100110
002012121001
002012121101
002012210001
002012211110
002020000001
002020000101
002020011011
002020020010
002020020110
002020100010
002020100110
002020111101
002020120011
002020120111
002020200011
002020200111
002020211110
002020220001
002020220101
002021001000
002021020001
002021100001
002021121000
002021210000
002021211001
002022001011
002022001111
002022010010
002022021000
002022021100
002022101010
002022101110
002022110100
002022121011
002022121111
002022201000
002022201100
002022210111
002022221010
002022221110
002100010101
002100011111
002100101101
002100120111
002100200111
002100221101
002101000000
002101000011
002101021001
002101021010
002101110001
002101110010
002101111000
002101111011
002101201001
002101201010
002101220000
002101220011
002102010110
002102011100
002102101110
002102120100
002102200100
002102221110
002110000001
002110010110
002110011100
002110021011
002110101110
002110110011
002110111001
002110120100
002110200100
002110201011
002110220001
002110221110
002112000010
002112010101
002112011111
002112021000
002112101101
002112110000
002112111010
002112120111
002112200111
002112201000
002112220010
002112221101
002120000010
002120021000
002120110000
002120111010
002120201000
002120220010
002121010100
002121010111
002121011101
002121011110
002121101100
002121101111
002121120101
002121120110
002121200101
002121200110
002121221100
002121221111
002122000001
002122021011
002122110011
002122111001
002122201011
002122220001
002200000010
002200000110
002200000111
002200001110
002200011000
002200020010
002200020011
002200020111
002200021011
002200100010
002200100011
002200100111
002200111110
002200120000
002200120001
002200120100
002200121000
002200200000
002200200001
002200200100
002200211011
002200220010
002200220110
002200220111
002201001101
002201020100
002201100100
002201121101
002201210101
002201211100
002202001010
002202001110
002202010001
002202021011
002202021111
002202101001
002202101101
002202110111
002202121010
002202121110
002202201011
002202201111
002202210010
002202221001
002202221101
002210001010
002210001110
002210020001
002210020100
002210020101
002210021101
002210100001
002210100100
002210100101
002210121010
002210121110
002210210010
002210211101
002211000111
002211010000
002211011001
002211021110
002211101000
002211110110
002211111111
002211120001
002211200001
002211201110
002211220111
002211221000
002212001000
002212001100
002212020011
002212020111
002212021011
002212100011
002212100111
002212121000
002212121100
002212210100
002212211011
002220001000
002220001100
002220010001
002220021011
002220021111
002220101001
002220101101
002220110111
002220121000
002220121100
002220201011
002220201111
002220210100
002220221001
002220221101
002221001011
002221020010
002221100010
002221121011
002221210011
002221211010
002222000010
002222000110
002222001110
002222011000
002222020001
002222020101
002222021101
002222100001
002222100101
002222111110
002222120000
002222120100
002222121000
002222200000
002222200100
002222211101
002222220010
002222220110
010000000001
010000001110
010000020010
010000021101
010000100010
010000110101
010000111001
010000121110
010000201101
010000210110
010000211010
010000220001
010002000100
010002001011
010002020111
010002021000
010002100111
010002110000
010002111100
010002121011
010002201000
010002210011
010002211111
010002220100
010010000100
010010021000
010010110000
010010111100
010010201000
010010220100
010011001010
010011001111
010011020011
010011020110
010011100011
010011100110
010011121010
010011121111
010011210010
010011210111
010011211011
010011211110
010012000001
010012021101
010012110101
010012111001
010012201101
010012220001
010020001011
010020020111
010020100111
010020121011
010020210011
010020211111
010021000000
010021000101
010021021001
010021021100
010021110001
010021110100
010021111000
010021111101
010021201001
010021201100
010021220000
010021220101
010022001110
010022020010
010022100010
010022121110
010022210110
010022211010
010101010000
010101010011
010101010101
010101010110
010101011001
010101011010
010101011100
010101011111
010101101000
010101101011
010101101101
010101101110
010101120001
010101120010
010101120100
010101120111
010101200001
010101200010
010101200100
010101200111
010101221000
010101221011
010101221101
010101221110
010110010001
010110010111
010110011011
010110011101
010110101001
010110101111
010110120011
010110120101
010110200011
010110200101
010110221001
010110221111
010112010010
010112010100
010112011000
010112011110
010112101010
010112101100
010112120000
010112120110
010112200000
010112200110
010112221010
010112221100
010120010010
010120010100
010120011000
010120011110
010120101010
010120101100
010120120000
010120120110
010120200000
010120200110
010120221010
010120221100
010122010001
010122010111
010122011011
010122011101
010122101001
010122101111
010122120011
010122120101
010122200011
010122200101
010122221001
010122221111
010200000111
010200001000
010200020100
010200021011
010200100100
010200110011
010200111111
010200121000
010200201011
010200210000
010200211100
010200220111
010202000010
010202001101
010202020001
010202021110
010202100001
010202110110
010202111010
010202121101
010202201110
010202210101
010202211001
010202220010
010210000010
010210021110
010210110110
010210111010
010210201110
010210220010
010211001001
010211001100
010211020000
010211020101
010211100000
010211100101
010211121001
010211121100
010211210001
010211210100
010211211000
010211211101
010212000111
010212021011
010212110011
010212111111
010212201011
010212220111
010220001101
010220020001
010220100001
010220121101
010220210101
010220211001
010221000011
010221000110
010221021010
010221021111
010221110010
010221110111
010221111011
010221111110
010221201010
010221201111
010221220011
010221220110
010222001000
010222020100
010222100100
010222121000
010222210000
010222211100
011000001000
011000020100
011000100100
011000121000
011000210000
011000211100
011001010010
011001010111
011001011011
011001011110
011001101010
011001101111
011001120011
011001120110
011001200011
011001200110
011001221010
011001221111
011002001101
011002020001
011002100001
011002121101
011002210101
011002211001
011010010011
011010011111
011010101011
011010120111
011010200111
011010221011
011011001001
011011001100
011011020000
011011020101
011011100000
011011100101
011011121001
011011121100
011011210001
011011210100
011011211000
011011211101
011012010110
011012011010
011012101110
011012120010
011012200010
011012221110
011020001101
011020010110
011020011010
011020020001
011020100001
011020101110
011020120010
011020121101
011020200010
011020210101
011020211001
011020221110
011022001000
011022010011
011022011111
011022020100
011022100100
011022101011
011022120111
011022121000
011022200111
011022210000
011022211100
011022221011
011100000011
011100000101
011100021001
011100021111
011100110001
011100110111
011100111011
011100111101
011100201001
011100201111
011100220011
011100220101
011102000000
011102000110
011102021010
011102021100
011102110010
011102110100
011102111000
011102111110
011102201010
011102201100
011102220000
011102220110
011110000000
011110000110
011110021010
011110021100
011110110010
011110110100
011110111000
011110111110
011110201010
011110201100
011110220000
011110220110
011112000011
011112000101
011112021001
011112021111
011112110001
011112110111
011112111011
011112111101
011112201001
011112201111
011112220011
011112220101
011121000001
011121000010
011121000100
011121000111
011121021000
011121021011
011121021101
011121021110
011121110000
011121110011
011121110101
011121110110
011121111001
011121111010
011121111100
011121111111
011121201000
011121201011
011121201101
011121201110
011121220001
011121220010
011121220100
011121220111
011200001110
011200020010
011200100010
011200121110
011200210110
011200211010
011201010001
011201010100
011201011000
011201011101
011201101001
011201101100
011201120000
011201120101
011201200000
011201200101
011201221001
011201221100
011202001011
011202020111
011202100111
011202121011
011202210011
011202211111
011210010101
011210011001
011210101101
011210120001
011210200001
011210221101
011211001010
011211001111
011211020011
011211020110
011211100011
011211100110
011211121010
011211121111
011211210010
011211210111
011211211011
011211211110
011212010000
011212011100
011212101000
011212120100
011212200100
011212221000
011220001011
011220010000
011220011100
011220020111
011220100111
011220101000
011220120100
011220121011
011220200100
011220210011
011220211111
011220221000
011222001110
011222010101
011222011001
011222020010
011222100010
011222101101
011222120001
011222121110
011222200001
011222210110
011222211010
011222221101
012000000111
012000021011
012000110011
012000111111
012000201011
012000220111
012001010001
012001010100
012001011000
012001011101
012001101001
012001101100
012001120000
012001120101
012001200000
012001200101
012001221001
012001221100
012002000010
012002021110
012002110110
012002111010
012002201110
012002220010
012010000010
012010010101
012010011001
012010021110
012010101101
012010110110
012010111010
012010120001
012010200001
012010201110
012010220010
012010221101
012012000111
012012010000
012012011100
012012021011
012012101000
012012110011
012012111111
012012120100
012012200100
012012201011
012012220111
012012221000
012020010000
012020011100
012020101000
012020120100
012020200100
012020221000
012021000011
012021000110
012021021010
012021021111
012021110010
012021110111
012021111011
012021111110
012021201010
012021201111
012021220011
012021220110
012022010101
012022011001
012022101101
012022120001
012022200001
012022221101
012100001010
012100001100
012100020000
012100020110
012100100000
012100100110
012100121010
012100121100
012100210010
012100210100
012100211000
012100211110
012102001001
012102001111
012102020011
012102020101
012102100011
012102100101
012102121001
012102121111
012102210001
012102210111
012102211011
012102211101
012111001000
012111001011
012111001101
012111001110
012111020001
012111020010
012111020100
012111020111
012111100001
012111100010
012111100100
012111100111
012111121000
012111121011
012111121101
012111121110
012111210000
012111210011
012111210101
012111210110
012111211001
012111211010
012111211100
012111211111
012120001001
012120001111
012120020011
012120020101
012120100011
012120100101
012120121001
012120121111
012120210001
012120210111
012120211011
012120211101
012122001010
012122001100
012122020000
012122020110
012122100000
012122100110
012122121010
012122121100
012122210010
012122210100
012122211000
012122211110
012200000001
012200021101
012200110101
012200111001
012200201101
012200220001
012201010010
012201010111
012201011011
012201011110
012201101010
012201101111
012201120011
012201120110
012201200011
012201200110
012201221010
012201221111
012202000100
012202021000
012202110000
012202111100
012202201000
012202220100
012210000100
012210010011
012210011111
012210021000
012210101011
012210110000
012210111100
012210120111
012210200111
012210201000
012210220100
012210221011
012212000001
012212010110
012212011010
012212021101
012212101110
012212110101
012212111001
012212120010
012212200010
012212201101
012212220001
012212221110
012220010110
012220011010
012220101110
012220120010
012220200010
012220221110
012221000000
012221000101
012221021001
012221021100
012221110001
012221110100
012221111000
012221111101
012221201001
012221201100
012221220000
012221220101
012222010011
012222011111
012222101011
012222120111
012222200111
012222221011
020000010100
020000011011
020000101100
020000120011
020000200011
020000221100
020001000111
020001001000
020001020001
020001021110
020001100001
020001110110
020001111111
020001121000
020001201110
020001210000
020001211001
020001220111
020002010010
020002011101
020002101010
020002120101
020002200101
020002221010
020010001001
020010010010
020010021111
020010101010
020010110111
020010121001
020010201111
020010210001
020010221010
020011010101
020011011100
020011101101
020011120100
020011200100
020011221101
020012000110
020012011011
020012020000
020012100000
020012111110
020012120011
020012200011
020012211000
020012220110
020020000110
020020011101
020020020000
020020100000
020020111110
020020120101
020020200101
020020211000
020020220110
020021010011
020021011010
020021101011
020021120010
020021200010
020021221011
020022001001
020022010100
020022021111
020022101100
020022110111
020022121001
020022201111
020022210001
020022221100
020100000010
020100001101
020100020111
020100021000
020100100111
020100110000
020100111010
020100121101
020100201000
020100210101
020100211111
020100220010
020102000001
020102001110
020102020100
020102021011
020102100100
020102110011
020102111001
020102121110
020102201011
020102210110
020102211100
020102220001
020110001110
020110020100
020110100100
020110121110
020110210110
020110211100
020111000000
020111000011
020111021001
020111021010
020111110001
020111110010
020111111000
020111111011
020111201001
020111201010
020111220000
020111220011
020112001101
020112020111
020112100111
020112121101
020112210101
020112211111
020120000001
020120021011
020120110011
020120111001
020120201011
020120220001
020121001100
020121001111
020121020101
020121020110
020121100101
020121100110
020121121100
020121121111
020121210100
020121210111
020121211101
020121211110
020122000010
020122021000
020122110000
020122111010
020122201000
020122220010
020200010001
020200011110
020200101001
020200120110
020200200110
020200221001
020201000100
020201001011
020201020010
020201021101
020201100010
020201110101
020201111100
020201121011
020201201101
020201210011
020201211010
020201220100
020202010111
020202011000
020202101111
020202120000
020202200000
020202221111
020210000101
020210011000
020210020011
020210100011
020210111101
020210120000
020210200000
020210211011
020210220101
020211010110
020211011111
020211101110
020211120111
020211200111
020211221110
020212001010
020212010001
020212021100
020212101001
020212110100
020212121010
020212201100
020212210010
020212221001
020220001010
020220010111
020220021100
020220101111
020220110100
020220121010
020220201100
020220210010
020220221111
020221010000
020221011001
020221101000
020221120001
020221200001
020221221000
020222000101
020222011110
020222020011
020222100011
020222111101
020222120110
020222200110
020222211011
020222220101
021000001111
021000010001
021000021010
021000101001
021000110010
021000121111
021000201010
021000210111
021000221001
021001000100
021001021101
021001110101
021001111100
021001201101
021001220100
021002000011
021002011000
021002020110
021002100110
021002111011
021002120000
021002200000
021002211110
021002220011
021010000101
021010011000
021010020110
021010100110
021010111101
021010120000
021010200000
021010211110
021010220101
021011000010
021011021011
021011110011
021011111010
021011201011
021011220010
021012001111
021012010001
021012021100
021012101001
021012110100
021012121111
021012201100
021012210111
021012221001
021020000011
021020021100
021020110100
021020111011
021020201100
021020220011
021021001110
021021010000
021021011001
021021020111
021021100111
021021101000
021021120001
021021121110
021021200001
021021210110
021021211111
021021221000
021022000101
021022021010
021022110010
021022111101
021022201010
021022220101
021100010110
021100011100
021100101110
021100120100
021100200100
021100221110
021101001001
021101001010
021101020000
021101020011
021101100000
021101100011
021101121001
021101121010
021101210001
021101210010
021101211000
021101211011
021102010101
021102011111
021102101101
021102120111
021102200111
021102221101
021110001011
021110020001
021110100001
021110121011
021110210011
021110211001
021111010100
021111010111
021111011101
021111011110
021111101100
021111101111
021111120101
021111120110
021111200101
021111200110
021111221100
021111221111
021112001000
021112020010
021112100010
021112121000
021112210000
021112211010
021120001000
021120010101
021120011111
021120020010
021120100010
021120101101
021120120111
021120121000
021120200111
021120210000
021120211010
021120221101
021122001011
021122010110
021122011100
021122020001
021122100001
021122101110
021122120100
021122121011
021122200100
021122210011
021122211001
021122221110
021200000000
021200011011
021200020101
021200100101
021200111000
021200120011
021200200011
021200211101
021200220000
021201000111
021201021110
021201110110
021201111111
021201201110
021201220111
021202001100
021202010010
021202021001
021202101010
021202110001
021202121100
021202201001
021202210100
021202221010
021210001100
021210010010
021210021111
021210101010
021210110111
021210121100
021210201111
021210210100
021210221010
021211000001
021211021000
021211110000
021211111001
021211201000
021211220001
021212000110
021212011011
021212020101
021212100101
021212111110
021212120011
021212200011
021212211101
021212220110
021220000110
021220021001
021220110001
021220111110
021220201001
021220220110
021221001101
021221010011
021221011010
021221020100
021221100100
021221101011
021221120010
021221121101
021221200010
021221210101
021221211100
021221221011
021222000000
021222021111
021222110111
021222111000
021222201111
021222220000
022000000000
022000011110
022000020101
022000100101
022000111000
022000120110
022000200110
022000211101
022000220000
022001001011
022001020010
022001100010
022001121011
022001210011
022001211010
022002001100
022002010111
022002021001
022002101111
022002110001
022002121100
022002201001
022002210100
022002221111
022010001100
022010020011
022010100011
022010121100
022010210100
022010211011
022011000001
022011010110
022011011111
022011021000
022011101110
022011110000
022011111001
022011120111
022011200111
022011201000
022011220001
022011221110
022012001010
022012020101
022012100101
022012121010
022012210010
022012211101
022020001010
022020010111
022020021001
022020101111
022020110001
022020121010
022020201001
022020210010
022020221111
022021001101
022021020100
022021100100
022021121101
022021210101
022021211100
022022000000
022022011110
022022020011
022022100011
022022111000
022022120110
022022200110
022022211011
022022220000
022100010011
022100011001
022100101011
022100120001
022100200001
022100221011
022101000101
022101000110
022101021100
022101021111
022101110100
022101110111
022101111101
022101111110
022101201100
022101201111
022101220101
022101220110
022102010000
022102011010
022102101000
022102120010
022102200010
022102221000
022110000111
022110010000
022110011010
022110021101
022110101000
022110110101
022110111111
022110120010
022110200010
022110201101
022110220111
022110221000
022112000100
022112010011
022112011001
022112021110
022112101011
022112110110
022112111100
022112120001
022112200001
022112201110
022112220100
022112221011
022120000100
022120021110
022120110110
022120111100
022120201110
022120220100
022121010001
022121010010
022121011000
022121011011
022121101001
022121101010
022121120000
022121120011
022121200000
022121200011
022121221001
022121221010
022122000111
022122021101
022122110101
022122111111
022122201101
022122220111
022200001111
022200010100
022200021010
022200101100
022200110010
022200121111
022200201010
022200210111
022200221100
022201001000
022201020001
022201100001
022201121000
022201210000
022201211001
022202000011
022202011101
022202020110
022202100110
022202111011
022202120101
022202200101
022202211110
022202220011
022210001001
022210020110
022210100110
022210121001
022210210001
022210211110
022211000010
022211010101
022211011100
022211021011
022211101101
022211110011
022211111010
022211120100
022211200100
022211201011
022211220010
022211221101
022212001111
022212020000
022212100000
022212121111
022212210111
022212211000
022220000011
022220011101
022220020000
022220100000
022220111011
022220120101
022220200101
022220211000
022220220011
022221001110
022221020111
022221100111
022221121110
022221210110
022221211111
022222001001
022222010100
022222021010
022222101100
022222110010
022222121001
022222201010
022222210001
022222221100
100000000001
100000000100
100000000101
100000000111
100000001101
100000011011
100000020010
100000020100
100000020110
100000020111
100000021110
100000100010
100000100100
100000100110
100000100111
100000111101
100000120011
100000200011
100000211110
100000220001
100000220100
100000220101
100000220111
100001001000
100001020001
100001100001
100001121000
100001210000
100001211001
100002001011
100002001101
100002001111
100002010010
100002021000
100002021100
100002021110
100002101010
100002110100
100002121011
100002121101
100002121111
100002201000
100002201100
100002201110
100002210111
100002221010
100010001001
100010010010
100010021000
100010021100
100010021110
100010101010
100010110100
100010121001
100010201000
100010201100
100010201110
100010210001
100010221010
100011001110
100011020111
100011100111
100011121110
100011210110
100011211111
100012000001
100012000101
100012000111
100012001101
100012011011
100012020000
100012100000
100012111101
100012120011
100012200011
100012211000
100012220001
100012220101
100012220111
100020001011
100020001101
100020001111
100020020000
100020100000
100020121011
100020121101
100020121111
100020210111
100020211000
100021000100
100021010011
100021011010
100021021101
100021101011
100021110101
100021111100
100021120010
100021200010
100021201101
100021220100
100021221011
100022001001
100022020010
100022020100
100022020110
100022021110
100022100010
100022100100
100022100110
100022121001
100022210001
100022211110
100100000010
100100021000
100100110000
100100111010
100100201000
100100220010
100101010100
100101010111
100101011101
100101011110
100101101100
100101101111
100101120101
100101120110
100101200101
100101200110
100101221100
100101221111
100102000001
100102021011
100102110011
100102111001
100102201011
100102220001
100110010101
100110011111
100110101101
100110120111
100110200111
100110221101
100111000000
100111000011
100111021001
100111021010
100111110001
100111110010
100111111000
100111111011
100111201001
100111201010
100111220000
100111220011
100112010110
100112011100
100112101110
100112120100
100112200100
100112221110
100120000001
100120010110
100120011100
100120021011
100120101110
100120110011
100120111001
100120120100
100120200100
100120201011
100120220001
100120221110
100122000010
100122010101
100122011111
100122021000
100122101101
100122110000
100122111010
100122120111
100122200111
100122201000
100122220010
100122221101
100200001000
100200001100
100200010001
100200021011
100200021111
100200101001
100200110111
100200121000
100200121100
100200201011
100200201111
100200210100
100200221001
100201001011
100201020010
100201100010
100201121011
100201210011
100201211010
100202000010
100202000110
100202011000
100202020001
100202020101
100202100001
100202100101
100202111110
100202120000
100202200000
100202211101
100202220010
100202220110
100210000010
100210000110
100210011000
100210020011
100210100011
100210111110
100210120000
100210200000
100210211011
100210220010
100210220110
100211001101
100211020100
100211100100
100211121101
100211210101
100211211100
100212001010
100212010001
100212021011
100212021111
100212101001
100212110111
100212121010
100212201011
100212201111
100212210010
100212221001
100220001010
100220020001
100220020101
100220100001
100220100101
100220121010
100220210010
100220211101
100221000111
100221010000
100221011001
100221021110
100221101000
100221110110
100221111111
100221120001
100221200001
100221201110
100221220111
100221221000
100222001000
100222001100
100222020011
100222100011
100222121000
100222121100
100222210100
100222211011
101000001000
101000001100
101000010001
101000021010
101000101001
101000110010
101000121000
101000121100
101000201010
101000210100
101000221001
101001010110
101001011111
101001101110
101001120111
101001200111
101001221110
101002000011
101002011000
101002020001
101002020101
101002100001
101002100101
101002111011
101002120000
101002200000
101002211101
101002220011
101010010111
101010011000
101010100111
101010101011
101010101101
101010101110
101010101111
101010120000
101010200000
101010221011
101010221101
101010221110
101010221111
101011000010
101011001101
101011020100
101011021011
101011100100
101011110011
101011111010
101011121101
101011201011
101011210101
101011211100
101011220010
101012010001
101012011110
101012101001
101012120010
101012120100
101012120110
101012200010
101012200100
101012200110
101012221001
101020000011
101020011110
101020020001
101020020101
101020100001
101020100101
101020111011
101020120010
101020120100
101020120110
101020200010
101020200100
101020200110
101020211101
101020220011
101021010000
101021011001
101021101000
101021120001
101021200001
101021221000
101022001000
101022001100
101022010111
101022021010
101022100111
101022101011
101022101101
101022101111
101022110010
101022121000
101022121100
101022201010
101022210100
101022221011
101022221101
101022221111
101100000111
101100021101
101100110101
101100111111
101100201101
101100220111
101101001001
101101001010
101101020000
101101020011
101101100000
101101100011
101101121001
101101121010
101101210001
101101210010
101101211000
101101211011
101102000100
101102021110
101102110110
101102111100
101102201110
101102220100
101110000100
101110001011
101110020001
101110021110
101110100001
101110110110
101110111100
101110121011
101110201110
101110210011
101110211001
101110220100
101112000111
101112001000
101112020010
101112021101
101112100010
101112110101
101112111111
101112121000
101112201101
101112210000
101112211010
101112220111
101120001000
101120020010
101120100010
101120121000
101120210000
101120211010
101121000101
101121000110
101121021100
101121021111
101121110100
101121110111
101121111101
101121111110
101121201100
101121201111
101121220101
101121220110
101122001011
101122020001
101122100001
101122121011
101122210011
101122211001
101200000000
101200011011
101200020010
101200020110
101200020111
101200021110
101200100010
101200100110
101200100111
101200111000
101200120011
101200200011
101200211110
101200220000
101201010101
101201011100
101201101101
101201120100
101201200100
101201221101
101202001011
101202001111
101202010010
101202021001
101202101010
101202110001
101202121011
101202121111
101202201001
101202210111
101202221010
101210010010
101210011101
101210101010
101210120001
101210120101
101210200001
101210200101
101210221010
101211000001
101211001110
101211020111
101211021000
101211100111
101211110000
101211111001
101211121110
101211201000
101211210110
101211211111
101211220001
101212010100
101212011011
101212101000
101212101100
101212120011
101212200011
101212221000
101212221100
101220001011
101220001111
101220010100
101220021001
101220101000
101220101100
101220110001
101220121011
101220121111
101220201001
101220210111
101220221000
101220221100
101221010011
101221011010
101221101011
101221120010
101221200010
101221221011
101222000000
101222011101
101222020010
101222020110
101222021110
101222100010
101222100110
101222111000
101222120001
101222120101
101222200001
101222200101
101222211110
101222220000
102000000000
102000021011
102000021111
102000110111
102000111000
102000201011
102000201111
102000220000
102001001011
102001010101
102001011100
102001020010
102001100010
102001101101
102001120100
102001121011
102001200100
102001210011
102001211010
102001221101
102002000010
102002000110
102002021001
102002110001
102002111110
102002201001
102002220010
102002220110
102010000010
102010000110
102010011101
102010020011
102010100011
102010111110
102010120001
102010120101
102010200001
102010200101
102010211011
102010220010
102010220110
102011000001
102011021000
102011110000
102011111001
102011201000
102011220001
102012001010
102012010100
102012021011
102012021111
102012101000
102012101100
102012110111
102012121010
102012201011
102012201111
102012210010
102012221000
102012221100
102020001010
102020010100
102020021001
102020101000
102020101100
102020110001
102020121010
102020201001
102020210010
102020221000
102020221100
102021000111
102021021110
102021110110
102021111111
102021201110
102021220111
102022000000
102022011101
102022020011
102022100011
102022111000
102022120001
102022120101
102022200001
102022200101
102022211011
102022220000
102100001110
102100010011
102100011001
102100020100
102100100100
102100101011
102100120001
102100121110
102100200001
102100210110
102100211100
102100221011
102102001101
102102010000
102102011010
102102020111
102102100111
102102101000
102102120010
102102121101
102102200010
102102210101
102102211111
102102221000
102110010000
102110011010
102110101000
102110120010
102110200010
102110221000
102111001100
102111001111
102111020101
102111020110
102111100101
102111100110
102111121100
102111121111
102111210100
102111210111
102111211101
102111211110
102112010011
102112011001
102112101011
102112120001
102112200001
102112221011
102120001101
102120020111
102120100111
102120121101
102120210101
102120211111
102121010001
102121010010
102121011000
102121011011
102121101001
102121101010
102121120000
102121120011
102121200000
102121200011
102121221001
102121221010
102122001110
102122020100
102122100100
102122121110
102122210110
102122211100
102200000001
102200000100
102200000101
102200001101
102200021010
102200110010
102200111101
102200201010
102200220001
102200220100
102200220101
102201001000
102201010110
102201011111
102201020001
102201100001
102201101110
102201120111
102201121000
102201200111
102201210000
102201211001
102201221110
102202000011
102202021000
102202021100
102202110100
102202111011
102202201000
102202201100
102202220011
102210001001
102210010111
102210021000
102210021100
102210100111
102210101011
102210101110
102210101111
102210110100
102210121001
102210201000
102210201100
102210210001
102210221011
102210221110
102210221111
102211000010
102211021011
102211110011
102211111010
102211201011
102211220010
102212000001
102212000101
102212001101
102212011110
102212020000
102212100000
102212111101
102212120010
102212120110
102212200010
102212200110
102212211000
102212220001
102212220101
102220000011
102220011110
102220020000
102220100000
102220111011
102220120010
102220120110
102220200010
102220200110
102220211000
102220220011
102221000100
102221021101
102221110101
102221111100
102221201101
102221220100
102222001001
102222010111
102222021010
102222100111
102222101011
102222101111
102222110010
102222121001
102222201010
102222210001
102222221011
102222221111
110000010000
110000011100
110000101000
110000120100
110000200100
110000221000
110001000011
110001000110
110001021010
110001021111
110001110010
110001110111
110001111011
110001111110
110001201010
110001201111
110001220011
110001220110
110002010101
110002011001
110002101101
110002120001
110002200001
110002221101
110010000111
110010021011
110010110011
110010111111
110010201011
110010220111
110011010001
110011010100
110011011000
110011011101
110011101001
110011101100
110011120000
110011120101
110011200000
110011200101
110011221001
110011221100
110012000010
110012021110
110012110110
110012111010
110012201110
110012220010
110020000010
110020010101
110020011001
110020021110
110020101101
110020110110
110020111010
110020120001
110020200001
110020201110
110020220010
110020221101
110022000111
110022010000
110022011100
110022021011
110022101000
110022110011
110022111111
110022120100
110022200100
110022201011
110022220111
110022221000
110100001001
110100001111
110100020011
110100020101
110100100011
110100100101
110100121001
110100121111
110100210001
110100210111
110100211011
110100211101
110102001010
110102001100
110102020000
110102020110
110102100000
110102100110
110102121010
110102121100
110102210010
110102210100
110102211000
110102211110
110110001010
110110001100
110110020000
110110020110
110110100000
110110100110
110110121010
110110121100
110110210010
110110210100
110110211000
110110211110
110112001001
110112001111
110112020011
110112020101
110112100011
110112100101
110112121001
110112121111
110112210001
110112210111
110112211011
110112211101
110121001000
110121001011
110121001101
110121001110
110121020001
110121020010
110121020100
110121020111
110121100001
110121100010
110121100100
110121100111
110121121000
110121121011
110121121101
110121121110
110121210000
110121210011
110121210101
110121210110
110121211001
110121211010
110121211100
110121211111
110200010110
110200011010
110200101110
110200120010
110200200010
110200221110
110201000000
110201000101
110201021001
110201021100
110201110001
110201110100
110201111000
110201111101
110201201001
110201201100
110201220000
110201220101
110202010011
110202011111
110202101011
110202120111
110202200111
110202221011
110210000001
110210021101
110210110101
110210111001
110210201101
110210220001
110211010010
110211010111
110211011011
110211011110
110211101010
110211101111
110211120011
110211120110
110211200011
110211200110
110211221010
110211221111
110212000100
110212021000
110212110000
110212111100
110212201000
110212220100
110220000100
110220010011
110220011111
110220021000
110220101011
110220110000
110220111100
110220120111
110220200111
110220201000
110220220100
110220221011
110222000001
110222010110
110222011010
110222021101
110222101110
110222110101
110222111001
110222120010
110222200010
110222201101
110222220001
110222221110
111000001011
111000020111
111000100111
111000121011
111000210011
111000211111
111001000000
111001000101
111001021001
111001021100
111001110001
111001110100
111001111000
111001111101
111001201001
111001201100
111001220000
111001220101
111002001110
111002020010
111002100010
111002121110
111002210110
111002211010
111010000001
111010001110
111010020010
111010021101
111010100010
111010110101
111010111001
111010121110
111010201101
111010210110
111010211010
111010220001
111012000100
111012001011
111012020111
111012021000
111012100111
111012110000
111012111100
111012121011
111012201000
111012210011
111012211111
111012220100
111020000100
111020021000
111020110000
111020111100
111020201000
111020220100
111021001010
111021001111
111021020011
111021020110
111021100011
111021100110
111021121010
111021121111
111021210010
111021210111
111021211011
111021211110
111022000001
111022021101
111022110101
111022111001
111022201101
111022220001
111100010010
111100010100
111100011000
111100011110
111100101010
111100101100
111100120000
111100120110
111100200000
111100200110
111100221010
111100221100
111102010001
111102010111
111102011011
111102011101
111102101001
111102101111
111102120011
111102120101
111102200011
111102200101
111102221001
111102221111
111111010000
111111010011
111111010101
111111010110
111111011001
111111011010
111111011100
111111011111
111111101000
111111101011
111111101101
111111101110
111111120001
111111120010
111111120100
111111120111
111111200001
111111200010
111111200100
111111200111
111111221000
111111221011
111111221101
111111221110
111120010001
111120010111
111120011011
111120011101
111120101001
111120101111
111120120011
111120120101
111120200011
111120200101
111120221001
111120221111
111122010010
111122010100
111122011000
111122011110
111122101010
111122101100
111122120000
111122120110
111122200000
111122200110
111122221010
111122221100
111200001101
111200020001
111200100001
111200121101
111200210101
111200211001
111201000011
111201000110
111201021010
111201021111
111201110010
111201110111
111201111011
111201111110
111201201010
111201201111
111201220011
111201220110
111202001000
111202020100
111202100100
111202121000
111202210000
111202211100
111210000111
111210001000
111210020100
111210021011
111210100100
111210110011
111210111111
111210121000
111210201011
111210210000
111210211100
111210220111
111212000010
111212001101
111212020001
111212021110
111212100001
111212110110
111212111010
111212121101
111212201110
111212210101
111212211001
111212220010
111220000010
111220021110
111220110110
111220111010
111220201110
111220220010
111221001001
111221001100
111221020000
111221020101
111221100000
111221100101
111221121001
111221121100
111221210001
111221210100
111221211000
111221211101
111222000111
111222021011
111222110011
111222111111
111222201011
111222220111
112000001101
112000010110
112000011010
112000020001
112000100001
112000101110
112000120010
112000121101
112000200010
112000210101
112000211001
112000221110
112002001000
112002010011
112002011111
112002020100
112002100100
112002101011
112002120111
112002121000
112002200111
112002210000
112002211100
112002221011
112010001000
112010020100
112010100100
112010121000
112010210000
112010211100
112011010010
112011010111
112011011011
112011011110
112011101010
112011101111
112011120011
112011120110
112011200011
112011200110
112011221010
112011221111
112012001101
112012020001
112012100001
112012121101
112012210101
112012211001
112020010011
112020011111
112020101011
112020120111
112020200111
112020221011
112021001001
112021001100
112021020000
112021020101
112021100000
112021100101
112021121001
112021121100
112021210001
112021210100
112021211000
112021211101
112022010110
112022011010
112022101110
112022120010
112022200010
112022221110
112101000001
112101000010
112101000100
112101000111
112101021000
112101021011
112101021101
112101021110
112101110000
112101110011
112101110101
112101110110
112101111001
112101111010
112101111100
112101111111
112101201000
112101201011
112101201101
112101201110
112101220001
112101220010
112101220100
112101220111
112110000011
112110000101
112110021001
112110021111
112110110001
112110110111
112110111011
112110111101
112110201001
112110201111
112110220011
112110220101
112112000000
112112000110
112112021010
112112021100
112112110010
112112110100
112112111000
112112111110
112112201010
112112201100
112112220000
112112220110
112120000000
112120000110
112120021010
112120021100
112120110010
112120110100
112120111000
112120111110
112120201010
112120201100
112120220000
112120220110
112122000011
112122000101
112122021001
112122021111
112122110001
112122110111
112122111011
112122111101
112122201001
112122201111
112122220011
112122220101
112200001011
112200010000
112200011100
112200020111
112200100111
112200101000
112200120100
112200121011
112200200100
112200210011
112200211111
112200221000
112202001110
112202010101
112202011001
112202020010
112202100010
112202101101
112202120001
112202121110
112202200001
112202210110
112202211010
112202221101
112210001110
112210020010
112210100010
112210121110
112210210110
112210211010
112211010001
112211010100
112211011000
112211011101
112211101001
112211101100
112211120000
112211120101
112211200000
112211200101
112211221001
112211221100
112212001011
112212020111
112212100111
112212121011
112212210011
112212211111
112220010101
112220011001
112220101101
112220120001
112220200001
112220221101
112221001010
112221001111
112221020011
112221020110
112221100011
112221100110
112221121010
112221121111
112221210010
112221210111
112221211011
112221211110
112222010000
112222011100
112222101000
112222120100
112222200100
112222221000
120000001010
120000010111
120000021001
120000100111
120000101101
120000101110
120000101111
120000110001
120000121010
120000201001
120000210010
120000221101
120000221110
120000221111
120001001101
120001020100
120001100100
120001121101
120001210101
120001211100
120002000000
120002011110
120002020011
120002100011
120002111000
120002120100
120002120110
120002200100
120002200110
120002211011
120002220000
120010000000
120010011110
120010020100
120010020101
120010020111
120010021101
120010100100
120010100101
120010100111
120010111000
120010120100
120010120110
120010200100
120010200110
120010211101
120010220000
120011001011
120011020010
120011100010
120011121011
120011210011
120011211010
120012001100
120012001110
120012010111
120012021001
120012100111
120012101101
120012101111
120012110001
120012121100
120012121110
120012201001
120012210100
120012221101
120012221111
120020001100
120020001110
120020020011
120020100011
120020121100
120020121110
120020210100
120020211011
120021000001
120021010110
120021011111
120021021000
120021101110
120021110000
120021111001
120021120111
120021200111
120021201000
120021220001
120021221110
120022001010
120022020101
120022020111
120022021101
120022100101
120022100111
120022121010
120022210010
120022211101
120100000100
120100021110
120100110110
120100111100
120100201110
120100220100
120101010001
120101010010
120101011000
120101011011
120101101001
120101101010
120101120000
120101120011
120101200000
120101200011
120101221001
120101221010
120102000111
120102021101
120102110101
120102111111
120102201101
120102220111
120110010011
120110011001
120110101011
120110120001
120110200001
120110221011
120111000101
120111000110
120111021100
120111021111
120111110100
120111110111
120111111101
120111111110
120111201100
120111201111
120111220101
120111220110
120112010000
120112011010
120112101000
120112120010
120112200010
120112221000
120120000111
120120010000
120120011010
120120021101
120120101000
120120110101
120120111111
120120120010
120120200010
120120201101
120120220111
120120221000
120122000100
120122010011
120122011001
120122021110
120122101011
120122110110
120122111100
120122120001
120122200001
120122201110
120122220100
120122221011
120200000011
120200011101
120200020000
120200100000
120200111011
120200120101
120200200101
120200211000
120200220011
120201001110
120201020111
120201100111
120201121110
120201210110
120201211111
120202001001
120202010100
120202021010
120202101100
120202110010
120202121001
120202201010
120202210001
120202221100
120210001111
120210010100
120210021010
120210101100
120210110010
120210121111
120210201010
120210210111
120210221100
120211001000
120211020001
120211100001
120211121000
120211210000
120211211001
120212000011
120212011101
120212020110
120212100110
120212111011
120212120101
120212200101
120212211110
120212220011
120220001001
120220020110
120220100110
120220121001
120220210001
120220211110
120221000010
120221010101
120221011100
120221021011
120221101101
120221110011
120221111010
120221120100
120221200100
120221201011
120221220010
120221221101
120222001111
120222020000
120222100000
120222121111
120222210111
120222211000
121000000100
121000000110
121000000111
121000001110
121000011101
121000020000
121000100000
121000111110
121000120101
121000200101
121000211000
121000220100
121000220110
121000220111
121001010011
121001011010
121001101011
121001120010
121001200010
121001221011
121002001001
121002010100
121002021101
121002021111
121002101100
121002110111
121002121001
121002201101
121002201111
121002210001
121002221100
121010010100
121010011011
121010101100
121010120011
121010200011
121010221100
121011000111
121011001000
121011020001
121011021110
121011100001
121011110110
121011111111
121011121000
121011201110
121011210000
121011211001
121011220111
121012010010
121012011101
121012101010
121012120101
121012200101
121012221010
121020001001
121020010010
121020021101
121020021111
121020101010
121020110111
121020121001
121020201101
121020201111
121020210001
121020221010
121021010101
121021011100
121021101101
121021120100
121021200100
121021221101
121022000100
121022000110
121022001110
121022011011
121022020000
121022100000
121022111110
121022120011
121022200011
121022211000
121022220100
121022220110
121100000001
121100021011
121100110011
121100111001
121100201011
121100220001
121101001100
121101001111
121101020101
121101020110
121101100101
121101100110
121101121100
121101121111
121101210100
121101210111
121101211101
121101211110
121102000010
121102021000
121102110000
121102111010
121102201000
121102220010
121110000010
121110001101
121110020111
121110021000
121110100111
121110110000
121110111010
121110121101
121110201000
121110210101
121110211111
121110220010
121112000001
121112001110
121112020100
121112021011
121112100100
121112110011
121112111001
121112121110
121112201011
121112210110
121112211100
121112220001
121120001110
121120020100
121120100100
121120121110
121120210110
121120211100
121121000000
121121000011
121121021001
121121021010
121121110001
121121110010
121121111000
121121111011
121121201001
121121201010
121121220000
121121220011
121122001101
121122020111
121122100111
121122121101
121122210101
121122211111
121200001010
121200010111
121200021100
121200100111
121200101110
121200101111
121200110100
121200121010
121200201100
121200210010
121200221110
121200221111
121201010000
121201011001
121201101000
121201120001
121201200001
121201221000
121202000101
121202011110
121202020011
121202100011
121202111101
121202120110
121202200110
121202211011
121202220101
121210010001
121210011110
121210101001
121210120110
121210200110
121210221001
121211000100
121211001011
121211020010
121211021101
121211100010
121211110101
121211111100
121211121011
121211201101
121211210011
121211211010
121211220100
121212010111
121212011000
121212100111
121212101111
121212120000
121212200000
121212221111
121220000101
121220011000
121220020011
121220100011
121220111101
121220120000
121220200000
121220211011
121220220101
121221010110
121221011111
121221101110
121221120111
121221200111
121221221110
121222001010
121222010001
121222021100
121222101001
121222110100
121222121010
121222201100
121222210010
121222221001
122000000011
122000021100
122000110100
122000111011
122000201100
122000220011
122001001110
122001010000
122001011001
122001020111
122001100111
122001101000
122001120001
122001121110
122001200001
122001210110
122001211111
122001221000
122002000101
122002021010
122002110010
122002111101
122002201010
122002220101
122010001111
122010010001
122010021010
122010101001
122010110010
122010121111
122010201010
122010210111
122010221001
122011000100
122011021101
122011110101
122011111100
122011201101
122011220100
122012000011
122012011000
122012020110
122012100110
122012111011
122012120000
122012200000
122012211110
122012220011
122020000101
122020011000
122020020110
122020100110
122020111101
122020120000
122020200000
122020211110
122020220101
122021000010
122021021011
122021110011
122021111010
122021201011
122021220010
122022001111
122022010001
122022021100
122022101001
122022110100
122022121111
122022201100
122022210111
122022221001
122100001000
122100010101
122100011111
122100020010
122100100010
122100101101
122100120111
122100121000
122100200111
122100210000
122100211010
122100221101
122102001011
122102010110
122102011100
122102020001
122102100001
122102101110
122102120100
122102121011
122102200100
122102210011
122102211001
122102221110
122110010110
122110011100
122110101110
122110120100
122110200100
122110221110
122111001001
122111001010
122111020000
122111020011
122111100000
122111100011
122111121001
122111121010
122111210001
122111210010
122111211000
122111211011
122112010101
122112011111
122112101101
122112120111
122112200111
122112221101
122120001011
122120020001
122120100001
122120121011
122120210011
122120211001
122121010100
122121010111
122121011101
122121011110
122121101100
122121101111
122121120101
122121120110
122121200101
122121200110
122121221100
122121221111
122122001000
122122020010
122122100010
122122121000
122122210000
122122211010
122200000110
122200000111
122200001110
122200021001
122200110001
122200111110
122200201001
122200220110
122200220111
122201001101
122201010011
122201011010
122201020100
122201100100
122201101011
122201120010
122201121101
122201200010
122201210101
122201211100
122201221011
122202000000
122202021111
122202110111
122202111000
122202201111
122202220000
122210000000
122210011011
122210020100
122210020101
122210021101
122210100100
122210100101
122210111000
122210120011
122210200011
122210211101
122210220000
122211000111
122211021110
122211110110
122211111111
122211201110
122211220111
122212001100
122212010010
122212021001
122212101010
122212110001
122212121100
122212201001
122212210100
122212221010
122220001100
122220010010
122220021111
122220101010
122220110111
122220121100
122220201111
122220210100
122220221010
122221000001
122221021000
122221110000
122221111001
122221201000
122221220001
122222000110
122222001110
122222011011
122222020101
122222021101
122222100101
122222111110
122222120011
122222200011
122222211101
122222220110
200000001010
200000010100
200000021001
200000101100
200000110001
200000121010
200000201001
200000210010
200000221100
200001000111
200001021110
200001110110
200001111111
200001201110
200001220111
200002000000
200002011101
200002020011
200002100011
200002111000
200002120101
200002200101
200002211011
200002220000
200010000000
200010021111
200010110111
200010111000
200010201111
200010220000
200011001011
200011010101
200011011100
200011020010
200011100010
200011101101
200011120100
200011121011
200011200100
200011210011
200011211010
200011221101
200012000110
200012021001
200012110001
200012111110
200012201001
200012220110
200020000110
200020011101
200020020011
200020100011
200020111110
200020120101
200020200101
200020211011
200020220110
200021000001
200021021000
200021110000
200021111001
200021201000
200021220001
200022001010
200022010100
200022021111
200022101100
200022110111
200022121010
200022201111
200022210010
200022221100
200100001101
200100020111
200100100111
200100121101
200100210101
200100211111
200101010001
200101010010
200101011000
200101011011
200101101001
200101101010
200101120000
200101120011
200101200000
200101200011
200101221001
200101221010
200102001110
200102020100
200102100100
200102121110
200102210110
200102211100
200110001110
200110010011
200110011001
200110020100
200110100100
200110101011
200110120001
200110121110
200110200001
200110210110
200110211100
200110221011
200112001101
200112010000
200112011010
200112020111
200112100111
200112101000
200112120010
200112121101
200112200010
200112210101
200112211111
200112221000
200120010000
200120011010
200120101000
200120120010
200120200010
200120221000
200121001100
200121001111
200121020101
200121020110
200121100101
200121100110
200121121100
200121121111
200121210100
200121210111
200121211101
200121211110
200122010011
200122011001
200122101011
200122120001
200122200001
200122221011
200200000011
200200011110
200200020000
200200100000
200200111011
200200120110
200200200110
200200211000
200200220011
200201000100
200201021101
200201110101
200201111100
200201201101
200201220100
200202001001
200202010111
200202021010
200202101111
200202110010
200202121001
200202201010
200202210001
200202221111
200210000101
200210021010
200210110010
200210111101
200210201010
200210220101
200211001000
200211010110
200211011111
200211020001
200211100001
200211101110
200211120111
200211121000
200211200111
200211210000
200211211001
200211221110
200212000011
200212021100
200212110100
200212111011
200212201100
200212220011
200220001001
200220010111
200220021100
200220101111
200220110100
200220121001
200220201100
200220210001
200220221111
200221000010
200221021011
200221110011
200221111010
200221201011
200221220010
200222000101
200222011110
200222020000
200222100000
200222111101
200222120110
200222200110
200222211000
200222220101
201000001111
201000020000
201000100000
201000121111
201000210111
201000211000
201001000100
201001010011
201001011010
201001021101
201001101011
201001110101
201001111100
201001120010
201001200010
201001201101
201001220100
201001221011
201002001001
201002020110
201002100110
201002121001
201002210001
201002211110
201010000101
201010011011
201010020110
201010100110
201010111101
201010120011
201010200011
201010211110
201010220101
201011001000
201011020001
201011100001
201011121000
201011210000
201011211001
201012001111
201012010010
201012021100
201012101010
201012110100
201012121111
201012201100
201012210111
201012221010
201020001001
201020010010
201020021100
201020101010
201020110100
201020121001
201020201100
201020210001
201020221010
201021001110
201021020111
201021100111
201021121110
201021210110
201021211111
201022000101
201022011011
201022020000
201022100000
201022111101
201022120011
201022200011
201022211000
201022220101
201100000001
201100010110
201100011100
201100021011
201100101110
201100110011
201100111001
201100120100
201100200100
201100201011
201100220001
201100221110
201102000010
201102010101
201102011111
201102021000
201102101101
201102110000
201102111010
201102120111
201102200111
201102201000
201102220010
201102221101
201110000010
201110021000
201110110000
201110111010
201110201000
201110220010
201111010100
201111010111
201111011101
201111011110
201111101100
201111101111
201111120101
201111120110
201111200101
201111200110
201111221100
201111221111
201112000001
201112021011
201112110011
201112111001
201112201011
201112220001
201120010101
201120011111
201120101101
201120120111
201120200111
201120221101
201121000000
201121000011
201121021001
201121021010
201121110001
201121110010
201121111000
201121111011
201121201001
201121201010
201121220000
201121220011
201122010110
201122011100
201122101110
201122120100
201122200100
201122221110
201200001010
201200020101
201200100101
201200121010
201200210010
201200211101
201201000111
201201010000
201201011001
201201021110
201201101000
201201110110
201201111111
201201120001
201201200001
201201201110
201201220111
201201221000
201202001100
201202020011
201202100011
201202121100
201202210100
201202211011
201210001100
201210010001
201210021111
201210101001
201210110111
201210121100
201210201111
201210210100
201210221001
201211001011
201211020010
201211100010
201211121011
201211210011
201211211010
201212000110
201212011000
201212020101
201212100101
201212111110
201212120000
201212200000
201212211101
201212220110
201220000110
201220011000
201220020011
201220100011
201220111110
201220120000
201220200000
201220211011
201220220110
201221001101
201221020100
201221100100
201221121101
201221210101
201221211100
201222001010
201222010001
201222021111
201222101001
201222110111
201222121010
201222201111
201222210010
201222221001
202000000011
202000011110
202000020101
202000100101
202000111011
202000120110
202000200110
202000211101
202000220011
202001010000
202001011001
202001101000
202001120001
202001200001
202001221000
202002001100
202002010111
202002021010
202002101111
202002110010
202002121100
202002201010
202002210100
202002221111
202010001100
202010010001
202010021010
202010101001
202010110010
202010121100
202010201010
202010210100
202010221001
202011010110
202011011111
202011101110
202011120111
202011200111
202011221110
202012000011
202012011000
202012020101
202012100101
202012111011
202012120000
202012200000
202012211101
202012220011
202020010111
202020011000
202020101111
202020120000
202020200000
202020221111
202021000010
202021001101
202021020100
202021021011
202021100100
202021110011
202021111010
202021121101
202021201011
202021210101
202021211100
202021220010
202022010001
202022011110
202022101001
202022120110
202022200110
202022221001
202100001000
202100020010
202100100010
202100121000
202100210000
202100211010
202101000101
202101000110
202101021100
202101021111
202101110100
202101110111
202101111101
202101111110
202101201100
202101201111
202101220101
202101220110
202102001011
202102020001
202102100001
202102121011
202102210011
202102211001
202110000111
202110021101
202110110101
202110111111
202110201101
202110220111
202111001001
202111001010
202111020000
202111020011
202111100000
202111100011
202111121001
202111121010
202111210001
202111210010
202111211000
202111211011
202112000100
202112021110
202112110110
202112111100
202112201110
202112220100
202120000100
202120001011
202120020001
202120021110
202120100001
202120110110
202120111100
202120121011
202120201110
202120210011
202120211001
202120220100
202122000111
202122001000
202122020010
202122021101
202122100010
202122110101
202122111111
202122121000
202122201101
202122210000
202122211010
202122220111
202200001111
202200010100
202200021001
202200101100
202200110001
202200121111
202200201001
202200210111
202200221100
202201010011
202201011010
202201101011
202201120010
202201200010
202201221011
202202000000
202202011101
202202020110
202202100110
202202111000
202202120101
202202200101
202202211110
202202220000
202210000000
202210011011
202210020110
202210100110
202210111000
202210120011
202210200011
202210211110
202210220000
202211010101
202211011100
202211101101
202211120100
202211200100
202211221101
202212001111
202212010010
202212021001
202212101010
202212110001
202212121111
202212201001
202212210111
202212221010
202220010010
202220011101
202220101010
202220120101
202220200101
202220221010
202221000001
202221001110
202221020111
202221021000
202221100111
202221110000
202221111001
202221121110
202221201000
202221210110
202221211111
202221220001
202222010100
202222011011
202222101100
202222120011
202222200011
202222221100
210000010011
210000011111
210000101011
210000120111
210000200111
210000221011
210001001001
210001001100
210001020000
210001020101
210001100000
210001100101
210001121001
210001121100
210001210001
210001210100
210001211000
210001211101
210002010110
210002011010
210002101110
210002120010
210002200010
210002221110
210010001101
210010010110
210010011010
210010020001
210010100001
210010101110
210010120010
210010121101
210010200010
210010210101
210010211001
210010221110
210012001000
210012010011
210012011111
210012020100
210012100100
210012101011
210012120111
210012121000
210012200111
210012210000
210012211100
210012221011
210020001000
210020020100
210020100100
210020121000
210020210000
210020211100
210021010010
210021010111
210021011011
210021011110
210021101010
210021101111
210021120011
210021120110
210021200011
210021200110
210021221010
210021221111
210022001101
210022020001
210022100001
210022121101
210022210101
210022211001
210100000000
210100000110
210100021010
210100021100
210100110010
210100110100
210100111000
210100111110
210100201010
210100201100
210100220000
210100220110
210102000011
210102000101
210102021001
210102021111
210102110001
210102110111
210102111011
210102111101
210102201001
210102201111
210102220011
210102220101
210111000001
210111000010
210111000100
210111000111
210111021000
210111021011
210111021101
210111021110
210111110000
210111110011
210111110101
210111110110
210111111001
210111111010
210111111100
210111111111
210111201000
210111201011
210111201101
210111201110
210111220001
210111220010
210111220100
210111220111
210120000011
210120000101
210120021001
210120021111
210120110001
210120110111
210120111011
210120111101
210120201001
210120201111
210120220011
210120220101
210122000000
210122000110
210122021010
210122021100
210122110010
210122110100
210122111000
210122111110
210122201010
210122201100
210122220000
210122220110
210200010101
210200011001
210200101101
210200120001
210200200001
210200221101
210201001010
210201001111
210201020011
210201020110
210201100011
210201100110
210201121010
210201121111
210201210010
210201210111
210201211011
210201211110
210202010000
210202011100
210202101000
210202120100
210202200100
210202221000
210210001011
210210010000
210210011100
210210020111
210210100111
210210101000
210210120100
210210121011
210210200100
210210210011
210210211111
210210221000
210212001110
210212010101
210212011001
210212020010
210212100010
210212101101
210212120001
210212121110
210212200001
210212210110
210212211010
210212221101
210220001110
210220020010
210220100010
210220121110
210220210110
210220211010
210221010001
210221010100
210221011000
210221011101
210221101001
210221101100
210221120000
210221120101
210221200000
210221200101
210221221001
210221221100
210222001011
210222020111
210222100111
210222121011
210222210011
210222211111
211000000010
211000010101
211000011001
211000021110
211000101101
211000110110
211000111010
211000120001
211000200001
211000201110
211000220010
211000221101
211002000111
211002010000
211002011100
211002021011
211002101000
211002110011
211002111111
211002120100
211002200100
211002201011
211002220111
211002221000
211010010000
211010011100
211010101000
211010120100
211010200100
211010221000
211011000011
211011000110
211011021010
211011021111
211011110010
211011110111
211011111011
211011111110
211011201010
211011201111
211011220011
211011220110
211012010101
211012011001
211012101101
211012120001
211012200001
211012221101
211020000111
211020021011
211020110011
211020111111
211020201011
211020220111
211021010001
211021010100
211021011000
211021011101
211021101001
211021101100
211021120000
211021120101
211021200000
211021200101
211021221001
211021221100
211022000010
211022021110
211022110110
211022111010
211022201110
211022220010
211101001000
211101001011
211101001101
211101001110
211101020001
211101020010
211101020100
211101020111
211101100001
211101100010
211101100100
211101100111
211101121000
211101121011
211101121101
211101121110
211101210000
211101210011
211101210101
211101210110
211101211001
211101211010
211101211100
211101211111
211110001001
211110001111
211110020011
211110020101
211110100011
211110100101
211110121001
211110121111
211110210001
211110210111
211110211011
211110211101
211112001010
211112001100
211112020000
211112020110
211112100000
211112100110
211112121010
211112121100
211112210010
211112210100
211112211000
211112211110
211120001010
211120001100
211120020000
211120020110
211120100000
211120100110
211120121010
211120121100
211120210010
211120210100
211120211000
211120211110
211122001001
211122001111
211122020011
211122020101
211122100011
211122100101
211122121001
211122121111
211122210001
211122210111
211122211011
211122211101
211200000100
211200010011
211200011111
211200021000
211200101011
211200110000
211200111100
211200120111
211200200111
211200201000
211200220100
211200221011
211202000001
211202010110
211202011010
211202021101
211202101110
211202110101
211202111001
211202120010
211202200010
211202201101
211202220001
211202221110
211210010110
211210011010
211210101110
211210120010
211210200010
211210221110
211211000000
211211000101
211211021001
211211021100
211211110001
211211110100
211211111000
211211111101
211211201001
211211201100
211211220000
211211220101
211212010011
211212011111
211212101011
211212120111
211212200111
211212221011
211220000001
211220021101
211220110101
211220111001
211220201101
211220220001
211221010010
211221010111
211221011011
211221011110
211221101010
211221101111
211221120011
211221120110
211221200011
211221200110
211221221010
211221221111
211222000100
211222021000
211222110000
211222111100
211222201000
211222220100
212000000100
212000021000
212000110000
212000111100
212000201000
212000220100
212001001010
212001001111
212001020011
212001020110
212001100011
212001100110
212001121010
212001121111
212001210010
212001210111
212001211011
212001211110
212002000001
212002021101
212002110101
212002111001
212002201101
212002220001
212010001011
212010020111
212010100111
212010121011
212010210011
212010211111
212011000000
212011000101
212011021001
212011021100
212011110001
212011110100
212011111000
212011111101
212011201001
212011201100
212011220000
212011220101
212012001110
212012020010
212012100010
212012121110
212012210110
212012211010
212020000001
212020001110
212020020010
212020021101
212020100010
212020110101
212020111001
212020121110
212020201101
212020210110
212020211010
212020220001
212022000100
212022001011
212022020111
212022021000
212022100111
212022110000
212022111100
212022121011
212022201000
212022210011
212022211111
212022220100
212100010001
212100010111
212100011011
212100011101
212100101001
212100101111
212100120011
212100120101
212100200011
212100200101
212100221001
212100221111
212102010010
212102010100
212102011000
212102011110
212102101010
212102101100
212102120000
212102120110
212102200000
212102200110
212102221010
212102221100
212110010010
212110010100
212110011000
212110011110
212110101010
212110101100
212110120000
212110120110
212110200000
212110200110
212110221010
212110221100
212112010001
212112010111
212112011011
212112011101
212112101001
212112101111
212112120011
212112120101
212112200011
212112200101
212112221001
212112221111
212121010000
212121010011
212121010101
212121010110
212121011001
212121011010
212121011100
212121011111
212121101000
212121101011
212121101101
212121101110
212121120001
212121120010
212121120100
212121120111
212121200001
212121200010
212121200100
212121200111
212121221000
212121221011
212121221101
212121221110
212200000010
212200021110
212200110110
212200111010
212200201110
212200220010
212201001001
212201001100
212201020000
212201020101
212201100000
212201100101
212201121001
212201121100
212201210001
212201210100
212201211000
212201211101
212202000111
212202021011
212202110011
212202111111
212202201011
212202220111
212210001101
212210020001
212210100001
212210121101
212210210101
212210211001
212211000011
212211000110
212211021010
212211021111
212211110010
212211110111
212211111011
212211111110
212211201010
212211201111
212211220011
212211220110
212212001000
212212020100
212212100100
212212121000
212212210000
212212211100
212220000111
212220001000
212220020100
212220021011
212220100100
212220110011
212220111111
212220121000
212220201011
212220210000
212220211100
212220220111
212222000010
212222001101
212222020001
212222021110
212222100001
212222110110
212222111010
212222121101
212222201110
212222210101
212222211001
212222220010
220000000100
220000000101
220000000111
220000001101
220000011000
220000020100
220000020110
220000020111
220000021110
220000100100
220000100110
220000100111
220000111101
220000120000
220000120001
220000120010
220000121000
220000200000
220000200001
220000200010
220000211110
220000220100
220000220101
220000220111
220001000010
220001021011
220001110011
220001111010
220001201011
220001220010
220002001101
220002001111
220002010001
220002021100
220002021110
220002101001
220002101011
220002110100
220002121101
220002121111
220002201100
220002201110
220002210111
220002221001
220002221011
220010000001
220010000010
220010000011
220010001011
220010021100
220010021110
220010110100
220010111011
220010201100
220010201110
220010220001
220010220010
220010220011
220011001110
220011010000
220011011001
220011020111
220011100111
220011101000
220011120001
220011121110
220011200001
220011210110
220011211111
220011221000
220012000101
220012000111
220012001101
220012021000
220012021010
220012110010
220012111101
220012201000
220012201010
220012220101
220012220111
220020001101
220020001111
220020010001
220020021000
220020021010
220020101001
220020101011
220020110010
220020121101
220020121111
220020201000
220020201010
220020210111
220020221001
220020221011
220021000100
220021021101
220021110101
220021111100
220021201101
220021220100
220022000001
220022000011
220022001011
220022011000
220022020100
220022020110
220022021110
220022100100
220022100110
220022111011
220022120000
220022120010
220022121000
220022200000
220022200010
220022211110
220022220001
220022220011
220100001011
220100020001
220100100001
220100121011
220100210011
220100211001
220101010100
220101010111
220101011101
220101011110
220101101100
220101101111
220101120101
220101120110
220101200101
220101200110
220101221100
220101221111
220102001000
220102020010
220102100010
220102121000
220102210000
220102211010
220110001000
220110010101
220110011111
220110020010
220110100010
220110101101
220110120111
220110121000
220110200111
220110210000
220110211010
220110221101
220112001011
220112010110
220112011100
220112020001
220112100001
220112101110
220112120100
220112121011
220112200100
220112210011
220112211001
220112221110
220120010110
220120011100
220120101110
220120120100
220120200100
220120221110
220121001001
220121001010
220121020000
220121020011
220121100000
220121100011
220121121001
220121121010
220121210001
220121210010
220121211000
220121211011
220122010101
220122011111
220122101101
220122120111
220122200111
220122221101
220200001100
220200010010
220200021111
220200101010
220200110111
220200121100
220200201111
220200210100
220200221010
220201000001
220201021000
220201110000
220201111001
220201201000
220201220001
220202000110
220202011011
220202020101
220202100101
220202111110
220202120011
220202200011
220202211101
220202220110
220210000110
220210021001
220210110001
220210111110
220210201001
220210220110
220211001101
220211010011
220211011010
220211020100
220211100100
220211101011
220211120010
220211121101
220211200010
220211210101
220211211100
220211221011
220212000000
220212021111
220212110111
220212111000
220212201111
220212220000
220220000000
220220011011
220220020101
220220100101
220220111000
220220120011
220220200011
220220211101
220220220000
220221000111
220221021110
220221110110
220221111111
220221201110
220221220111
220222001100
220222010010
220222021001
220222101010
220222110001
220222121100
220222201001
220222210100
220222221010
221000001100
221000020001
221000020010
221000020011
221000021011
221000100001
221000100010
221000100011
221000121100
221000210100
221000211011
221001000001
221001010110
221001011111
221001021000
221001101110
221001110000
221001111001
221001120111
221001200111
221001201000
221001220001
221001221110
221002001000
221002001010
221002020101
221002100101
221002121000
221002121010
221002210010
221002211101
221010001000
221010001010
221010010111
221010021001
221010100111
221010101101
221010101110
221010101111
221010110001
221010121000
221010121010
221010201001
221010210010
221010221101
221010221110
221010221111
221011001101
221011020100
221011100100
221011121101
221011210101
221011211100
221012000000
221012011110
221012020001
221012020011
221012021011
221012100001
221012100011
221012111000
221012120100
221012120110
221012200100
221012200110
221012211011
221012220000
221020000000
221020011110
221020020101
221020100101
221020111000
221020120100
221020120110
221020200100
221020200110
221020211101
221020220000
221021001011
221021020010
221021100010
221021121011
221021210011
221021211010
221022001100
221022010111
221022021001
221022100111
221022101101
221022101111
221022110001
221022121100
221022201001
221022210100
221022221101
221022221111
221100000111
221100010000
221100011010
221100021101
221100101000
221100110101
221100111111
221100120010
221100200010
221100201101
221100220111
221100221000
221102000100
221102010011
221102011001
221102021110
221102101011
221102110110
221102111100
221102120001
221102200001
221102201110
221102220100
221102221011
221110000100
221110021110
221110110110
221110111100
221110201110
221110220100
221111010001
221111010010
221111011000
221111011011
221111101001
221111101010
221111120000
221111120011
221111200000
221111200011
221111221001
221111221010
221112000111
221112021101
221112110101
221112111111
221112201101
221112220111
221120010011
221120011001
221120101011
221120120001
221120200001
221120221011
221121000101
221121000110
221121021100
221121021111
221121110100
221121110111
221121111101
221121111110
221121201100
221121201111
221121220101
221121220110
221122010000
221122011010
221122101000
221122120010
221122200010
221122221000
221200001001
221200020110
221200020111
221200021110
221200100110
221200100111
221200121001
221200210001
221200211110
221201000010
221201010101
221201011100
221201021011
221201101101
221201110011
221201111010
221201120100
221201200100
221201201011
221201220010
221201221101
221202001111
221202020000
221202100000
221202121111
221202210111
221202211000
221210000010
221210000011
221210001011
221210011101
221210020000
221210100000
221210111011
221210120101
221210200101
221210211000
221210220010
221210220011
221211001110
221211020111
221211100111
221211121110
221211210110
221211211111
221212001001
221212010100
221212021010
221212101100
221212110010
221212121001
221212201010
221212210001
221212221100
221220001111
221220010100
221220021010
221220101100
221220110010
221220121111
221220201010
221220210111
221220221100
221221001000
221221020001
221221100001
221221121000
221221210000
221221211001
221222000011
221222001011
221222011101
221222020110
221222021110
221222100110
221222111011
221222120101
221222200101
221222211110
221222220011
222000001001
222000010010
222000021111
222000101010
222000110111
222000121001
222000201111
222000210001
222000221010
222001010101
222001011100
222001101101
222001120100
222001200100
222001221101
222002000110
222002011011
222002020000
222002100000
222002111110
222002120011
222002200011
222002211000
222002220110
222010000110
222010011101
222010020000
222010100000
222010111110
222010120101
222010200101
222010211000
222010220110
222011010011
222011011010
222011101011
222011120010
222011200010
222011221011
222012001001
222012010100
222012021111
222012101100
222012110111
222012121001
222012201111
222012210001
222012221100
222020010100
222020011011
222020101100
222020120011
222020200011
222020221100
222021000111
222021001000
222021020001
222021021110
222021100001
222021110110
222021111111
222021121000
222021201110
222021210000
222021211001
222021220111
222022010010
222022011101
222022101010
222022120101
222022200101
222022221010
222100001110
222100020100
222100100100
222100121110
222100210110
222100211100
222101000000
222101000011
222101021001
222101021010
222101110001
222101110010
222101111000
222101111011
222101201001
222101201010
222101220000
222101220011
222102001101
222102020111
222102100111
222102121101
222102210101
222102211111
222110000001
222110021011
222110110011
222110111001
222110201011
222110220001
222111001100
222111001111
222111020101
222111020110
222111100101
222111100110
222111121100
222111121111
222111210100
222111210111
222111211101
222111211110
222112000010
222112021000
222112110000
222112111010
222112201000
222112220010
222120000010
222120001101
222120020111
222120021000
222120100111
222120110000
222120111010
222120121101
222120201000
222120210101
222120211111
222120220010
222122000001
222122001110
222122020100
222122021011
222122100100
222122110011
222122111001
222122121110
222122201011
222122210110
222122211100
222122220001
222200000100
222200000101
222200001101
222200011000
222200020010
222200020011
222200021011
222200100010
222200100011
222200111101
222200120000
222200120001
222200121000
222200200000
222200200001
222200211011
222200220100
222200220101
222201010110
222201011111
222201101110
222201120111
222201200111
222201221110
222202001010
222202010001
222202021100
222202101001
222202110100
222202121010
222202201100
222202210010
222202221001
222210001010
222210010111
222210021100
222210100111
222210101110
222210101111
222210110100
222210121010
222210201100
222210210010
222210221110
222210221111
222211010000
222211011001
222211101000
222211120001
222211200001
222211221000
222212000101
222212001101
222212011110
222212020011
222212021011
222212100011
222212111101
222212120110
222212200110
222212211011
222212220101
222220010001
222220011110
222220101001
222220120110
222220200110
222220221001
222221000100
222221001011
222221020010
222221021101
222221100010
222221110101
222221111100
222221121011
222221201101
222221210011
222221211010
222221220100
222222010111
222222011000
222222100111
222222101111
222222120000
222222121000
222222200000
222222221111