00000020
00000112
00000201
00002020
00002112
00002201
00011022
00011111
00011200
00012022
00012111
00012200
00020021
00020110
00020202
00021021
00021110
00021202
00100011
00100100
00100222
00102002
00102121
00102210
00111001
00111120
00111212
00112010
00112102
00112221
00120000
00120122
00120211
00121012
00121101
00121220
00201000
00201010
00201102
00201122
00201211
00201221
00210002
00210012
00210101
00210121
00210210
00210220
00222001
00222011
00222100
00222120
00222212
00222222
01000001
01000120
01000212
01001001
01001120
01001212
01010000
01010122
01010211
01012000
01012122
01012211
01021002
01021121
01021210
01022002
01022121
01022210
01100010
01100102
01100221
01101022
01101111
01101200
01110021
01110110
01110202
01112012
01112101
01112220
01121011
01121100
01121222
01122020
01122112
01122201
01202011
01202021
01202100
01202110
01202202
01202222
01211010
01211020
01211102
01211112
01211201
01211221
01220012
01220022
01220101
01220111
01220200
01220220
02001012
02001101
02001220
02002012
02002101
02002220
02010011
02010100
02010222
02011011
02011100
02011222
02020010
02020102
02020221
02022010
02022102
02022221
02101021
02101110
02101202
02102000
02102122
02102211
02110020
02110112
02110201
02111002
02111121
02111210
02120001
02120120
02120212
02122022
02122111
02122200
02200002
02200022
02200111
02200121
02200200
02200210
02212001
02212021
02212110
02212120
02212202
02212212
02221000
02221020
02221112
02221122
02221201
02221211
10000002
10000121
10000210
10001002
10001121
10001210
10010001
10010120
10010212
10012001
10012120
10012212
10021000
10021122
10021211
10022000
10022122
10022211
10100011
10100100
10100222
10101020
10101112
10101201
10110022
10110111
10110200
10112010
10112102
10112221
10121012
10121101
10121220
10122021
10122110
10122202
10202012
10202022
10202101
10202111
10202200
10202220
10211011
10211021
10211100
10211110
10211202
10211222
10220010
10220020
10220102
10220112
10220201
10220221
11001010
11001102
11001221
11002010
11002102
11002221
11010012
11010101
11010220
11011012
11011101
11011220
11020011
11020100
11020222
11022011
11022100
11022222
11101022
11101111
11101200
11102001
11102120
11102212
11110021
11110110
11110202
11111000
11111122
11111211
11120002
11120121
11120210
11122020
11122112
11122201
11200000
11200020
11200112
11200122
11200201
11200211
11212002
11212022
11212111
11212121
11212200
11212210
11221001
11221021
11221110
11221120
11221202
11221212
12000021
12000110
12000202
12002021
12002110
12002202
12011020
12011112
12011201
12012020
12012112
12012201
12020022
12020111
12020200
12021022
12021111
12021200
12100012
12100101
12100220
12102000
12102122
12102211
12111002
12111121
12111210
12112011
12112100
12112222
12120001
12120120
12120212
12121010
12121102
12121221
12201001
12201011
12201100
12201120
12201212
12201222
12210000
12210010
12210102
12210122
12210211
12210221
12222002
12222012
12222101
12222121
12222210
12222220
20001011
20001100
20001222
20002011
20002100
20002222
20010010
20010102
20010221
20011010
20011102
20011221
20020012
20020101
20020220
20022012
20022101
20022220
20101020
20101112
20101201
20102002
20102121
20102210
20110022
20110111
20110200
20111001
20111120
20111212
20120000
20120122
20120211
20122021
20122110
20122202
20200001
20200021
20200110
20200120
20200202
20200212
20212000
20212020
20212112
20212122
20212201
20212211
20221002
20221022
20221111
20221121
20221200
20221210
21000022
21000111
21000200
21002022
21002111
21002200
21011021
21011110
21011202
21012021
21012110
21012202
21020020
21020112
21020201
21021020
21021112
21021201
21100010
21100102
21100221
21102001
21102120
21102212
21111000
21111122
21111211
21112012
21112101
21112220
21120002
21120121
21120210
21121011
21121100
21121222
21201002
21201012
21201101
21201121
21201210
21201220
21210001
21210011
21210100
21210120
21210212
21210222
21222000
21222010
21222102
21222122
21222211
21222221
22000000
22000122
22000211
22001000
22001122
22001211
22010002
22010121
22010210
22012002
22012121
22012210
22021001
22021120
22021212
22022001
22022120
22022212
22100012
22100101
22100220
22101021
22101110
22101202
22110020
22110112
22110201
22112011
22112100
22112222
22121010
22121102
22121221
22122022
22122111
22122200
22202010
22202020
22202102
22202112
22202201
22202221
22211012
22211022
22211101
22211111
22211200
22211220
22220011
22220021
22220100
22220110
22220202
22220222