000000000
000000102
000001111
000002010
000002222
000010122
000010211
000011021
000011200
000012002
000020011
000020210
000020221
000021022
000022100
000022211
000100201
000100221
000101002
000101111
000102120
000110201
000111010
000112120
000112121
000112212
000120012
000120110
000120112
000120211
000121220
000122001
000200221
000201210
000202022
000202101
000210020
000210201
000211102
000211112
000211222
000212011
000220012
000220110
000221000
000221121
000222202
001000220
001001202
001001212
001002021
001002121
001010012
001011110
001011120
001012110
001012201
001020020
001020101
001021101
001021212
001022002
001100122
001101020
001101111
001102012
001102200
001110021
001110210
001111001
001111222
001112102
001120101
001121202
001121212
001122010
001122221
001200001
001200002
001200010
001201100
001201222
001202211
001210111
001210222
001211022
001211221
001211222
001212000
001220200
001221011
001222112
001222120
001222122
002000022
002000110
002001001
002001221
002002112
002002200
002010121
002010202
002012011
002012220
002020211
002021010
002021122
002022002
002022220
002100011
002101122
002101200
002102000
002102202
002102210
002110000
002110100
002111100
002111211
002112022
002112200
002120000
002120222
002121021
002121100
002122111
002200120
002200212
002201020
002202101
002211002
002211012
002211112
002212101
002212210
002212220
002220021
002220102
002221201
002222021
002222210
010000012
010000120
010001100
010001122
010001220
010002201
010010101
010011212
010012020
010012111
010020000
010020211
010021001
010021120
010022112
010022222
010100210
010101021
010102011
010102021
010102102
010110002
010110022
010110222
010111010
010111110
010112200
010120121
010121102
010121211
010122200
010200111
010200202
010201120
010201202
010202000
010202212
010210100
010211001
010212122
010212221
010220220
010221022
010221211
010222010
010222101
011000200
011001010
011001011
011002002
011002121
011010221
011011011
011011102
011012020
011020110
011020122
011021221
011022002
011022210
011100100
011101201
011102110
011102222
011110002
011110112
011110202
011111121
011112020
011112211
011120011
011120220
011121000
011121122
011122101
011200001
011200021
011200022
011201112
011202220
011210120
011211200
011211210
011211222
011212012
011212101
011220212
011221020
011221101
011222100
011222111
011222201
012000101
012000222
012001120
012002002
012002211
012010010
012010112
012010210
012011022
012011201
012012100
012020021
012021111
012021200
012021202
012022021
012100020
012100112
012101012
012101101
012101212
012102200
012110012
012110111
012110122
012111220
012112001
012112112
012120201
012121012
012122012
012122120
012122212
012201000
012201221
012202110
012202122
012210010
012210011
012210211
012211121
012212202
012220002
012220102
012220220
012221110
012222021
020000021
020001120
020001201
020002002
020002210
020010110
020010220
020011002
020011221
020012001
020012002
020012012
020012102
020020202
020021010
020021112
020022121
020100100
020101000
020101222
020102112
020110011
020111101
020111122
020112200
020120020
020120202
020121211
020122020
020122022
020122211
020200010
020200122
020201011
020201012
020202101
020202220
020210121
020210212
020211020
020212002
020212110
020220001
020220122
020221100
020221200
020222211
021000111
021000112
021000211
021001022
021002100
021010000
021010001
021011000
021012122
021012212
021012222
021020202
021021101
021021220
021022011
021100010
021100211
021100212
021101102
021101220
021102001
021110120
021111012
021112111
021112200
021120022
021120101
021121021
021121110
021122022
021122200
021200012
021200020
021200110
021201121
021202010
021202202
021210102
021211201
021211210
021211211
021212021
021220010
021220221
021221002
021222101
021222112
021222120
022000222
022001102
022001210
022002020
022010001
022011000
022011111
022012122
022012212
022020012
022020100
022020120
022021021
022022110
022022201
022100002
022100121
022101110
022102121
022102221
022110112
022110221
022111021
022111202
022112010
022112221
022120021
022120210
022121001
022121020
022121121
022122102
022200200
022200201
022201011
022201102
022202011
022202012
022210022
022210200
022211120
022212101
022220111
022221212
022221222
022222000
022222222
100000121
100001012
100001220
100002202
100010100
100010222
100011012
100011101
100012101
100012210
100020002
100020211
100021110
100022020
100022021
100022122
100100010
100100020
100100022
100101100
100102211
100110111
100111202
100111210
100111221
100112000
100112122
100120200
100121011
100121122
100122102
100122120
100122222
100200112
100201001
100201021
100201201
100202110
100202112
100210002
100210210
100211120
100212011
100220101
100221212
100222020
100222220
100222221
101000011
101000100
101001000
101001122
101002000
101002221
101010102
101010110
101010200
101011100
101011211
101012022
101020222
101021000
101021200
101022111
101022200
101100202
101101210
101102012
101102101
101110001
101110021
101111001
101111112
101112220
101120120
101120211
101121120
101121121
101122010
101122012
101200112
101200220
101201021
101201111
101201201
101202110
101210100
101211010
101211222
101212121
101212202
101212212
101220022
101220211
101221102
101222001
102000201
102000210
102001012
102002120
102010020
102011020
102011101
102011102
102012011
102012102
102020001
102020112
102021221
102022212
102100102
102101111
102101222
102102021
102102200
102110012
102110212
102111020
102112110
102112201
102120120
102120121
102121002
102121210
102122122
102122201
102200000
102200111
102201110
102201121
102201211
102202002
102202222
102210122
102210221
102211200
102212011
102220010
102220202
102221022
102221111
102222100
110000001
110000110
110001120
110001211
110002022
110002100
110010011
110010021
110011000
110011122
110012210
110020102
110020220
110021012
110021121
110022201
110100000
110100001
110100101
110101112
110102001
110102220
110110120
110111201
110111202
110111221
110112012
110120001
110120212
110121020
110122110
110122111
110122122
110200202
110200222
110201010
110201222
110202121
110210021
110210210
110211111
110212102
110212210
110220011
110220021
110221100
110221200
110222002
111000020
111000212
111001012
111001101
111002112
111002212
111010100
111010212
111011220
111012001
111012112
111020012
111020201
111021011
111021022
111021112
111022120
111100111
111100121
111100221
111101002
111101022
111101210
111110010
111111022
111111100
111112100
111112211
111120102
111121210
111122021
111122202
111201002
111201120
111202011
111202200
111210122
111210201
111211002
111211111
111212020
111220000
111220110
111221012
111221221
111222101
111222222
112000122
112001021
112001200
112001202
112002010
112010002
112011110
112012121
112012221
112012222
112020111
112020220
112021202
112022000
112022010
112100001
112100211
112100221
112101120
112102010
112102102
112110112
112110200
112111011
112112121
112112222
112120022
112121101
112121210
112122000
112200012
112200100
112201111
112202020
112202201
112210101
112211020
112211212
112212000
112212020
112212022
112212120
112220220
112221001
112221122
112222112
112222211
120000200
120001020
120001102
120002011
120002111
120002221
120010112
120010201
120011210
120012002
120012120
120020010
120021001
120021222
120022212
120100001
120100012
120100022
120101121
120101210
120102202
120110102
120110210
120111010
120111212
120111220
120112021
120120221
120121002
120122100
120122101
120122110
120200120
120200211
120201102
120202000
120210000
120211022
120211111
120212201
120212222
120220120
120220122
120221111
120221200
120222012
121000002
121001110
121001221
121002121
121002201
121002220
121010121
121011021
121011121
121011202
121012010
121020021
121020121
121020210
121021012
121022102
121022221
121100200
121101011
121102020
121102120
121102122
121110222
121111100
121112002
121112111
121112211
121120000
121120112
121121201
121121222
121200010
121200101
121201212
121202022
121202122
121202221
121210011
121210012
121210220
121211100
121212100
121220202
121221020
121221111
121222001
121222210
122000122
122000222
122001012
122002001
122002101
122002111
122010020
122010211
122011012
122012200
122020100
122021100
122021120
122021211
122022022
122100110
122101000
122101201
122102212
122110020
122110101
122111122
122111210
122112002
122120011
122120202
122121021
122121112
122122011
122122220
122200021
122201102
122201220
122202210
122210110
122210202
122211001
122211221
122212020
122212112
122220002
122220201
122220212
122221010
122222121
122222202
200000212
200001020
200001111
200001220
200002001
200010001
200010010
200012112
200012221
200020120
200021102
200021201
200021202
200022012
200100212
200101212
200102002
200102120
200102121
200110102
200110220
200111022
200111110
200112011
200120021
200121000
200121101
200121201
200122122
200122210
200200011
200200100
200200200
200201122
200202200
200210121
200211000
200211211
200212022
200212100
200212200
200220000
200220222
200221002
200221010
200221200
200222111
201000022
201000201
201001111
201002102
201002210
201010100
201010221
201011002
201011120
201012011
201012120
201020010
201020112
201021021
201022222
201100000
201100110
201101102
201101221
201102011
201102222
201110122
201111011
201111200
201112010
201112011
201112021
201112111
201120002
201120211
201121022
201122100
201200121
201201012
201202020
201202102
201210020
201210202
201210212
201211101
201212212
201220121
201221110
201221210
201221220
201222001
201222201
202000002
202000021
202000022
202000122
202001100
202002022
202002211
202010111
202011210
202011212
202011222
202012000
202020022
202020200
202021011
202022101
202022110
202022121
202100101
202100220
202101001
202101010
202102112
202110012
202110220
202111121
202112201
202112202
202120211
202121112
202122020
202122202
202200022
202201111
202201202
202202010
202202221
202210001
202210110
202211021
202212122
202220102
202220211
202221000
202221120
202221220
202222012
210000110
210000221
210001002
210002100
210002110
210010200
210010202
210011121
210011122
210012020
210012202
210020022
210021121
210021210
210022011
210100001
210100122
210101011
210101021
210101200
210102212
210110211
210111110
210112020
210112101
210120010
210120100
210121222
210122002
210122221
210200020
210200212
210201101
210202012
210202211
210202222
210210012
210210112
210211012
210211220
210212001
210220112
210220201
210221000
210221112
210222120
210222212
211000102
211001010
211001222
211002021
211002121
211010022
211010111
211011010
211011201
211012200
211012202
211020001
211020220
211021012
211021100
211022211
211100012
211101120
211102000
211102201
211110101
211110220
211111212
211112011
211112122
211120020
211120200
211120222
211121001
211121111
211122112
211122220
211200102
211200210
211200211
211201120
211201211
211202102
211210000
211211021
211212110
211212221
211220121
211221202
211222010
211222022
212000000
212000011
212001112
212001201
212002220
212010120
212010201
212011001
212011202
212011211
212012012
212020212
212021020
212022101
212022102
212022122
212100202
212101120
212102022
212102111
212110021
212111000
212111002
212111102
212112210
212120010
212120100
212120110
212120220
212121221
212121222
212122221
212200121
212200210
212201022
212201210
212202001
212202212
212210222
212211100
212211102
212211201
212212020
212212111
212220002
212220121
212221011
212222200
220000101
220000212
220001020
220001212
220002122
220010022
220011011
220011100
220012211
220020022
220020101
220020111
220022000
220022200
220022220
220100111
220100220
220101102
220102010
220102201
220110000
220110121
220111001
220111210
220112112
220112222
220120111
220120202
220121012
220121120
220200002
220200121
220201110
220201221
220202021
220202212
220210101
220210120
220210221
220211202
220212010
220212121
220220210
220221021
220221221
220222021
220222102
221000120
221001001
221001102
221001200
221002012
221002221
221010022
221010210
221011112
221012101
221020202
221021122
221021211
221022000
221022020
221022110
221100021
221100102
221101101
221101112
221101202
221102210
221110110
221110201
221111020
221111221
221112002
221120220
221121010
221121102
221122121
221122212
221200222
221201000
221201001
221201200
221202111
221210011
221211112
221211122
221212002
221212220
221220011
221220012
221220100
221221122
221222201
222000000
222000010
222000011
222001121
222002202
222010102
222011201
222011220
222011222
222012021
222012110
222020221
222021002
222021110
222022112
222022120
222022210
222100220
222101022
222101211
222102022
222102100
222110012
222110212
222111111
222112100
222112120
222120001
222120122
222121200
222122001
222122011
222200112
222200201
222201022
222202100
222202120
222210121
222210200
222211010
222212002
222212211
222220020
222220202
222221101
222221212
222222110
222222222