00000000000
00000001001
00000001010
00000001011
00000001100
00000010211
00000021000
00000101000
00000112011
00000120111
00000122200
00000122201
00000122210
00000202111
00000210100
00000210101
00000210110
00000221211
00001002200
00001002211
00001011101
00001011110
00001022001
00001022010
00001101201
00001101210
00001110111
00001120100
00001120101
00001120110
00001120211
00001122111
00001200001
00001200010
00001211000
00001211011
00001212201
00001212210
00001220111
00002000101
00002000110
00002000111
00002001000
00002012201
00002012210
00002020200
00002102100
00002110000
00002121001
00002121010
00002121011
00002202201
00002202210
00002211201
00002211210
00002212001
00002212010
00002212200
00002212211
00002221100
00010001000
00010012100
00010012101
00010012110
00010012111
00010020201
00010020210
00010100001
00010100010
00010100011
00010102100
00010110200
00010121211
00010201211
00010211001
00010211010
00010221111
00010221200
00010222211
00011001201
00011001210
00011010000
00011010001
00011010010
00011010011
00011101101
00011101110
00011101210
00011102201
00011102210
00011111201
00011111210
00011120111
00011121000
00011200200
00011202011
00011221211
00011222100
00011222101
00011222110
00012002100
00012011200
00012011211
00012021101
00012021110
00012022011
00012100100
00012101201
00012101210
00012102000
00012102111
00012112100
00012210111
00012212201
00012212210
00012220000
00012220001
00012220010
00012220011
00020000201
00020000210
00020012200
00020020101
00020020110
00020020210
00020021201
00020021210
00020022011
00020102211
00020111100
00020111101
00020111110
00020111111
00020120000
00020202000
00020202001
00020202010
00020210011
00020220201
00020220210
00021002101
00021002110
00021020201
00021020210
00021021100
00021021111
00021100200
00021101011
00021112000
00021112001
00021112010
00021112011
00021200100
00021200211
00021201200
00021210200
00021212111
00021221001
00021221010
00022002011
00022010100
00022011001
00022011010
00022020011
00022022000
00022022211
00022110201
00022110210
00022110211
00022121200
00022122101
00022122110
00022200200
00022201100
00022201101
00022201110
00022201111
00022222011
00100001000
00100002201
00100002210
00100010111
00100010200
00100011211
00100020211
00100101101
00100101110
00100101111
00100110001
00100110010
00100112100
00100210211
00100221100
00100222000
00100222001
00100222010
00100222011
00101000100
00101010211
00101011001
00101011010
00101011110
00101012101
00101012110
00101021101
00101021110
00101102000
00101102001
00101102010
00101102011
00101111200
00101120111
00101201211
00101211101
00101211110
00101220200
00101220201
00101220210
00102011101
00102011110
00102012000
00102012011
00102020001
00102020010
00102100200
00102100201
00102100210
00102100211
00102121100
00102122211
00102200011
00102201100
00102212201
00102212210
00102221000
00102221111
00102222100
00110000101
00110000110
00110011100
00110021001
00110021010
00110021011
00110022200
00110101200
00110112201
00110112210
00110112211
00110120000
00110200100
00110200111
00110200201
00110200210
00110202101
00110202110
00110212000
00110220101
00110220110
00111001111
00111012200
00111021200
00111022000
00111022201
00111022210
00111022211
00111100211
00111110100
00111110101
00111110110
00111111011
00111122200
00111201000
00111201001
00111201010
00111212111
00111220011
00112002001
00112002010
00112010201
00112010210
00112020100
00112020111
00112101011
00112110011
00112111000
00112111001
00112111010
00112111111
00112122101
00112122110
00112200101
00112200110
00112202200
00112202211
00112211011
00112221201
00112221210
00120002100
00120002111
00120010211
00120012001
00120012010
00120020000
00120100000
00120120011
00120120200
00120121000
00120122101
00120122110
00120200101
00120200110
00120201011
00120211200
00120211201
00120211210
00120211211
00121000000
00121000001
00121000010
00121000011
00121011101
00121011110
00121022200
00121101100
00121112111
00121120000
00121121201
00121121210
00121121211
00121202201
00121202210
00121210111
00121212011
00121212100
00121222111
00122001200
00122001201
00122001210
00122001211
00122022101
00122022110
00122102101
00122102110
00122111011
00122112200
00122120101
00122120110
00122122001
00122122010
00122122110
00122210000
00122210001
00122210010
00122212111
00122220211
00122221100
00200010001
00200010010
00200022100
00200022101
00200022110
00200022111
00200100100
00200102211
00200110010
00200110201
00200110210
00200111001
00200111010
00200120001
00200120010
00200200011
00200201200
00200201201
00200201210
00200211111
00200212000
00201000201
00201000210
00201001111
00201011200
00201020000
00201020011
00201110001
00201110010
00201111100
00201111211
00201112200
00201121200
00201202100
00201202101
00201202110
00201202111
00201221001
00201221010
00201222211
00202002001
00202002010
00202010100
00202021200
00202021201
00202021210
00202021211
00202100011
00202111200
00202112101
00202112110
00202112111
00202122000
00202200000
00202200211
00202201011
00202210011
00202220101
00202220110
00210000200
00210000211
00210002001
00210002010
00210011201
00210011210
00210110111
00210112000
00210121100
00210121101
00210121110
00210121111
00210200101
00210200110
00210210000
00210212011
00210212200
00210221211
00210222000
00211001011
00211001100
00211002111
00211011111
00211020101
00211020110
00211022200
00211100000
00211101201
00211101210
00211122001
00211122010
00211122011
00211201111
00211210200
00211210201
00211210210
00211210211
00211212000
00212000001
00212000010
00212001111
00212002010
00212002201
00212002210
00212012001
00212012010
00212021000
00212102100
00212111011
00212120200
00212120201
00212120210
00212120211
00212202001
00212202010
00212211100
00212211101
00212211110
00212222111
00220001101
00220001110
00220011000
00220011011
00220020201
00220020210
00220101211
00220102011
00220102200
00220102201
00220102210
00220110001
00220110010
00220122211
00220202211
00220212101
00220212110
00220220100
00220220111
00220221001
00220221010
00221002000
00221010100
00221012201
00221012210
00221012211
00221021001
00221021010
00221100101
00221100110
00221100111
00221111200
00221122100
00221200200
00221211001
00221211010
00221220001
00221220010
00221221000
00221221011
00221221101
00221221110
00222000100
00222010101
00222010110
00222010111
00222010200
00222012100
00222022011
00222101000
00222101001
00222101010
00222102211
00222110100
00222121111
00222200011
00222211211
00222222200
00222222201
00222222210
01000011111
01000012000
01000012001
01000012010
01000020100
01000022211
01000100200
01000100201
01000100210
01000100211
01000121101
01000121110
01000201101
01000201110
01000210011
01000211200
01000221001
01000221010
01000221110
01000222101
01000222110
01001000011
01001002101
01001002110
01001010200
01001010201
01001010210
01001010211
01001101100
01001101111
01001111001
01001111010
01001112211
01001122000
01001202000
01001220000
01001221101
01001221110
01001222011
01001222200
01002001201
01002001210
01002011011
01002011100
01002012111
01002021111
01002102000
01002102001
01002102010
01002102011
01002110101
01002110110
01002121200
01002200100
01002211111
01002220201
01002220210
01002220211
01002222000
01010000100
01010002011
01010011201
01010011210
01010020000
01010020111
01010021100
01010110101
01010110110
01010111000
01010111011
01010122001
01010122010
01010202200
01010202201
01010202210
01010202211
01010220100
01010221211
01011012211
01011020100
01011021000
01011021001
01011021010
01011021011
01011100000
01011101201
01011101210
01011110211
01011112111
01011112200
01011122211
01011200101
01011200110
01011200111
01011211100
01011212001
01011212010
01012000211
01012010101
01012010110
01012022200
01012022201
01012022210
01012102100
01012110001
01012110010
01012110110
01012111101
01012111110
01012112211
01012120101
01012120110
01012201000
01012201001
01012201010
01012201011
01012210200
01012222111
01020001200
01020001211
01020002101
01020002110
01020010011
01020020201
01020020210
01020101001
01020101010
01020112201
01020112210
01020122100
01020122111
01020200011
01020210000
01020210001
01020210010
01020210111
01020212011
01020221101
01020221110
01021001101
01021001110
01021002100
01021002111
01021002201
01021002210
01021011000
01021022101
01021022110
01021102101
01021102110
01021110100
01021120001
01021120010
01021120011
01021121200
01021200200
01021211201
01021211210
01021211211
01021222000
01022000000
01022000001
01022000010
01022011111
01022022011
01022100111
01022111200
01022120200
01022121000
01022121201
01022121210
01022121211
01022202211
01022210011
01022212100
01022212101
01022212110
01022221200
01100002011
01100010211
01100021200
01100021201
01100021210
01100102100
01100111100
01100112101
01100112110
01100112111
01100112200
01100121011
01100200000
01100200001
01100200010
01100201211
01100212100
01100220111
01101001211
01101011101
01101011110
01101020001
01101020010
01101022100
01101022111
01101100101
01101100110
01101110000
01101110011
01101122201
01101122210
01101200211
01101201011
01101201200
01101201201
01101201210
01101212001
01101212010
01101221211
01102002200
01102010001
01102010010
01102020000
01102020011
01102020101
01102020110
01102022001
01102022010
01102101000
01102111201
01102111210
01102111211
01102112100
01102120001
01102120010
01102202101
01102202110
01102202111
01102210200
01102221100
01110000011
01110002000
01110002211
01110012011
01110022101
01110022110
01110101001
01110101010
01110112100
01110120200
01110120201
01110120210
01110120211
01110202011
01110210200
01110211101
01110211110
01110211111
01110221000
01111000200
01111000201
01111000210
01111002011
01111010111
01111011000
01111112001
01111112010
01111121100
01111121101
01111121110
01111121111
01111201211
01111202100
01111210001
01111210010
01111212010
01111212201
01111212210
01111222001
01111222010
01112001100
01112001101
01112001110
01112001111
01112020001
01112020010
01112021211
01112100111
01112102201
01112102210
01112110200
01112122000
01112122011
01112210100
01112210211
01112211200
01112212001
01112212010
01112220200
01120001001
01120001010
01120010100
01120010101
01120010110
01120021111
01120100111
01120101010
01120101201
01120101210
01120102001
01120102010
01120111001
01120111010
01120120000
01120201100
01120210011
01120222200
01120222201
01120222210
01120222211
01121002101
01121002110
01121011011
01121011200
01121012000
01121020211
01121021000
01121101001
01121101010
01121102200
01121102211
01121110201
01121110210
01121211000
01121212111
01121220100
01121220101
01121220110
01121220111
01122000111
01122011000
01122012200
01122012201
01122012210
01122012211
01122100011
01122100100
01122101111
01122110111
01122121200
01122122101
01122122110
01122200201
01122200210
01122202000
01122221001
01122221010
01122221011
01200000100
01200000101
01200000110
01200000111
01200002200
01200021011
01200101011
01200110001
01200110010
01200112100
01200121000
01200121211
01200122011
01200212201
01200212210
01200212211
01200220200
01200221101
01200221110
01201001000
01201001001
01201001010
01201012011
01201022201
01201022210
01201102201
01201102210
01201111200
01201120201
01201120210
01201121011
01201122101
01201122110
01201122210
01201201211
01201210100
01201210101
01201210110
01201210111
01201222000
01202000200
01202002100
01202002211
01202011111
01202012200
01202020001
01202020010
01202101101
01202101110
01202120100
01202120111
01202122201
01202122210
01202200011
01202202200
01202211000
01202211001
01202211010
01202211011
01210001201
01210001210
01210010201
01210010210
01210011001
01210011010
01210011200
01210011211
01210020100
01210100000
01210102101
01210102110
01210102111
01210111201
01210111210
01210122200
01210201100
01210212000
01210220001
01210220010
01210220011
01211001111
01211012100
01211012101
01211012110
01211020211
01211100001
01211100010
01211100011
01211100100
01211102000
01211112211
01211120000
01211200000
01211211011
01211221200
01211221201
01211221210
01211222111
01212002001
01212002010
01212010000
01212010011
01212011201
01212011210
01212022111
01212101200
01212101211
01212110101
01212110110
01212121001
01212121010
01212200201
01212200210
01212212111
01212221111
01212222100
01212222101
01212222110
01212222211
01220011201
01220011210
01220012111
01220022000
01220022001
01220022010
01220022011
01220101100
01220110200
01220110211
01220120101
01220120110
01220121011
01220200201
01220200210
01220201000
01220201111
01220202100
01220211100
01221000211
01221010001
01221010010
01221020111
01221020200
01221021211
01221100000
01221111100
01221111101
01221111110
01221111111
01221122201
01221122210
01221201100
01221202001
01221202010
01221202011
01221212200
01221220211
01222001011
01222002200
01222020211
01222021100
01222021101
01222021110
01222100201
01222100210
01222112000
01222112001
01222112010
01222112011
01222200101
01222200110
01222200210
01222201201
01222201210
01222210201
01222210210
01222220000
01222222111
02000001000
02000002201
02000002210
02000020001
02000020010
02000020011
02000102111
02000110000
02000111200
02000111201
02000111210
02000111211
02000200111
02000202011
02000202100
02000212111
02000220200
02000221101
02000221110
02001000100
02001012011
02001021200
02001021201
02001021210
02001021211
02001100001
02001100010
02001112100
02001112101
02001112110
02001120111
02001200010
02001200201
02001200210
02001201001
02001201010
02001202111
02001210001
02001210010
02001222000
02002010000
02002011111
02002022100
02002022101
02002022110
02002022111
02002101101
02002101110
02002110011
02002110200
02002111000
02002120000
02002122211
02002200001
02002200010
02002201200
02002201211
02002212201
02002212210
02010001101
02010001110
02010001111
02010012200
02010020100
02010101200
02010112001
02010112010
02010121001
02010121010
02010122000
02010122011
02010122101
02010122110
02010200000
02010210201
02010210210
02010210211
02010211100
02010222001
02010222010
02011000211
02011002000
02011002001
02011002010
02011011100
02011022111
02011101011
02011112211
02011120200
02011120201
02011120210
02011201100
02011210100
02011211101
02011211110
02011211111
02011211200
02011220011
02012000011
02012000200
02012000201
02012000210
02012002211
02012011001
02012011010
02012020211
02012100211
02012110101
02012110110
02012121100
02012121111
02012122001
02012122010
02012202101
02012202110
02012212000
02012212011
02012221201
02012221210
02020010200
02020011001
02020011010
02020012100
02020012211
02020022200
02020100100
02020100101
02020100110
02020100111
02020120211
02020122001
02020122010
02020201201
02020201210
02020202111
02020212200
02020221000
02020221011
02021001011
02021010101
02021010110
02021010111
02021012200
02021020000
02021101000
02021101211
02021102011
02021111011
02021121101
02021121110
02021200001
02021200010
02021211100
02021222200
02021222201
02021222210
02021222211
02022000211
02022001100
02022011010
02022011201
02022011210
02022012001
02022012010
02022021001
02022021010
02022101011
02022102200
02022102201
02022102210
02022110000
02022112111
02022211001
02022211010
02022220100
02022220101
02022220110
02022220111
02100000201
02100000210
02100002101
02100002110
02100002210
02100012201
02100012210
02100021111
02100022000
02100100011
02100101200
02100120100
02100120101
02100120110
02100122211
02100202201
02100202210
02100211000
02100211001
02100211010
02100211011
02101000000
02101000111
02101001100
02101002201
02101002210
02101010100
02101110201
02101110210
02101111111
02101121000
02101121001
02101121010
02101121011
02101200100
02101212200
02101212211
02101220011
02101222101
02101222110
02102000100
02102001001
02102001010
02102001011
02102011200
02102022211
02102102211
02102112001
02102112010
02102120211
02102122111
02102122200
02102202000
02102210100
02102210101
02102210110
02102210111
02102221201
02102221210
02110001200
02110002011
02110010000
02110010001
02110010010
02110010011
02110101100
02110101211
02110102200
02110110111
02110111200
02110122001
02110122010
02110200101
02110200110
02110221201
02110221210
02110222100
02110222111
02111011201
02111011210
02111011211
02111020101
02111020110
02111022200
02111101200
02111102100
02111102101
02111102110
02111102111
02111120011
02111200011
02111211100
02111212001
02111212010
02111220000
02111220211
02111221011
02112000211
02112012100
02112012101
02112012110
02112012111
02112021000
02112100000
02112100001
02112100010
02112111011
02112121201
02112121210
02112201201
02112201210
02112210200
02112220011
02112221101
02112221110
02112221210
02112222201
02112222210
02120002201
02120002210
02120011111
02120020111
02120021100
02120021101
02120021110
02120021211
02120101001
02120101010
02120110201
02120110210
02120112000
02120112011
02120121111
02120200200
02120200211
02120212101
02120212110
02120220001
02120220010
02121000100
02121011000
02121022001
02121022010
02121022011
02121100201
02121100210
02121110001
02121110010
02121110200
02121110211
02121112201
02121112210
02121122100
02121201101
02121201110
02121201111
02121202000
02121210201
02121210210
02121221200
02122002000
02122010011
02122020200
02122020201
02122020210
02122021111
02122100111
02122111100
02122111101
02122111110
02122122211
02122201000
02122202001
02122202010
02122202011
02122202100
02122211211
02122222000
02200001211
02200011100
02200011101
02200011110
02200012011
02200020200
02200102000
02200102001
02200102010
02200110111
02200121011
02200202111
02200210200
02200220000
02200220201
02200220210
02200220211
02200222200
02201002011
02201011011
02201012000
02201012001
02201012010
02201012111
02201020101
02201020110
02201100200
02201100211
02201101101
02201101110
02201112011
02201122201
02201122210
02201200001
02201200010
02201211201
02201211210
02201221100
02201221111
02202002200
02202010201
02202010210
02202010211
02202021000
02202100101
02202100110
02202101100
02202101111
02202101201
02202101210
02202110000
02202121101
02202121110
02202201101
02202201110
02202212100
02202220200
02202222001
02202222010
02202222011
02210002100
02210010111
02210021000
02210022201
02210022210
02210022211
02210100201
02210100210
02210110011
02210110100
02210111111
02210120111
02210201000
02210201001
02210201010
02210201011
02210212101
02210212110
02210220200
02211000101
02211000110
02211010200
02211012011
02211020001
02211020010
02211020110
02211021101
02211021110
02211110111
02211111000
02211111001
02211111010
02211121211
02211122100
02211202200
02211202201
02211202210
02211202211
02211220101
02211220110
02212001000
02212020101
02212020110
02212021011
02212021200
02212022000
02212101101
02212101110
02212102011
02212112200
02212112201
02212112210
02212112211
02212200100
02212200111
02212210001
02212210010
02212211211
02212221000
02220000000
02220000001
02220000010
02220000011
02220012200
02220021111
02220102211
02220112101
02220112110
02220121200
02220121201
02220121210
02220201100
02220210101
02220210110
02220211211
02220212001
02220212010
02220212110
02220222101
02220222110
02221001200
02221001201
02221001210
02221001211
02221020211
02221022100
02221101011
02221102100
02221110201
02221110210
02221120100
02221122000
02221122111
02221210000
02221210011
02221212101
02221212110
02221221001
02221221010
02222002101
02222002110
02222002111
02222010100
02222011001
02222011010
02222111211
02222120000
02222120001
02222120010
02222120011
02222122100
02222200201
02222200210
02222202000
02222211111
02222211200
02222212211
02222221211
10000002101
10000002110
10000011200
10000011201
10000011210
10000022211
10000100101
10000100110
10000101211
10000102001
10000102010
10000102110
10000112101
10000112110
10000121100
10000202200
10000211111
10000220000
10000220001
10000220010
10000220011
10001000201
10001000210
10001010100
10001012000
10001012111
10001021011
10001022100
10001100000
10001100011
10001102101
10001102110
10001111001
10001111010
10001210211
10001212100
10001221200
10001221201
10001221210
10001221211
10002001211
10002010000
10002010001
10002010010
10002010011
10002012100
10002101111
10002101200
10002102211
10002111211
10002120201
10002120210
10002122000
10002200100
10002201001
10002201010
10002222101
10002222110
10002222111
10010000111
10010011011
10010022000
10010022001
10010022010
10010100200
10010110000
10010110201
10010110210
10010110211
10010112200
10010122111
10010201100
10010201101
10010201110
10010202011
10010210200
10010221211
10011002011
10011012201
10011012210
10011020200
10011020211
10011021101
10011021110
10011101201
10011101210
10011111100
10011111111
10011120001
10011120010
10011201011
10011202000
10011202001
10011202010
10011202111
10011210101
10011210110
10011222011
10012000000
10012011101
10012011110
10012020101
10012020110
10012021100
10012021111
10012021201
10012021210
10012102100
10012110200
10012112001
10012112010
10012112011
10012121101
10012121110
10012200201
10012200210
10012200211
10012211000
10012222200
10020000011
10020000100
10020001111
10020010111
10020020201
10020020210
10020102101
10020102110
10020110200
10020121000
10020121001
10020121010
10020121011
10020200111
10020211000
10020212201
10020212210
10020212211
10020222100
10021000111
10021001000
10021001001
10021001010
10021011211
10021012100
10021110101
10021110110
10021122200
10021122201
10021122210
10021122211
10021200200
10021202011
10021210001
10021210010
10021210110
10021211101
10021211110
10021220101
10021220110
10022002200
10022002201
10022002210
10022002211
10022021101
10022021110
10022022011
10022100001
10022100010
10022101211
10022111000
10022120100
10022120111
10022210101
10022210110
10022211011
10022211200
10022212000
10022221000
10100010211
10100012001
10100012010
10100020100
10100020101
10100020110
10100020111
10100102200
10100111000
10100111011
10100121201
10100121210
10100122111
10100200200
10100201001
10100201010
10100202100
10100202211
10100212200
10101001011
10101011101
10101011110
10101021000
10101021211
10101022011
10101101100
10101112200
10101112201
10101112210
10101112211
10101120001
10101120010
10101200101
10101200110
10101200111
10101202200
10101210000
10101221011
10102000000
10102002111
10102021011
10102022200
10102022201
10102022210
10102101001
10102101010
10102110100
10102110101
10102110110
10102110111
10102201010
10102201201
10102201210
10102202001
10102202010
10102211001
10102211010
10102220211
10102221100
10110000000
10110001200
10110001201
10110001210
10110001211
10110022111
10110102111
10110110200
10110111101
10110111110
10110120111
10110122011
10110122100
10110210001
10110210010
10110210011
10110221000
10110222201
10110222210
10111002100
10111002101
10111002110
10111010111
10111020001
10111020010
10111100001
10111100010
10111112000
10111120010
10111120201
10111120210
10111121001
10111121010
10111122111
10111202011
10111211200
10111211201
10111211210
10111211211
10111220100
10112000011
10112000200
10112001000
10112010000
10112012211
10112021101
10112021110
10112102201
10112102210
10112120001
10112120010
10112121200
10112121211
10112200000
10112201111
10112212100
10112212101
10112212110
10112212111
10120002001
10120002010
10120011001
10120011010
10120012000
10120012011
10120012101
10120012110
10120021200
10120100201
10120100210
10120100211
10120101100
10120112001
10120112010
10120120000
10120202200
10120210100
10120221101
10120221110
10120221111
10121002211
10121010200
10121010201
10121010210
10121021011
10121100100
10121101101
10121101110
10121101111
10121101200
10121110011
10121121100
10121201100
10121212111
10121220211
10121222000
10121222001
10121222010
10122000101
10122000110
10122011100
10122011111
10122012001
10122012010
10122020211
10122102000
10122102011
10122111201
10122111210
10122122101
10122122110
10122201001
10122201010
10122210211
10122220011
10122220200
10122220201
10122220210
10122222211
10200000201
10200000210
10200002000
10200002011
10200011111
10200021001
10200021010
10200102101
10200102110
10200110001
10200110010
10200120200
10200120211
10200201111
10200210111
10200211100
10200211101
10200211110
10200211211
10200222201
10200222210
10201000001
10201000010
10201000200
10201000211
10201002201
10201002210
10201012100
10201020201
10201020210
10201100201
10201100210
10201111200
10201121101
10201121110
10201121111
10201122000
10201201000
10201212001
10201212010
10201212011
10201220100
10202001100
10202001101
10202001110
10202012211
10202020111
10202101211
10202112000
10202121000
10202122001
10202122010
10202122011
10202122100
10202200011
10202210200
10202210201
10202210210
10202211111
10202222000
10210010100
10210010101
10210010110
10210012211
10210020011
10210021200
10210101000
10210101001
10210101010
10210101011
10210122201
10210122210
10210202201
10210202210
10210211111
10210212000
10210220201
10210220210
10210222101
10210222110
10210222210
10211000201
10211000210
10211001111
10211011000
10211011001
10211011010
10211011011
10211102200
10211102211
10211110011
10211112101
10211112110
10211120100
10211200100
10211220000
10211220111
10211221100
10211222201
10211222210
10212002001
10212002010
10212010211
10212012111
10212012200
10212022211
10212100100
10212100101
10212100110
10212100111
10212111201
10212111210
10212122000
10212201200
10212212211
10212220100
10212221001
10212221010
10212221011
10220000111
10220001200
10220012001
10220012010
10220021100
10220021211
10220022200
10220111201
10220111210
10220112100
10220112111
10220120101
10220120110
10220200000
10220200001
10220200010
10220200011
10220221200
10220222011
10221010011
10221021200
10221022100
10221022101
10221022110
10221022111
10221101100
10221102001
10221102010
10221110000
10221110211
10221111011
10221120011
10221201201
10221201210
10221201211
10221210101
10221210110
10221212200
10222001011
10222011201
10222011210
10222020000
10222020001
10222020010
10222100200
10222110011
10222111101
10222111110
10222111210
10222112201
10222112210
10222121201
10222121210
10222202100
10222202101
10222202110
10222202111
10222211000
10222220211
11000000001
11000000010
11000012211
11000021211
11000022011
11000022200
11000022201
11000022210
11000102101
11000102110
11000110100
11000110111
11000111001
11000111010
11000122211
11000201000
11000201011
11000210201
11000210210
11000221101
11000221110
11001001200
11001012100
11001020101
11001020110
11001020111
11001101001
11001101010
11001110001
11001110010
11001111000
11001111011
11001111101
11001111110
11001120200
11001200100
11001202201
11001202210
11001202211
11001211001
11001211010
11001222000
11002000100
11002011111
11002021000
11002021001
11002021010
11002022211
11002101211
11002112200
11002112201
11002112210
11002120011
11002200101
11002200110
11002200111
11002200200
11002202100
11002212011
11002220100
11010000010
11010000201
11010000210
11010001001
11010001010
11010010001
11010010010
11010020100
11010022211
11010101111
11010102000
11010120011
11010121200
11010121201
11010121210
11010200001
11010200010
11010212100
11010212101
11010212110
11010212111
11011000001
11011000010
11011001100
11011001211
11011002200
11011011200
11011111001
11011111010
11011112211
11011122100
11011122101
11011122110
11011122111
11011201200
11011210000
11011210011
11011220201
11011220210
11011221111
11012001200
11012002101
11012002110
11012002111
11012012000
11012020011
11012100011
11012110101
11012110110
11012120000
11012120211
11012121011
11012200100
11012211200
11012211201
11012211210
11012211211
11012222001
11012222010
11020000111
11020002000
11020011100
11020011101
11020011110
11020011111
11020100000
11020102011
11020102200
11020111211
11020112000
11020120101
11020120110
11020201201
11020201210
11020220200
11020220211
11020222001
11020222010
11021012001
11021012010
11021012011
11021020000
11021021201
11021021210
11021100200
11021100201
11021100210
11021100211
11021102000
11021121111
11021201111
11021210101
11021210110
11021212200
11021221011
11021221100
11021222111
11022001011
11022010200
11022010201
11022010210
11022010211
11022022100
11022101100
11022101101
11022101110
11022112111
11022122001
11022122010
11022202001
11022202010
11022211000
11022220001
11022220010
11022221111
11022222010
11022222201
11022222210
11100001100
11100001101
11100001110
11100001111
11100010000
11100022211
11100100011
11100110201
11100110210
11100122000
11100122001
11100122010
11100202200
11100210101
11100210110
11100210210
11100211201
11100211210
11100212011
11100220201
11100220210
11101002000
11101002001
11101002010
11101002011
11101020200
11101021011
11101100200
11101102111
11101111001
11101111010
11101120100
11101120211
11101121200
11101210201
11101210210
11101211100
11101211111
11101222101
11101222110
11102000201
11102000210
11102000211
11102011200
11102012101
11102012110
11102112011
11102120200
11102121100
11102121101
11102121110
11102121111
11102200100
11102201001
11102201010
11102210011
11102212000
11102212211
11102222011
11110002011
11110010111
11110012200
11110012201
11110012210
11110021000
11110100100
11110100101
11110100110
11110111211
11110122111
11110200211
11110211000
11110220000
11110221001
11110221010
11110221011
11110221100
11111000111
11111010100
11111010101
11111010110
11111010211
11111012111
11111021201
11111021210
11111101000
11111101011
11111102201
11111102210
11111110111
11111120001
11111120010
11111201101
11111201110
11111212001
11111212010
11111222200
11111222211
11112000000
11112011001
11112011010
11112011011
11112022100
11112101201
11112101210
11112102001
11112102010
11112102200
11112102211
11112111100
11112122201
11112122210
11112202201
11112202210
11112210200
11112220101
11112220110
11112220111
11112221000
11120000200
11120011211
11120020001
11120020010
11120020011
11120022100
11120101001
11120101010
11120111111
11120111200
11120112211
11120121211
11120202100
11120202101
11120202110
11120202111
11120210201
11120210210
11120221000
11121001201
11121001210
11121010111
11121011000
11121021101
11121021110
11121021210
11121022201
11121022210
11121111211
11121112100
11121112101
11121112110
11121120200
11121122011
11121200000
11121200001
11121200010
11121200011
11121221201
11121221210
11122002100
11122020100
11122021201
11122021210
11122022000
11122022111
11122100111
11122102201
11122102210
11122110000
11122110001
11122110010
11122110011
11122201200
11122201211
11122211101
11122211110
11122212011
11122222100
11200010011
11200010200
11200011000
11200012101
11200012110
11200020000
11200101200
11200101201
11200101210
11200101211
11200120101
11200120110
11200121011
11200200211
11200202001
11200202010
11200210000
11200222100
11200222111
11201002111
11201010000
11201011201
11201011210
11201011211
11201021100
11201100111
11201102011
11201102100
11201112111
11201122201
11201122210
11201201101
11201201110
11201212200
11201220000
11201220001
11201220010
11201220011
11202001011
11202002200
11202010101
11202010110
11202012001
11202012010
11202012110
11202022101
11202022110
11202100000
11202100001
11202100010
11202102111
11202110211
11202111100
11202212101
11202212110
11202221200
11202221201
11202221210
11202221211
11210000001
11210000010
11210002100
11210021101
11210021110
11210021111
11210100211
11210111100
11210112000
11210112001
11210112010
11210112011
11210200111
11210200200
11210201211
11210210211
11210221000
11210222201
11210222210
11211001200
11211010111
11211022000
11211022001
11211022010
11211022011
11211101101
11211101110
11211110200
11211110201
11211110210
11211121211
11211200211
11211201001
11211201010
11211201110
11211202101
11211202110
11211211101
11211211110
11211220100
11212011100
11212012211
11212020200
11212020201
11212020210
11212020211
11212102201
11212102210
11212111000
11212111111
11212112100
11212120011
11212121100
11212201101
11212201110
11212202000
11212202011
11212210001
11212210010
11220002201
11220002210
11220002211
11220010000
11220021200
11220102000
11220110101
11220110110
11220120100
11220120111
11220120201
11220120210
11220122101
11220122110
11220201100
11220211001
11220211010
11220211011
11220212200
11220220101
11220220110
11221000100
11221000101
11221000110
11221001011
11221012200
11221020211
11221102111
11221110011
11221121000
11221121001
11221121010
11221202200
11221211200
11221212000
11221212201
11221212210
11221212211
11221221111
11222000011
11222001000
11222001001
11222001010
11222001111
11222012101
11222012110
11222021011
11222101011
11222111201
11222111210
11222120101
11222120110
11222122200
11222122211
11222200201
11222200210
11222210100
11222210111
11222222001
11222222010
12000000200
12000000211
12000010101
12000010110
12000011011
12000021100
12000101100
12000120201
12000120210
12000121000
12000121111
12000122100
12000201201
12000201210
12000202111
12000212000
12000212001
12000212010
12000212011
12001001100
12001001101
12001001110
12001001111
12001012201
12001012210
12001020000
12001102200
12001110211
12001121100
12001122001
12001122010
12001122011
12001200001
12001200010
12001210111
12001210200
12001211211
12001220211
12002002000
12002002001
12002002010
12002002011
12002020201
12002020210
12002100201
12002100210
12002110000
12002112111
12002120101
12002120110
12002120210
12002121201
12002121210
12002210211
12002211100
12002211101
12002211110
12002221011
12002222200
12010000001
12010000010
12010002100
12010011000
12010011211
12010012011
12010021011
12010102201
12010102210
12010102211
12010110200
12010111101
12010111110
12010211011
12010220100
12010220101
12010220110
12010220111
12010222200
12011001200
12011010201
12011010210
12011011011
12011012101
12011012110
12011012210
12011022201
12011022210
12011100100
12011100101
12011100110
12011100111
12011112000
12011121211
12011202011
12011212201
12011212210
12011221000
12011221001
12011221010
12012010100
12012010111
12012012201
12012012210
12012021101
12012021110
12012101000
12012101001
12012101010
12012101011
12012120011
12012122200
12012201111
12012202200
12012210001
12012210010
12012220200
12012222100
12012222211
12020001201
12020001210
12020012200
12020020000
12020022101
12020022110
12020022111
12020102000
12020110001
12020110010
12020110011
12020121100
12020200201
12020200210
12020201001
12020201010
12020201200
12020201211
12020210100
12020221201
12020221210
12021002211
12021010000
12021020001
12021020010
12021020011
12021020100
12021022000
12021101011
12021111200
12021111201
12021111210
12021112111
12021120000
12021202100
12021202101
12021202110
12021210211
12021221111
12022000101
12022000110
12022011001
12022011010
12022021200
12022021211
12022102111
12022111111
12022112100
12022112101
12022112110
12022112211
12022120201
12022120210
12022200000
12022200011
12022201201
12022201210
12022212111
12022222001
12022222010
12100002201
12100002210
12100012100
12100012111
12100021001
12100021010
12100100000
12100100001
12100100010
12100100111
12100102011
12100111101
12100111110
12100120011
12100200011
12100210201
12100210210
12100221200
12100221211
12100222101
12100222110
12101000100
12101010001
12101010010
12101010011
12101011200
12101022101
12101022110
12101101201
12101101210
12101101211
12101112000
12101120200
12101201000
12101212101
12101212110
12101221101
12101221110
12101222100
12101222111
12101222201
12101222210
12102001200
12102010200
12102011000
12102011201
12102011210
12102011211
12102020111
12102100011
12102102100
12102102101
12102102110
12102111200
12102122211
12102201111
12102212011
12102220000
12102220001
12102220010
12110011101
12110011110
12110020200
12110020201
12110020210
12110020211
12110100011
12110101200
12110111001
12110111010
12110111110
12110112101
12110112110
12110121101
12110121110
12110201111
12110202000
12110202001
12110202010
12110210100
12110212211
12111001001
12111001010
12111002211
12111012000
12111021100
12111021111
12111110000
12111111101
12111111110
12111112011
12111112200
12111122000
12111200200
12111200201
12111200210
12111200211
12111220011
12111222101
12111222110
12112000101
12112000110
12112011200
12112022000
12112022001
12112022010
12112022011
12112101111
12112110201
12112110210
12112110211
12112112000
12112120100
12112201011
12112201100
12112202111
12112211111
12112221201
12112221210
12120000101
12120000110
12120001000
12120001011
12120012001
12120012010
12120110100
12120111211
12120122200
12120122201
12120122210
12120122211
12120201201
12120201210
12120210000
12120210111
12120211100
12120220100
12120222011
12121000211
12121002111
12121002200
12121012211
12121020000
12121021201
12121021210
12121101100
12121102001
12121102010
12121120101
12121120110
12121120111
12121202211
12121210100
12121211000
12121211001
12121211010
12121211011
12122000001
12122000010
12122000110
12122001101
12122001110
12122002211
12122010101
12122010110
12122022100
12122100200
12122112111
12122121000
12122121001
12122121010
12122121011
12122200101
12122200110
12122212200
12122212201
12122212210
12122220211
12200001001
12200001010
12200010000
12200020111
12200021010
12200021201
12200021210
12200022001
12200022010
12200100011
12200112200
12200112201
12200112210
12200112211
12200121100
12200200100
12200200101
12200200110
12200211111
12200221001
12200221010
12201000201
12201000210
12201021001
12201021010
12201022200
12201022211
12201101000
12201102111
12201110100
12201110101
12201110110
12201110111
12201201011
12201201200
12201202000
12201210211
12201211000
12201222101
12201222110
12202000111
12202011200
12202012101
12202012110
12202020011
12202020100
12202021111
12202111001
12202111010
12202111011
12202120201
12202120210
12202122000
12202201000
12202202200
12202202201
12202202210
12202202211
12202220111
12210001100
12210002101
12210002110
12210002111
12210002200
12210011011
12210022100
12210102100
12210110111
12210120000
12210120001
12210120010
12210121211
12210200211
12210211200
12210211201
12210211210
12210222011
12211000000
12211000011
12211012201
12211012210
12211020101
12211020110
12211102001
12211102010
12211111211
12211120211
12211121011
12211121200
12211121201
12211121210
12211201101
12211201110
12211210001
12211210010
12211212100
12211212111
12211221211
12212001201
12212001210
12212001211
12212002100
12212010001
12212010010
12212021000
12212100200
12212111100
12212122101
12212122110
12212122111
12212200001
12212200010
12212210000
12212210011
12212210101
12212210110
12212212001
12212212010
12212222200
12220002100
12220010200
12220010201
12220010210
12220010211
12220021001
12220021010
12220100200
12220101101
12220101110
12220101111
12220111000
12220122011
12220202011
12220212101
12220212110
12220220011
12220222000
12220222211
12221002001
12221002010
12221011100
12221011101
12221011110
12221011111
12221100001
12221100010
12221102010
12221102201
12221102210
12221112001
12221112010
12221121211
12221122100
12221200111
12221201000
12221220200
12221220201
12221220210
12221222011
12222000200
12222012000
12222012011
12222020111
12222022201
12222022210
12222100100
12222100211
12222101200
12222102001
12222102010
12222110200
12222210001
12222210010
12222211211
12222221100
12222221101
12222221110
12222221111
20000001000
20000012011
20000020200
20000021101
20000021110
20000021111
20000102101
20000102110
20000110011
20000112000
20000112211
20000122011
20000200200
20000200201
20000200210
20000200211
20000211001
20000211010
20000222100
20001002001
20001002010
20001011211
20001012100
20001020001
20001020010
20001022010
20001022201
20001022210
20001110200
20001110201
20001110210
20001112011
20001120111
20001121000
20001201100
20001201101
20001201110
20001201111
20001222001
20001222010
20002000200
20002020100
20002020211
20002021200
20002022001
20002022010
20002100001
20002100010
20002101211
20002111100
20002111101
20002111110
20002111111
20002202000
20002202011
20002210111
20002212201
20002212210
20002220200
20010002200
20010002201
20010002210
20010002211
20010011100
20010020011
20010101111
20010111001
20010111010
20010120100
20010120101
20010120110
20010200000
20010210111
20010211010
20010211201
20010211210
20010212001
20010212010
20010221001
20010221010
20011000100
20011000101
20011000110
20011000111
20011021000
20011022111
20011100211
20011101000
20011112101
20011112110
20011121011
20011121200
20011122000
20011211001
20011211010
20011212200
20011212211
20011220201
20011220210
20012001001
20012001010
20012001011
20012010201
20012010210
20012012000
20012110111
20012121000
20012122200
20012122201
20012122210
20012122211
20012201200
20012202101
20012202110
20012210011
20012210100
20012211111
20012220111
20020000111
20020010000
20020010001
20020010010
20020011211
20020022100
20020101200
20020101201
20020101210
20020112011
20020120211
20020201011
20020212100
20020221100
20020222101
20020222110
20020222111
20020222200
20021001211
20021010211
20021011011
20021011200
20021011201
20021011210
20021022001
20021022010
20021100001
20021100010
20021102100
20021102111
20021111211
20021121101
20021121110
20021202201
20021202210
20021210101
20021210110
20021220000
20021220011
20022001100
20022012101
20022012110
20022012111
20022020200
20022100000
20022100011
20022100101
20022100110
20022102001
20022102010
20022112200
20022120001
20022120010
20022200001
20022200010
20022211000
20022221201
20022221210
20022221211
20022222100
20100000001
20100000010
20100000011
20100011100
20100022000
20100100100
20100111201
20100111210
20100120201
20100120210
20100121001
20100121010
20100121200
20100121211
20100202200
20100210000
20100212101
20100212110
20100212111
20100221201
20100221210
20101001200
20101001201
20101001210
20101002111
20101010000
20101021011
20101100211
20101111111
20101122100
20101122101
20101122110
20101200000
20101210001
20101210010
20101210011
20101210100
20101212000
20101222211
20102001111
20102002100
20102002101
20102002110
20102002211
20102010201
20102010210
20102022111
20102102111
20102112001
20102112010
20102120000
20102120011
20102121201
20102121210
20102201001
20102201010
20102211200
20102211211
20102220101
20102220110
20110010201
20110010210
20110011000
20110011111
20110012100
20110021100
20110102000
20110102001
20110102010
20110102011
20110121201
20110121210
20110122111
20110200101
20110200110
20110201011
20110211100
20110220200
20110220211
20111000211
20111011100
20111012001
20111012010
20111012011
20111022200
20111100111
20111100200
20111101211
20111110211
20111120001
20111120010
20111202201
20111202210
20111210000
20111221100
20111221101
20111221110
20111221111
20112000000
20112002111
20112010101
20112010110
20112010210
20112011201
20112011210
20112020201
20112020210
20112100211
20112101100
20112101101
20112101110
20112111011
20112112200
20112210201
20112210210
20112222000
20112222001
20112222010
20112222011
20120000200
20120001101
20120001110
20120022201
20120022210
20120022211
20120101011
20120110100
20120110101
20120110110
20120110111
20120112200
20120201000
20120201211
20120202011
20120211011
20120220001
20120220010
20120222100
20121002000
20121011211
20121020100
20121020101
20121020110
20121020111
20121102201
20121102210
20121111000
20121111001
20121111010
20121122011
20121200201
20121200210
20121201011
20121202101
20121202110
20121202210
20121212201
20121212210
20121221200
20122010011
20122012200
20122021000
20122021001
20122021010
20122021011
20122100001
20122100010
20122110200
20122112100
20122112211
20122121111
20122122200
20122200100
20122200111
20122202201
20122202210
20122211101
20122211110
20200000100
20200001211
20200012200
20200012201
20200012210
20200012211
20200100000
20200100111
20200101100
20200110100
20200112011
20200121201
20200121210
20200202001
20200202010
20200220101
20200220110
20200221000
20200221011
20201010101
20201010110
20201010111
20201021100
20201022001
20201022010
20201100100
20201101000
20201101001
20201101010
20201101011
20201122211
20201202211
20201210000
20201211201
20201211210
20201220211
20201222111
20201222200
20202002111
20202011000
20202011001
20202011010
20202011011
20202020200
20202102200
20202102201
20202102210
20202110211
20202120101
20202120110
20202200101
20202200110
20202212100
20202220001
20202220010
20202220110
20202221101
20202221110
20202222211
20210001101
20210001110
20210010011
20210020000
20210020001
20210020010
20210020111
20210022011
20210100201
20210100210
20210111200
20210111211
20210112101
20210112110
20210120011
20210202100
20210202111
20210211001
20210211010
20210222201
20210222210
20211002000
20211010200
20211021201
20211021210
20211021211
20211102101
20211102110
20211111101
20211111110
20211112100
20211112111
20211112201
20211112210
20211121000
20211200001
20211200010
20211200011
20211201200
20211212101
20211212110
20211220100
20212001200
20212012211
20212020011
20212022100
20212022101
20212022110
20212102011
20212110000
20212110001
20212110010
20212121111
20212200200
20212201000
20212201201
20212201210
20212201211
20212210111
20212221200
20220001001
20220001010
20220001110
20220002101
20220002110
20220011101
20220011110
20220020011
20220021200
20220100100
20220102211
20220121111
20220122000
20220122001
20220122010
20220201101
20220201110
20220210200
20220210201
20220210210
20220210211
20221000000
20221001101
20221001110
20221002011
20221002200
20221012000
20221110011
20221112101
20221112110
20221120200
20221120201
20221120210
20221120211
20221202000
20221211100
20221211111
20221221001
20221221010
20221222211
20222000201
20222000210
20222000211
20222002000
20222010100
20222021111
20222101111
20222111201
20222111210
20222121011
20222121100
20222122111
20222201200
20222212000
20222212001
20222212010
20222212011
20222220101
20222220110
21000001201
21000001210
21000002100
21000002111
21000010101
21000010110
21000111200
21000112011
21000120000
21000120001
21000120010
21000120011
21000202001
21000202010
21000211100
21000211211
21000212200
21000220111
21000221200
21001000000
21001000211
21001001011
21001010011
21001021100
21001022001
21001022010
21001100101
21001100110
21001102200
21001121201
21001121210
21001121211
21001200011
21001211200
21001212100
21001212101
21001212110
21001212111
21002000011
21002001101
21002001110
21002001210
21002002201
21002002210
21002011201
21002011210
21002020200
21002101000
21002110211
21002122100
21002122101
21002122110
21002122111
21002201201
21002201210
21002210000
21002210001
21002210010
21002221011
21010000001
21010000010
21010010200
21010010211
21010022101
21010022110
21010100111
21010101100
21010101101
21010101110
21010101211
21010112201
21010112210
21010121111
21010201111
21010211001
21010211010
21010220201
21010220210
21010222000
21010222011
21011001200
21011011101
21011011110
21011011111
21011012000
21011020201
21011020210
21011102001
21011102010
21011102011
21011110100
21011121000
21011202100
21011210201
21011210210
21011220001
21011220010
21011220200
21011220211
21011222201
21011222210
21012002000
21012011000
21012012001
21012012010
21012012011
21012012100
21012021211
21012100200
21012100201
21012100210
21012101111
21012112000
21012120011
21012202211
21012210111
21012221100
21012221101
21012221110
21020012201
21020012210
21020021000
21020021001
21020021010
21020021011
21020101111
21020102000
21020110201
21020110210
21020112101
21020112110
21020112210
21020122201
21020122210
21020200100
21020200101
21020200110
21020202211
21020210011
21020211200
21021000011
21021002101
21021002110
21021010100
21021022200
21021022211
21021110000
21021110111
21021111100
21021112201
21021112210
21021120100
21021201000
21021201001
21021201010
21021201011
21021220201
21021220210
21021221111
21022001201
21022001210
21022012000
21022020100
21022020101
21022020110
21022020111
21022102211
21022110100
21022111001
21022111010
21022111011
21022121200
21022200211
21022202111
21022202200
21022212211
21022222001
21022222010
21100000200
21100011000
21100011001
21100011010
21100011011
21100022101
21100022110
21100101000
21100102201
21100102210
21100102211
21100112100
21100120111
21100200111
21100210201
21100210210
21100220011
21100220100
21100221111
21101000101
21101000110
21101012200
21101012201
21101012210
21101012211
21101100001
21101100010
21101100110
21101101101
21101101110
21101110101
21101110110
21101120200
21101122011
21101201211
21101202100
21101220111
21101221000
21101221001
21101221010
21102001000
21102010100
21102010111
21102020001
21102020010
21102021211
21102100101
21102100110
21102101011
21102101200
21102102000
21102111000
21102211101
21102211110
21102212011
21102222200
21102222201
21102222210
21102222211
21110002101
21110002110
21110011100
21110020101
21110020110
21110021211
21110022001
21110022010
21110022110
21110101111
21110110000
21110110001
21110110010
21110110011
21110122200
21110201200
21110201201
21110201210
21110212211
21110222101
21110222110
21111001001
21111001010
21111020000
21111020011
21111022101
21111022110
21111100211
21111102100
21111111200
21111111201
21111111210
21111111211
21111200100
21111202000
21111202111
21111211011
21111212100
21111220201
21111220210
21112001211
21112010201
21112010210
21112012000
21112021111
21112021200
21112022211
21112112101
21112112110
21112112111
21112120100
21112121001
21112121010
21112200000
21112200001
21112200010
21112200011
21112202100
21112221211
21120000000
21120000201
21120000210
21120000211
21120002200
21120012111
21120020200
21120100200
21120111211
21120121100
21120121101
21120121110
21120122011
21120201011
21120212000
21120212001
21120212010
21120220111
21121001100
21121001111
21121010001
21121010010
21121021201
21121021210
21121100101
21121100110
21121112011
21121121011
21121122000
21121122001
21121122010
21121122111
21121202201
21121202210
21121210200
21121210211
21121211101
21121211110
21121222011
21122000200
21122002001
21122002010
21122002011
21122011101
21122011110
21122022100
21122101000
21122112200
21122120201
21122120210
21122120211
21122201101
21122201110
21122210101
21122210110
21122211100
21122211111
21122211201
21122211210
21122220000
21200002001
21200002010
21200010000
21200020201
21200020210
21200020211
21200021100
21200100100
21200111101
21200111110
21200111111
21200122200
21200201001
21200201010
21200202000
21200202011
21200202101
21200202110
21200211200
21200222001
21200222010
21201000011
21201011100
21201020100
21201021101
21201021110
21201021111
21201021200
21201102111
21201110211
21201112000
21201112001
21201112010
21201121100
21201200200
21201200201
21201200210
21201211011
21201222211
21202001201
21202001210
21202012101
21202012110
21202022000
21202022011
21202100211
21202110011
21202110200
21202110201
21202110210
21202112211
21202121001
21202121010
21202201100
21202201111
21202202001
21202202010
21202210211
21202220101
21202220110
21210001000
21210001011
21210011201
21210011210
21210012111
21210022200
21210102200
21210120200
21210121001
21210121010
21210122100
21210122211
21210200211
21210202001
21210202010
21210210100
21210210101
21210210110
21210210111
21211002200
21211002201
21211002210
21211002211
21211010001
21211010010
21211021100
21211100000
21211111011
21211120101
21211120110
21211120111
21211122200
21211201101
21211201110
21211211000
21211211211
21211212011
21211221011
21212000100
21212000101
21212000110
21212000111
21212021001
21212021010
21212101001
21212101010
21212110211
21212111100
21212121010
21212121201
21212121210
21212122001
21212122010
21212211011
21212212200
21212212201
21212212210
21212220000
21212222111
21220000200
21220001101
21220001110
21220010111
21220012011
21220012100
21220022111
21220100001
21220100010
21220100011
21220111000
21220112201
21220112210
21220212111
21220220000
21220221200
21220221201
21220221210
21220221211
21221002000
21221010010
21221010201
21221010210
21221011001
21221011010
21221012111
21221020001
21221020010
21221101200
21221101201
21221101210
21221101211
21221110100
21221122011
21221200111
21221210001
21221210010
21221222100
21221222101
21221222110
21222010001
21222010010
21222011200
21222011211
21222022201
21222022210
21222102100
21222102101
21222102110
21222102111
21222120000
21222121111
21222200000
21222202211
21222211101
21222211110
21222220011
21222220200
21222221000
22000000101
22000000110
22000010100
22000010111
22000010201
22000010210
22000012101
22000012110
22000022000
22000101001
22000101010
22000101011
22000102200
22000110101
22000110110
22000121100
22000200000
22000211200
22000222201
22000222210
22000222211
22001000011
22001011000
22001011001
22001011010
22001022111
22001101200
22001102000
22001102201
22001102210
22001102211
22001111111
22001122200
22001202200
22001210211
22001220100
22001220101
22001220110
22001221011
22002001201
22002001210
22002010101
22002010110
22002012200
22002012211
22002021011
22002100100
22002100111
22002112001
22002112010
22002120201
22002120210
22002202101
22002202110
22002211011
22002220011
22002221000
22002221001
22002221010
22002221111
22010010101
22010010110
22010011011
22010021200
22010021201
22010021210
22010021211
22010100000
22010112100
22010112111
22010120211
22010122001
22010122010
22010200011
22010200200
22010201000
22010202101
22010202110
22010210000
22011002111
22011012201
22011012210
22011020111
22011022011
22011022100
22011102200
22011110000
22011110001
22011110010
22011110011
22011121101
22011121110
22011200000
22011201201
22011201210
22011201211
22011211100
22011222111
22012000211
22012001100
22012020000
22012020001
22012020010
22012022111
22012102101
22012102110
22012111200
22012111201
22012111210
22012111211
22012200101
22012200110
22012202001
22012202010
22012202110
22012212101
22012212110
22012221011
22012222200
22020001100
22020002000
22020002001
22020002010
22020002011
22020020211
22020100211
22020111000
22020112201
22020112210
22020120111
22020120200
22020121211
22020211101
22020211110
22020211111
22020220001
22020220010
22020222100
22021000200
22021000201
22021000210
22021011211
22021021101
22021021110
22021101101
22021101110
22021110100
22021120211
22021121001
22021121010
22021121110
22021122101
22021122110
22021200111
22021212000
22021212001
22021212010
22021212011
22021221200
22022001000
22022001111
22022002100
22022010011
22022011100
22022022201
22022022210
22022100001
22022100010
22022121101
22022121110
22022122000
22022122011
22022201100
22022202211
22022210200
22022210201
22022210210
22022210211
22100001211
22100002000
22100010101
22100010110
22100020000
22100022011
22100022200
22100110200
22100110211
22100112001
22100112010
22100121201
22100121210
22100201100
22100201101
22100201110
22100201111
22100220111
22100222000
22101011111
22101020200
22101020201
22101020210
22101020211
22101022000
22101100101
22101100110
22101102200
22101111011
22101111100
22101112111
22101121111
22101202001
22101202010
22101202011
22101210000
22101211201
22101211210
22102002111
22102012001
22102012010
22102021100
22102021101
22102021110
22102101000
22102110001
22102110010
22102111111
22102112010
22102112201
22102112210
22102122001
22102122010
22102200200
22102200201
22102200210
22102200211
22102212100
22102221011
22110000100
22110000111
22110001001
22110001010
22110012211
22110022101
22110022110
22110100201
22110100210
22110111101
22110111110
22110121000
22110121011
22110202211
22110211211
22110212011
22110212200
22110212201
22110212210
22110220001
22110220010
22111000001
22111000010
22111001000
22111001011
22111001101
22111001110
22111010200
22111021001
22111021010
22111101001
22111101010
22111112000
22111120100
22111122201
22111122210
22111122211
22111202100
22111210101
22111210110
22111210111
22111221200
22112002200
22112002201
22112002210
22112010011
22112021211
22112102011
22112110100
22112120101
22112120110
22112120111
22112120200
22112122100
22112201111
22112211000
22112211001
22112211010
22112212211
22112220100
22120010011
22120011200
22120011201
22120011210
22120021111
22120022000
22120102100
22120102101
22120102110
22120102111
22120120001
22120120010
22120200001
22120200010
22120210100
22120212211
22120220010
22120220201
22120220210
22120221001
22120221010
22121001001
22121001010
22121002211
22121012100
22121012101
22121012110
22121012111
22121100000
22121100011
22121110201
22121110210
22121111111
22121121200
22121201200
22121220001
22121220010
22121221100
22121221211
22121222200
22122000101
22122000110
22122010000
22122010211
22122011011
22122020011
22122101200
22122101201
22122101210
22122101211
22122112001
22122112010
22122120100
22122202000
22122210011
22122221200
22122222101
22122222110
22122222111
22200001111
22200001200
22200002211
22200011211
22200021001
22200021010
22200100201
22200100210
22200111000
22200122100
22200122101
22200122110
22200122111
22200201211
22200210001
22200210010
22200210011
22200212100
22200220200
22201001211
22201002100
22201002101
22201002110
22201010200
22201012011
22201111201
22201111210
22201120000
22201120001
22201120010
22201120011
22201200111
22201201000
22201211101
22201211110
22201211210
22201212201
22201212210
22201221201
22201221210
22202000000
22202000001
22202000010
22202000011
22202020111
22202022201
22202022210
22202101101
22202101110
22202102011
22202112100
22202121200
22202121211
22202210100
22202211201
22202211210
22202212000
22202212111
22202222100
22210000201
22210000210
22210012000
22210012001
22210012010
22210020011
22210100101
22210100110
22210100210
22210101201
22210101210
22210102011
22210110201
22210110210
22210122200
22210200000
22210212211
22210221100
22210221101
22210221110
22210221111
22211001001
22211001010
22211010100
22211010211
22211011200
22211020200
22211022111
22211100201
22211100210
22211101100
22211101111
22211112101
22211112110
22211210200
22211211011
22211222000
22211222001
22211222010
22211222011
22212002011
22212010200
22212011100
22212011101
22212011110
22212011111
22212100011
22212102000
22212102211
22212112011
22212120100
22212121001
22212121010
22212201200
22212202101
22212202110
22212220201
22212220210
22212220211
22220001211
22220012111
22220020100
22220020101
22220020110
22220101000
22220110000
22220111001
22220111010
22220111011
22220111100
22220120211
22220200111
22220202200
22220202201
22220202210
22220211000
22220222011
22221000111
22221010001
22221010010
22221021000
22221021011
22221022201
22221022210
22221102001
22221102010
22221112200
22221112211
22221121101
22221121110
22221200100
22221200101
22221200110
22221200211
22221202111
22221211201
22221211210
22221220111
22222001100
22222012201
22222012210
22222021201
22222021210
22222022001
22222022010
22222022200
22222022211
22222100200
22222110101
22222110110
22222110111
22222111000
22222122201
22222122210
22222201001
22222201010
22222201011
22222212100
22222220000