0000000000
0000000001
0000001020
0000001021
0000011110
0000011111
0000020100
0000020101
0000022220
0000022221
0000101220
0000101221
0000102110
0000102111
0000110210
0000110211
0000112000
0000112001
0000120020
0000120021
0000200110
0000200111
0000202100
0000202101
0000202210
0000202211
0000210220
0000210221
0000221000
0000221001
0000222110
0000222111
0001002010
0001002011
0001002210
0001002211
0001010020
0001010021
0001011110
0001011111
0001021200
0001021201
0001102010
0001102011
0001110100
0001110101
0001121200
0001121201
0001121210
0001121211
0001122120
0001122121
0001200120
0001200121
0001201100
0001201101
0001201120
0001201121
0001202110
0001202111
0001212200
0001212201
0001220010
0001220011
0002002210
0002002211
0002012100
0002012101
0002020220
0002020221
0002021010
0002021011
0002100200
0002100201
0002102010
0002102011
0002111020
0002111021
0002111120
0002111121
0002112220
0002112221
0002120110
0002120111
0002200120
0002200121
0002201100
0002201101
0002210000
0002210001
0002211210
0002211211
0002222020
0002222021
0010002200
0010002201
0010012020
0010012021
0010012120
0010012121
0010020210
0010020211
0010021210
0010021211
0010100120
0010100121
0010111100
0010111101
0010111200
0010111201
0010121100
0010121101
0010122010
0010122011
0010200200
0010200201
0010201010
0010201011
0010211010
0010211011
0010212120
0010212121
0010220020
0010220021
0011001220
0011001221
0011010200
0011010201
0011011110
0011011111
0011020120
0011020121
0011022000
0011022001
0011100210
0011100211
0011102100
0011102101
0011110010
0011110011
0011112220
0011112221
0011121020
0011121021
0011201010
0011201011
0011212020
0011212021
0011212120
0011212121
0011220100
0011220101
0011222210
0011222211
0012000010
0012000011
0012000020
0012000021
0012000100
0012000101
0012011000
0012011001
0012012220
0012012221
0012022110
0012022111
0012101110
0012101111
0012102220
0012102221
0012110220
0012110221
0012112210
0012112211
0012112220
0012112221
0012120000
0012120001
0012202000
0012202001
0012210110
0012210111
0012221120
0012221121
0012221200
0012221201
0012221220
0012221221
0020000220
0020000221
0020001100
0020001101
0020010010
0020010011
0020012210
0020012211
0020021120
0020021121
0020022000
0020022001
0020101210
0020101211
0020102020
0020102021
0020120110
0020120111
0020122200
0020122201
0020202110
0020202111
0020210100
0020210101
0020211220
0020211221
0020220020
0020220021
0020222200
0020222201
0021000110
0021000111
0021011220
0021011221
0021012000
0021012001
0021020000
0021020001
0021022020
0021022021
0021022100
0021022101
0021100000
0021100001
0021101000
0021101001
0021111000
0021111001
0021112110
0021112111
0021120220
0021120221
0021122000
0021122001
0021200000
0021200001
0021202220
0021202221
0021210210
0021210211
0021211000
0021211001
0021221110
0021221111
0022001200
0022001201
0022002120
0022002121
0022010200
0022010201
0022021010
0022021011
0022110020
0022110021
0022110120
0022110121
0022111120
0022111121
0022121010
0022121011
0022122100
0022122101
0022122200
0022122201
0022200210
0022200211
0022201020
0022201021
0022212010
0022212011
0022220210
0022220211
0022222100
0022222101
0100000120
0100000121
0100001200
0100001201
0100011000
0100011001
0100011220
0100011221
0100012200
0100012201
0100022010
0100022011
0100101010
0100101011
0100112120
0100112121
0100120200
0100120201
0100121110
0100121111
0100200000
0100200001
0100202110
0100202111
0100210010
0100210011
0100211200
0100211201
0100221120
0100221121
0100222220
0100222221
0101002100
0101002101
0101010210
0101010211
0101020110
0101020111
0101020210
0101020211
0101021020
0101021021
0101100020
0101100021
0101100220
0101100221
0101102220
0101102221
0101110100
0101110101
0101111100
0101111101
0101122000
0101122001
0101201210
0101201211
0101211020
0101211021
0101212110
0101212111
0101222000
0101222001
0102001110
0102001111
0102002020
0102002021
0102011200
0102011201
0102012020
0102012021
0102020000
0102020001
0102022120
0102022121
0102101000
0102101001
0102110010
0102110011
0102121220
0102121221
0102122210
0102122211
0102202200
0102202201
0102210220
0102210221
0102212110
0102212111
0102220100
0102220101
0102221010
0102221011
0110002000
0110002001
0110010100
0110010101
0110010110
0110010111
0110020020
0110020021
0110021210
0110021211
0110102210
0110102211
0110110110
0110110111
0110111020
0110111021
0110120200
0110120201
0110201100
0110201101
0110201220
0110201221
0110212210
0110212211
0110220020
0110220021
0110222100
0110222101
0111001000
0111001001
0111012010
0111012011
0111021100
0111021101
0111022220
0111022221
0111100020
0111100021
0111101120
0111101121
0111102020
0111102021
0111111210
0111111211
0111120200
0111120201
0111122110
0111122111
0111200110
0111200111
0111202200
0111202201
0111210000
0111210001
0111211220
0111211221
0111221010
0111221011
0112000010
0112000011
0112000210
0112000211
0112000220
0112000221
0112011120
0112011121
0112022200
0112022201
0112101200
0112101201
0112112000
0112112001
0112112100
0112112101
0112112220
0112112221
0112120120
0112120121
0112121010
0112121011
0112202120
0112202121
0112210200
0112210201
0112211010
0112211011
0112221000
0112221001
0112221110
0112221111
0112222010
0112222011
0120001010
0120001011
0120002220
0120002221
0120011200
0120011201
0120020020
0120020021
0120022110
0120022111
0120100100
0120100101
0120101120
0120101121
0120102100
0120102101
0120110220
0120110221
0120112010
0120112011
0120121000
0120121001
0120200210
0120200211
0120211110
0120211111
0120212000
0120212001
0120212020
0120212021
0120220210
0120220211
0121000200
0121000201
0121001120
0121001121
0121010120
0121010121
0121011010
0121011011
0121012120
0121012121
0121022000
0121022001
0121100120
0121100121
0121101110
0121101111
0121101220
0121101221
0121112200
0121112201
0121120010
0121120011
0121121120
0121121121
0121202010
0121202011
0121210120
0121210121
0121220120
0121220121
0121221200
0121221201
0121222120
0121222121
0122010000
0122010001
0122012210
0122012211
0122021100
0122021101
0122021220
0122021221
0122100100
0122100101
0122100110
0122100111
0122102110
0122102111
0122111210
0122111211
0122122020
0122122021
0122200020
0122200021
0122201020
0122201021
0122202200
0122202201
0122211100
0122211101
0122220210
0122220211
0200000210
0200000211
0200011200
0200011201
0200012010
0200012011
0200020020
0200020021
0200022100
0200022101
0200101100
0200101101
0200102200
0200102201
0200110020
0200110021
0200112210
0200112211
0200120010
0200120011
0200120020
0200120021
0200120120
0200120121
0200121020
0200121021
0200202020
0200202021
0200210100
0200210101
0200211120
0200211121
0200221210
0200221211
0201001000
0201001001
0201010000
0201010001
0201012220
0201012221
0201021120
0201021121
0201100110
0201100111
0201111010
0201111011
0201111220
0201111221
0201122000
0201122001
0201200200
0201200201
0201202020
0201202021
0201212110
0201212111
0201220200
0201220201
0201220220
0201220221
0201222110
0201222111
0202000100
0202000101
0202001220
0202001221
0202010110
0202010111
0202010120
0202010121
0202021010
0202021011
0202022200
0202022201
0202101210
0202101211
0202102120
0202102121
0202110200
0202110201
0202120020
0202120021
0202121100
0202121101
0202200010
0202200011
0202201220
0202201221
0202211000
0202211001
0202212000
0202212001
0202222110
0202222111
0210001110
0210001111
0210001120
0210001121
0210002110
0210002111
0210010220
0210010221
0210021000
0210021001
0210100000
0210100001
0210100010
0210100011
0210110000
0210110001
0210121220
0210121221
0210122120
0210122121
0210122220
0210122221
0210202020
0210202021
0210211010
0210211011
0210212200
0210212201
0210220110
0210220111
0211000100
0211000101
0211002110
0211002111
0211002120
0211002121
0211011020
0211011021
0211012200
0211012201
0211020010
0211020011
0211101200
0211101201
0211110120
0211110121
0211121110
0211121111
0211122000
0211122001
0211200220
0211200221
0211201010
0211201011
0211210210
0211210211
0211211100
0211211101
0211220220
0211220221
0211222000
0211222001
0212000120
0212000121
0212000200
0212000201
0212001100
0212001101
0212011210
0212011211
0212020100
0212020101
0212022020
0212022021
0212101020
0212101021
0212112010
0212112011
0212112100
0212112101
0212112110
0212112111
0212120210
0212120211
0212200100
0212200101
0212202210
0212202211
0212210020
0212210021
0212221010
0212221011
0212221120
0212221121
0212221200
0212221201
0220002220
0220002221
0220011020
0220011021
0220012100
0220012101
0220020200
0220020201
0220100010
0220100011
0220110000
0220110001
0220111110
0220111111
0220121220
0220121221
0220122120
0220122121
0220200120
0220200121
0220201000
0220201001
0220201200
0220201201
0220210210
0220210211
0220221100
0220221101
0220222010
0220222011
0221000020
0221000021
0221001210
0221001211
0221011100
0221011101
0221021210
0221021211
0221022210
0221022211
0221101120
0221101121
0221102210
0221102211
0221110210
0221110211
0221112020
0221112021
0221120100
0221120101
0221122210
0221122211
0221200210
0221200211
0221202100
0221202101
0221210010
0221210011
0221210200
0221210201
0221211210
0221211211
0221221020
0221221021
0222002000
0222002001
0222002010
0222002011
0222010110
0222010111
0222011020
0222011021
0222020110
0222020111
0222020120
0222020121
0222100220
0222100221
0222102000
0222102001
0222111200
0222111201
0222121010
0222121011
0222201110
0222201111
0222212120
0222212121
0222212220
0222212221
0222220000
0222220001
0222222220
0222222221
1000001210
1000001211
1000010120
1000010121
1000012200
1000012201
1000022020
1000022021
1000101000
1000101001
1000102220
1000102221
1000110120
1000110121
1000111010
1000111011
1000121010
1000121011
1000122100
1000122101
1000200020
1000200021
1000202110
1000202111
1000211100
1000211101
1000220200
1000220201
1000220210
1000220211
1000221220
1000221221
1001000100
1001000101
1001000200
1001000201
1001000220
1001000221
1001011000
1001011001
1001022110
1001022111
1001101110
1001101111
1001112020
1001112021
1001112100
1001112101
1001112210
1001112211
1001120000
1001120001
1001121220
1001121221
1001202000
1001202001
1001210110
1001210111
1001211220
1001211221
1001221020
1001221021
1001221200
1001221201
1001222220
1001222221
1002001120
1002001121
1002010010
1002010011
1002010210
1002010211
1002012010
1002012011
1002021100
1002021101
1002021120
1002021121
1002100020
1002100021
1002102100
1002102101
1002111200
1002111201
1002120110
1002120111
1002201010
1002201011
1002212120
1002212121
1002220200
1002220201
1002222200
1002222201
1002222210
1002222211
1010000110
1010000111
1010001000
1010001001
1010010000
1010010001
1010011220
1010011221
1010020000
1010020001
1010022210
1010022211
1010101020
1010101021
1010101100
1010101101
1010102000
1010102001
1010111000
1010111001
1010112110
1010112111
1010120220
1010120221
1010202220
1010202221
1010210000
1010210001
1010212000
1010212001
1010221110
1010221111
1010222000
1010222001
1011002020
1011002021
1011012100
1011012101
1011020120
1011020121
1011021010
1011021011
1011100010
1011100011
1011100210
1011100211
1011110010
1011110011
1011111120
1011111121
1011122200
1011122201
1011201200
1011201201
1011202110
1011202111
1011211200
1011211201
1011211210
1011211211
1011220100
1011220101
1011220120
1011220121
1012001120
1012001121
1012002200
1012002201
1012010210
1012010211
1012011110
1012011111
1012012010
1012012011
1012021100
1012021101
1012101000
1012101001
1012110100
1012110101
1012112220
1012112221
1012121210
1012121211
1012122020
1012122021
1012122120
1012122121
1012200220
1012200221
1012202110
1012202111
1012211020
1012211021
1012220010
1012220011
1020002010
1020002011
1020002100
1020002101
1020010120
1020010121
1020021200
1020021201
1020100200
1020100201
1020110200
1020110201
1020111010
1020111011
1020111020
1020111021
1020120110
1020120111
1020121020
1020121021
1020200010
1020200011
1020201120
1020201121
1020212210
1020212211
1020222120
1020222121
1021001020
1021001021
1021011110
1021011111
1021012220
1021012221
1021020210
1021020211
1021022000
1021022001
1021100120
1021100121
1021102120
1021102121
1021110200
1021110201
1021121100
1021121101
1021122010
1021122011
1021201200
1021201201
1021201210
1021201211
1021210020
1021210021
1021212100
1021212101
1021221220
1021221221
1021222010
1021222011
1022000000
1022000001
1022001110
1022001111
1022011100
1022011101
1022011210
1022011211
1022012110
1022012111
1022020020
1022020021
1022022220
1022022221
1022101220
1022101221
1022102210
1022102211
1022112000
1022112001
1022120110
1022120111
1022200100
1022200101
1022202020
1022202021
1022210220
1022210221
1022211110
1022211111
1022221000
1022221001
1100000010
1100000011
1100001100
1100001101
1100011200
1100011201
1100012110
1100012111
1100020220
1100020221
1100021000
1100021001
1100100110
1100100111
1100100210
1100100211
1100110000
1100110001
1100111220
1100111221
1100122100
1100122101
1100201020
1100201021
1100202200
1100202201
1100210120
1100210121
1100211210
1100211211
1100222010
1100222011
1101000000
1101000001
1101000010
1101000011
1101001010
1101001011
1101011120
1101011121
1101020010
1101020011
1101022200
1101022201
1101101200
1101101201
1101112010
1101112011
1101112020
1101112021
1101112210
1101112211
1101120120
1101120121
1101200010
1101200011
1101202120
1101202121
1101210200
1101210201
1101221100
1101221101
1101221110
1101221111
1101221220
1101221221
1102002020
1102002021
1102002220
1102002221
1102010100
1102010101
1102012220
1102012221
1102021210
1102021211
1102100210
1102100211
1102102100
1102102101
1102111110
1102111111
1102121020
1102121021
1102122100
1102122101
1102200110
1102200111
1102200210
1102200211
1102211000
1102211001
1102212000
1102212001
1102220020
1102220021
1110000200
1110000201
1110002120
1110002121
1110010120
1110010121
1110011010
1110011011
1110021120
1110021121
1110022120
1110022121
1110101000
1110101001
1110102120
1110102121
1110112200
1110112201
1110120010
1110120011
1110121120
1110121121
1110200120
1110200121
1110202010
1110202011
1110210110
1110210111
1110210220
1110210221
1110211120
1110211121
1110221200
1110221201
1111001110
1111001111
1111001210
1111001211
1111002210
1111002211
1111010020
1111010021
1111010220
1111010221
1111012100
1111012101
1111100100
1111100101
1111110220
1111110221
1111111000
1111111001
1111121000
1111121001
1111122110
1111122111
1111201020
1111201021
1111212100
1111212101
1111220210
1111220211
1111222020
1111222021
1112010020
1112010021
1112011200
1112011201
1112020110
1112020111
1112022000
1112022001
1112101220
1112101221
1112102010
1112102011
1112110020
1112110021
1112111110
1112111111
1112120200
1112120201
1112200000
1112200001
1112201100
1112201101
1112210120
1112210121
1112212210
1112212211
1112221010
1112221011
1112222220
1112222221
1120001220
1120001221
1120010210
1120010211
1120012000
1120012001
1120012020
1120012021
1120020100
1120020101
1120100020
1120100021
1120111100
1120111101
1120121210
1120121211
1120122210
1120122211
1120122220
1120122221
1120201110
1120201111
1120202200
1120202201
1120212020
1120212021
1120220000
1120220001
1120220100
1120220101
1121000010
1121000011
1121002110
1121002111
1121002210
1121002211
1121011200
1121011201
1121020100
1121020101
1121021020
1121021021
1121101120
1121101121
1121102000
1121102001
1121110110
1121110111
1121121210
1121121211
1121122220
1121122221
1121200220
1121200221
1121211010
1121211011
1121212100
1121212101
1121220000
1121220001
1122000120
1122000121
1122001000
1122001001
1122011110
1122011111
1122020200
1122020201
1122022010
1122022011
1122101010
1122101011
1122110200
1122110201
1122112120
1122112121
1122120000
1122120001
1122120200
1122120201
1122120220
1122120221
1122121200
1122121201
1122202200
1122202201
1122210010
1122210011
1122211220
1122211221
1122221120
1122221121
1122222110
1122222111
1200002000
1200002001
1200010200
1200010201
1200011020
1200011021
1200020110
1200020111
1200021110
1200021111
1200022210
1200022211
1200101120
1200101121
1200102010
1200102011
1200112100
1200112101
1200120020
1200120021
1200121200
1200121201
1200200100
1200200101
1200210010
1200210011
1200212220
1200212221
1200222120
1200222121
1201000010
1201000011
1201000120
1201000121
1201000220
1201000221
1201011210
1201011211
1201012100
1201012101
1201022020
1201022021
1201101020
1201101021
1201102100
1201102101
1201110100
1201110101
1201112120
1201112121
1201112200
1201112201
1201120210
1201120211
1201202210
1201202211
1201210020
1201210021
1201221000
1201221001
1201221010
1201221011
1201221100
1201221101
1202001200
1202001201
1202002110
1202002111
1202011020
1202011021
1202020000
1202020001
1202100000
1202100001
1202110220
1202110221
1202111110
1202111111
1202122010
1202122011
1202122220
1202122221
1202201200
1202201201
1202201220
1202201221
1202211110
1202211111
1202212000
1202212001
1202220120
1202220121
1210000020
1210000021
1210011100
1210011101
1210012210
1210012211
1210021210
1210021211
1210022010
1210022011
1210022200
1210022201
1210101210
1210101211
1210110210
1210110211
1210111210
1210111211
1210112020
1210112021
1210120100
1210120101
1210200210
1210200211
1210201210
1210201211
1210202100
1210202101
1210210120
1210210121
1210221020
1210221021
1210222210
1210222211
1211002000
1211002001
1211010110
1211010111
1211020200
1211020201
1211021200
1211021201
1211021220
1211021221
1211102220
1211102221
1211111000
1211111001
1211120020
1211120021
1211121110
1211121111
1211122110
1211122111
1211200000
1211200001
1211201120
1211201121
1211212010
1211212011
1211212220
1211212221
1212000100
1212000101
1212001010
1212001011
1212012120
1212012121
1212020220
1212020221
1212021220
1212021221
1212022210
1212022211
1212100110
1212100111
1212100120
1212100121
1212102200
1212102201
1212111000
1212111001
1212121000
1212121001
1212202020
1212202021
1212210200
1212210201
1212211110
1212211111
1212220010
1212220011
1212222100
1212222101
1220001220
1220001221
1220002220
1220002221
1220010120
1220010121
1220020010
1220020011
1220021010
1220021011
1220021110
1220021111
1220100200
1220100201
1220102110
1220102111
1220110120
1220110121
1220122000
1220122001
1220201000
1220201001
1220211000
1220211001
1220211200
1220211201
1220212110
1220212111
1220220220
1220220221
1221001100
1221001101
1221010000
1221010001
1221012010
1221012011
1221022120
1221022121
1221100200
1221100201
1221101010
1221101011
1221111220
1221111221
1221112100
1221112101
1221120020
1221120021
1221200110
1221200111
1221202020
1221202021
1221210210
1221210211
1221211120
1221211121
1221220110
1221220111
1221222200
1221222201
1222000210
1222000211
1222011020
1222011021
1222012200
1222012201
1222022100
1222022101
1222101100
1222101101
1222102020
1222102021
1222110010
1222110011
1222112210
1222112211
1222120200
1222120201
1222121120
1222121121
1222200020
1222200021
1222202010
1222202011
1222202120
1222202121
1222210100
1222210101
1222221210
1222221211
1222222020
1222222021
2000002120
2000002121
2000010200
2000010201
2000011110
2000011111
2000012200
2000012201
2000020010
2000020011
2000100010
2000100011
2000100100
2000100101
2000121120
2000121121
2000122210
2000122211
2000201200
2000201201
2000211020
2000211021
2000212010
2000212011
2000212020
2000212021
2000220120
2000220121
2001002120
2001002121
2001012120
2001012121
2001020020
2001020021
2001021200
2001021201
2001021210
2001021211
2001101020
2001101021
2001102200
2001102201
2001110220
2001110221
2001111100
2001111101
2001120110
2001120111
2001200210
2001200211
2001210000
2001210001
2001211010
2001211011
2001212010
2001212011
2001221220
2001221221
2001222100
2001222101
2002000110
2002000111
2002001000
2002001001
2002002000
2002002001
2002011220
2002011221
2002022000
2002022001
2002101210
2002101211
2002110000
2002110001
2002112110
2002112111
2002120220
2002120221
2002121000
2002121001
2002122000
2002122001
2002200000
2002200001
2002202220
2002202221
2002210020
2002210021
2002210100
2002210101
2002212000
2002212001
2002221110
2002221111
2010000220
2010000221
2010002010
2010002011
2010011110
2010011111
2010021020
2010021021
2010022100
2010022101
2010101000
2010101001
2010102210
2010102211
2010110020
2010110021
2010111200
2010111201
2010120110
2010120111
2010121200
2010121201
2010200100
2010200101
2010201120
2010201121
2010210210
2010210211
2010222220
2010222221
2011000000
2011000001
2011001100
2011001101
2011011020
2011011021
2011012210
2011012211
2011020110
2011020111
2011022220
2011022221
2011101220
2011101221
2011110110
2011110111
2011112000
2011112001
2011120100
2011120101
2011120110
2011120111
2011120210
2011120211
2011121110
2011121111
2011200020
2011200021
2011202110
2011202111
2011210220
2011210221
2011221000
2011221001
2012001210
2012001211
2012010120
2012010121
2012020200
2012020201
2012021020
2012021021
2012100200
2012100201
2012102020
2012102021
2012102120
2012102121
2012111010
2012111011
2012122120
2012122121
2012201210
2012201211
2012211100
2012211101
2012212100
2012212101
2012212200
2012212201
2012220010
2012220011
2012222010
2012222011
2020000020
2020000021
2020000210
2020000211
2020000220
2020000221
2020001220
2020001221
2020011000
2020011001
2020020220
2020020221
2020022110
2020022111
2020101110
2020101111
2020112100
2020112101
2020112120
2020112121
2020112220
2020112221
2020120000
2020120001
2020200220
2020200221
2020202000
2020202001
2020210110
2020210111
2020221010
2020221011
2020221100
2020221101
2020221210
2020221211
2021001010
2021001011
2021002200
2021002201
2021010010
2021010011
2021010100
2021010101
2021021120
2021021121
2021100120
2021100121
2021102200
2021102201
2021111210
2021111211
2021122010
2021122011
2021122020
2021122021
2021202110
2021202111
2021211120
2021211121
2021220200
2021220201
2021222020
2021222021
2022000220
2022000221
2022011110
2022011111
2022012020
2022012021
2022020100
2022020101
2022022210
2022022211
2022100010
2022100011
2022101100
2022101101
2022110210
2022110211
2022121220
2022121221
2022201020
2022201021
2022202110
2022202111
2022210000
2022210001
2022211200
2022211201
2022212200
2022212201
2022220120
2022220121
2100001100
2100001101
2100002210
2100002211
2100010020
2100010021
2100021000
2100021001
2100021100
2100021101
2100102000
2100102001
2100102020
2100102021
2100111210
2100111211
2100111220
2100111221
2100120200
2100120201
2100122020
2100122021
2100200220
2100200221
2100211210
2100211211
2100212100
2100212101
2100220110
2100220111
2101000010
2101000011
2101001220
2101001221
2101010110
2101010111
2101010210
2101010211
2101012000
2101012001
2101022120
2101022121
2101102110
2101102111
2101111100
2101111101
2101120200
2101120201
2101121010
2101121011
2101200100
2101200101
2101201000
2101201001
2101212220
2101212221
2101220020
2101220021
2101222210
2101222211
2102000200
2102000201
2102002120
2102002121
2102011010
2102011011
2102020120
2102020121
2102022110
2102022111
2102022220
2102022221
2102100120
2102100121
2102101120
2102101121
2102110120
2102110121
2102112200
2102112201
2102120010
2102120011
2102201120
2102201121
2102202010
2102202011
2102210000
2102210001
2102211120
2102211121
2102221200
2102221201
2102222120
2102222121
2110001020
2110001021
2110010100
2110010101
2110012220
2110012221
2110020210
2110020211
2110021210
2110021211
2110100220
2110100221
2110101110
2110101111
2110110100
2110110101
2110112010
2110112011
2110122000
2110122001
2110122020
2110122021
2110200010
2110200011
2110202200
2110202201
2110210120
2110210121
2110211000
2110211001
2110222110
2110222111
2111000120
2111000121
2111011200
2111011201
2111020000
2111020001
2111022010
2111022011
2111101010
2111101011
2111102200
2111102201
2111112120
2111112121
2111120110
2111120111
2111121220
2111121221
2111200200
2111200201
2111202000
2111202001
2111202220
2111202221
2111210010
2111210011
2111211110
2111211111
2111221120
2111221121
2111222200
2111222201
2112001020
2112001021
2112002100
2112002101
2112002110
2112002111
2112011200
2112011201
2112012110
2112012111
2112021020
2112021021
2112100000
2112100001
2112110210
2112110211
2112121100
2112121101
2112122210
2112122211
2112201210
2112201211
2112212020
2112212021
2112220100
2112220101
2112220220
2112220221
2120000000
2120000001
2120000110
2120000111
2120011120
2120011121
2120012010
2120012011
2120022200
2120022201
2120101200
2120101201
2120102010
2120102011
2120110010
2120110011
2120112020
2120112021
2120112110
2120112111
2120120120
2120120121
2120202120
2120202121
2120210200
2120210201
2120221010
2120221011
2120221020
2120221021
2120221220
2120221221
2121002020
2121002021
2121011200
2121011201
2121020220
2121020221
2121021110
2121021111
2121100210
2121100211
2121110000
2121110001
2121110020
2121110021
2121111020
2121111021
2121122100
2121122101
2121200100
2121200101
2121201000
2121201001
2121201100
2121201101
2121202200
2121202201
2121212210
2121212211
2121212220
2121212221
2121222210
2121222211
2122001210
2122001211
2122002100
2122002101
2122010220
2122010221
2122012100
2122012101
2122020010
2122020011
2122022120
2122022121
2122102220
2122102221
2122111000
2122111001
2122111020
2122111021
2122112010
2122112011
2122120200
2122120201
2122121110
2122121111
2122200020
2122200021
2122201210
2122201211
2122210110
2122210111
2122222000
2122222001
2200001010
2200001011
2200002120
2200002121
2200010200
2200010201
2200012120
2200012121
2200021220
2200021221
2200100220
2200100221
2200110110
2200110111
2200111000
2200111001
2200122110
2200122111
2200200220
2200200221
2200201010
2200201011
2200201110
2200201111
2200220000
2200220001
2200222000
2200222001
2200222200
2200222201
2201001110
2201001111
2201002200
2201002201
2201011020
2201011021
2201020100
2201020101
2201022010
2201022011
2201100000
2201100001
2201101210
2201101211
2201110010
2201110011
2201112100
2201112101
2201121120
2201121121
2201122220
2201122221
2201201110
2201201111
2201202020
2201202021
2201210120
2201210121
2201211200
2201211201
2202000020
2202000021
2202001210
2202001211
2202011100
2202011101
2202012210
2202012211
2202020210
2202020211
2202022120
2202022121
2202101010
2202101011
2202101200
2202101201
2202102210
2202102211
2202112020
2202112021
2202120100
2202120101
2202121210
2202121211
2202202100
2202202101
2202210210
2202210211
2202212210
2202212211
2202220210
2202220211
2202221020
2202221021
2210001200
2210001201
2210010010
2210010011
2210011020
2210011021
2210012000
2210012001
2210020120
2210020121
2210022210
2210022211
2210100220
2210100221
2210102100
2210102101
2210111120
2210111121
2210121010
2210121011
2210202020
2210202021
2210211220
2210211221
2210212110
2210212111
2210220000
2210220001
2210220200
2210220201
2210221100
2210221101
2211000210
2211000211
2211001020
2211001021
2211011010
2211011011
2211011120
2211011121
2211012020
2211012021
2211022100
2211022101
2211101100
2211101101
2211102010
2211102011
2211110200
2211110201
2211112210
2211112211
2211120020
2211120021
2211202200
2211202201
2211210100
2211210101
2211211020
2211211021
2211221210
2211221211
2211222120
2211222121
2212002220
2212002221
2212010000
2212010001
2212010010
2212010011
2212012000
2212012001
2212021110
2212021111
2212100110
2212100111
2212111120
2212111121
2212111220
2212111221
2212120020
2212120021
2212122200
2212122201
2212200110
2212200111
2212200120
2212200121
2212201000
2212201001
2212211220
2212211221
2212222010
2212222011
2220000000
2220000001
2220000100
2220000101
2220000110
2220000111
2220011210
2220011211
2220022020
2220022021
2220101020
2220101021
2220112010
2220112011
2220112200
2220112201
2220112220
2220112221
2220120210
2220120211
2220121100
2220121101
2220202210
2220202211
2220210020
2220210021
2220211100
2220211101
2220221120
2220221121
2220221200
2220221201
2220222100
2220222101
2221002200
2221002201
2221010220
2221010221
2221012110
2221012111
2221020220
2221020221
2221021000
2221021001
2221100120
2221100121
2221102120
2221102121
2221111110
2221111111
2221121000
2221121001
2221121200
2221121201
2221200010
2221200011
2221201220
2221201221
2221212000
2221212001
2221220010
2221220011
2221220110
2221220111
2222001120
2222001121
2222002010
2222002011
2222010220
2222010221
2222021000
2222021001
2222021200
2222021201
2222101210
2222101211
2222102000
2222102001
2222110100
2222110101
2222120020
2222120021
2222122110
2222122111
2222200200
2222200201
2222202020
2222202021
2222211010
2222211011
2222212120
2222212121
2222221100
2222221101
2222222220
2222222221