00000000
00000121
00000212
00001022
00001110
00001201
00002011
00002102
00002220
00010002
00010120
00010211
00011021
00011112
00011200
00012010
00012101
00012222
00020001
00020122
00020210
00021020
00021111
00021202
00022012
00022100
00022221
00100020
00100111
00100202
00101012
00101100
00101221
00102001
00102122
00102210
00110022
00110110
00110201
00111011
00111102
00111220
00112000
00112121
00112212
00120021
00120112
00120200
00121010
00121101
00121222
00122002
00122120
00122211
00200010
00200101
00200222
00201002
00201120
00201211
00202021
00202112
00202200
00210012
00210100
00210221
00211001
00211122
00211210
00212020
00212111
00212202
00220011
00220102
00220220
00221000
00221121
00221212
00222022
00222110
00222201
01000012
01000100
01000221
01001001
01001122
01001210
01002020
01002111
01002202
01010011
01010102
01010220
01011000
01011121
01011212
01012022
01012110
01012201
01020010
01020101
01020222
01021002
01021120
01021211
01022021
01022112
01022200
01100002
01100120
01100211
01101021
01101112
01101200
01102010
01102101
01102222
01110001
01110122
01110210
01111020
01111111
01111202
01112012
01112100
01112221
01120000
01120121
01120212
01121022
01121110
01121201
01122011
01122102
01122220
01200022
01200110
01200201
01201011
01201102
01201220
01202000
01202121
01202212
01210021
01210112
01210200
01211010
01211101
01211222
01212002
01212120
01212211
01220020
01220111
01220202
01221012
01221100
01221221
01222001
01222122
01222210
02000021
02000112
02000200
02001010
02001101
02001222
02002002
02002120
02002211
02010020
02010111
02010202
02011012
02011100
02011221
02012001
02012122
02012210
02020022
02020110
02020201
02021011
02021102
02021220
02022000
02022121
02022212
02100011
02100102
02100220
02101000
02101121
02101212
02102022
02102110
02102201
02110010
02110101
02110222
02111002
02111120
02111211
02112021
02112112
02112200
02120012
02120100
02120221
02121001
02121122
02121210
02122020
02122111
02122202
02200001
02200122
02200210
02201020
02201111
02201202
02202012
02202100
02202221
02210000
02210121
02210212
02211022
02211110
02211201
02212011
02212102
02212220
02220002
02220120
02220211
02221021
02221112
02221200
02222010
02222101
02222222
10000011
10000102
10000220
10001000
10001121
10001212
10002022
10002110
10002201
10010010
10010101
10010222
10011002
10011120
10011211
10012021
10012112
10012200
10020012
10020100
10020221
10021001
10021122
10021210
10022020
10022111
10022202
10100001
10100122
10100210
10101020
10101111
10101202
10102012
10102100
10102221
10110000
10110121
10110212
10111022
10111110
10111201
10112011
10112102
10112220
10120002
10120120
10120211
10121021
10121112
10121200
10122010
10122101
10122222
10200021
10200112
10200200
10201010
10201101
10201222
10202002
10202120
10202211
10210020
10210111
10210202
10211012
10211100
10211221
10212001
10212122
10212210
10220022
10220110
10220201
10221011
10221102
10221220
10222000
10222121
10222212
11000020
11000111
11000202
11001012
11001100
11001221
11002001
11002122
11002210
11010022
11010110
11010201
11011011
11011102
11011220
11012000
11012121
11012212
11020021
11020112
11020200
11021010
11021101
11021222
11022002
11022120
11022211
11100010
11100101
11100222
11101002
11101120
11101211
11102021
11102112
11102200
11110012
11110100
11110221
11111001
11111122
11111210
11112020
11112111
11112202
11120011
11120102
11120220
11121000
11121121
11121212
11122022
11122110
11122201
11200000
11200121
11200212
11201022
11201110
11201201
11202011
11202102
11202220
11210002
11210120
11210211
11211021
11211112
11211200
11212010
11212101
11212222
11220001
11220122
11220210
11221020
11221111
11221202
11222012
11222100
11222221
12000002
12000120
12000211
12001021
12001112
12001200
12002010
12002101
12002222
12010001
12010122
12010210
12011020
12011111
12011202
12012012
12012100
12012221
12020000
12020121
12020212
12021022
12021110
12021201
12022011
12022102
12022220
12100022
12100110
12100201
12101011
12101102
12101220
12102000
12102121
12102212
12110021
12110112
12110200
12111010
12111101
12111222
12112002
12112120
12112211
12120020
12120111
12120202
12121012
12121100
12121221
12122001
12122122
12122210
12200012
12200100
12200221
12201001
12201122
12201210
12202020
12202111
12202202
12210011
12210102
12210220
12211000
12211121
12211212
12212022
12212110
12212201
12220010
12220101
12220222
12221002
12221120
12221211
12222021
12222112
12222200
20000022
20000110
20000201
20001011
20001102
20001220
20002000
20002121
20002212
20010021
20010112
20010200
20011010
20011101
20011222
20012002
20012120
20012211
20020020
20020111
20020202
20021012
20021100
20021221
20022001
20022122
20022210
20100012
20100100
20100221
20101001
20101122
20101210
20102020
20102111
20102202
20110011
20110102
20110220
20111000
20111121
20111212
20112022
20112110
20112201
20120010
20120101
20120222
20121002
20121120
20121211
20122021
20122112
20122200
20200002
20200120
20200211
20201021
20201112
20201200
20202010
20202101
20202222
20210001
20210122
20210210
20211020
20211111
20211202
20212012
20212100
20212221
20220000
20220121
20220212
20221022
20221110
20221201
20222011
20222102
20222220
21000001
21000122
21000210
21001020
21001111
21001202
21002012
21002100
21002221
21010000
21010121
21010212
21011022
21011110
21011201
21012011
21012102
21012220
21020002
21020120
21020211
21021021
21021112
21021200
21022010
21022101
21022222
21100021
21100112
21100200
21101010
21101101
21101222
21102002
21102120
21102211
21110020
21110111
21110202
21111012
21111100
21111221
21112001
21112122
21112210
21120022
21120110
21120201
21121011
21121102
21121220
21122000
21122121
21122212
21200011
21200102
21200220
21201000
21201121
21201212
21202022
21202110
21202201
21210010
21210101
21210222
21211002
21211120
21211211
21212021
21212112
21212200
21220012
21220100
21220221
21221001
21221122
21221210
21222020
21222111
21222202
22000010
22000101
22000222
22001002
22001120
22001211
22002021
22002112
22002200
22010012
22010100
22010221
22011001
22011122
22011210
22012020
22012111
22012202
22020011
22020102
22020220
22021000
22021121
22021212
22022022
22022110
22022201
22100000
22100121
22100212
22101022
22101110
22101201
22102011
22102102
22102220
22110002
22110120
22110211
22111021
22111112
22111200
22112010
22112101
22112222
22120001
22120122
22120210
22121020
22121111
22121202
22122012
22122100
22122221
22200020
22200111
22200202
22201012
22201100
22201221
22202001
22202122
22202210
22210022
22210110
22210201
22211011
22211102
22211220
22212000
22212121
22212212
22220021
22220112
22220200
22221010
22221101
22221222
22222002
22222120
22222211
