00000020
00000021
00000022
00000100
00000101
00000102
00000210
00000211
00000212
00001000
00001001
00001002
00001110
00001111
00001112
00001220
00001221
00001222
00002010
00002011
00002012
00002120
00002121
00002122
00002200
00002201
00002202
00110011
00110122
00110200
00111020
00111101
00111212
00112002
00112110
00112221
00120012
00120120
00120201
00121021
00121102
00121210
00122000
00122111
00122222
00210012
00210120
00210201
00211021
00211102
00211210
00212000
00212111
00212222
00220011
00220122
00220200
00221020
00221101
00221212
00222002
00222110
00222221
01010000
01010111
01010222
01011012
01011120
01011201
01012021
01012102
01012210
01020001
01020112
01020220
01021010
01021121
01021202
01022022
01022100
01022211
01100002
01100110
01100221
01101011
01101122
01101200
01102020
01102101
01102212
01120010
01120121
01120202
01121022
01121100
01121211
01122001
01122112
01122220
01200010
01200121
01200202
01201022
01201100
01201211
01202001
01202112
01202220
01210001
01210112
01210220
01211010
01211121
01211202
01212022
01212100
01212211
01220012
01220120
01220201
01221021
01221102
01221210
01222000
01222111
01222222
02010001
02010112
02010220
02011010
02011121
02011202
02012022
02012100
02012211
02020000
02020111
02020222
02021012
02021120
02021201
02022021
02022102
02022210
02100010
02100121
02100202
02101022
02101100
02101211
02102001
02102112
02102220
02110012
02110120
02110201
02111021
02111102
02111210
02112000
02112111
02112222
02120001
02120112
02120220
02121010
02121121
02121202
02122022
02122100
02122211
02200002
02200110
02200221
02201011
02201122
02201200
02202020
02202101
02202212
02210010
02210121
02210202
02211022
02211100
02211211
02212001
02212112
02212220
10010002
10010110
10010221
10011011
10011122
10011200
10012020
10012101
10012212
10020010
10020121
10020202
10021022
10021100
10021211
10022001
10022112
10022220
10100000
10100111
10100222
10101012
10101120
10101201
10102021
10102102
10102210
10120001
10120112
10120220
10121010
10121121
10121202
10122022
10122100
10122211
10200001
10200112
10200220
10201010
10201121
10201202
10202022
10202100
10202211
10210010
10210121
10210202
10211022
10211100
10211211
10212001
10212112
10212220
10220012
10220120
10220201
10221021
10221102
10221210
10222000
10222111
10222222
11000011
11000122
11000200
11001020
11001101
11001212
11002002
11002110
11002221
11020012
11020120
11020201
11021021
11021102
11021210
11022000
11022111
11022222
11110020
11110021
11110022
11110100
11110101
11110102
11110210
11110211
11110212
11111000
11111001
11111002
11111110
11111111
11111112
11111220
11111221
11111222
11112010
11112011
11112012
11112120
11112121
11112122
11112200
11112201
11112202
11200012
11200120
11200201
11201021
11201102
11201210
11202000
11202111
11202222
11220011
11220122
11220200
11221020
11221101
11221212
11222002
11222110
11222221
12000012
12000120
12000201
12001021
12001102
12001210
12002000
12002111
12002222
12010010
12010121
12010202
12011022
12011100
12011211
12012001
12012112
12012220
12020001
12020112
12020220
12021010
12021121
12021202
12022022
12022100
12022211
12100001
12100112
12100220
12101010
12101121
12101202
12102022
12102100
12102211
12120000
12120111
12120222
12121012
12121120
12121201
12122021
12122102
12122210
12200010
12200121
12200202
12201022
12201100
12201211
12202001
12202112
12202220
12210002
12210110
12210221
12211011
12211122
12211200
12212020
12212101
12212212
20010010
20010121
20010202
20011022
20011100
20011211
20012001
20012112
20012220
20020002
20020110
20020221
20021011
20021122
20021200
20022020
20022101
20022212
20100001
20100112
20100220
20101010
20101121
20101202
20102022
20102100
20102211
20110012
20110120
20110201
20111021
20111102
20111210
20112000
20112111
20112222
20120010
20120121
20120202
20121022
20121100
20121211
20122001
20122112
20122220
20200000
20200111
20200222
20201012
20201120
20201201
20202021
20202102
20202210
20210001
20210112
20210220
20211010
20211121
20211202
20212022
20212100
20212211
21000012
21000120
21000201
21001021
21001102
21001210
21002000
21002111
21002222
21010001
21010112
21010220
21011010
21011121
21011202
21012022
21012100
21012211
21020010
21020121
21020202
21021022
21021100
21021211
21022001
21022112
21022220
21100010
21100121
21100202
21101022
21101100
21101211
21102001
21102112
21102220
21120002
21120110
21120221
21121011
21121122
21121200
21122020
21122101
21122212
21200001
21200112
21200220
21201010
21201121
21201202
21202022
21202100
21202211
21210000
21210111
21210222
21211012
21211120
21211201
21212021
21212102
21212210
22000011
22000122
22000200
22001020
22001101
22001212
22002002
22002110
22002221
22010012
22010120
22010201
22011021
22011102
22011210
22012000
22012111
22012222
22100012
22100120
22100201
22101021
22101102
22101210
22102000
22102111
22102222
22110011
22110122
22110200
22111020
22111101
22111212
22112002
22112110
22112221
22220020
22220021
22220022
22220100
22220101
22220102
22220210
22220211
22220212
22221000
22221001
22221002
22221110
22221111
22221112
22221220
22221221
22221222
22222010
22222011
22222012
22222120
22222121
22222122
22222200
22222201
22222202
